,root:Engineered:Wastewater,root:Environmental:Aquatic,root:Environmental:Terrestrial,root:Host-associated:Human,root:Host-associated:Insecta,root:Host-associated:Mammals,root:Host-associated:Plants,Unknown
SRR5568770,0.0018980558,0.98295534,0.003079863,0.0033205585,0.0017705733,0.0011426249,0.0058330595,0.0
SRR6408666,0.000233856,0.0012578311,0.0016848518,0.99296135,0.00073898735,0.001973528,0.0011495292,0.0
SRR8608707,0.0050000935,0.0036334568,0.009096714,0.0050869165,0.00084149075,0.00088847405,0.97545284,0.0
SRR6931650,0.00023255167,0.001263269,0.0016919338,0.9929709,0.0007338555,0.0019706509,0.0011368499,0.0
ERR444146,0.00023498661,0.0012546203,0.0016822662,0.9929241,0.00074844726,0.0019981894,0.0011574132,0.0
ERR2511559,0.0002498211,0.0011980409,0.0016478379,0.9926965,0.0008203352,0.0021049809,0.0012824448,0.0
SRR5181216,0.0018980558,0.98295534,0.003079863,0.0033205585,0.0017705733,0.0011426249,0.0058330595,0.0
ERR2709722,0.0050000935,0.0036334568,0.009096714,0.0050869165,0.00084149075,0.00088847405,0.97545284,0.0
ERR923792,0.0050000935,0.0036334568,0.009096714,0.0050869165,0.00084149075,0.00088847405,0.97545284,0.0
ERR1103069,0.0018980555,0.9829552,0.0030798921,0.003320558,0.0017706321,0.0011426248,0.005833,0.0
ERR500108,0.00023246263,0.0012641029,0.0016921137,0.9929739,0.00073311245,0.001968362,0.0011358989,0.0
SRR5181132,0.0018980558,0.98295534,0.003079863,0.0033205585,0.0017705733,0.0011426249,0.0058330595,0.0
ERR2001889,0.00023246257,0.0012636861,0.0016922323,0.99297166,0.00073349895,0.0019701761,0.0011362854,0.0
SRR924163,0.0018980558,0.98295534,0.003079863,0.0033205585,0.0017705733,0.0011426249,0.0058330595,0.0
SRR3271851,0.0018980558,0.98295534,0.003079863,0.0033205585,0.0017705733,0.0011426249,0.0058330595,0.0
ERR531533,0.00024032516,0.0012289896,0.0016691594,0.99285066,0.0007720446,0.002033365,0.0012054626,0.0
DRR043956,0.00023456884,0.001254167,0.0016869861,0.99294186,0.00074291043,0.0019849415,0.0011546105,0.0
SRR5908701,0.0018980558,0.98295534,0.003079863,0.0033205585,0.0017705733,0.0011426249,0.0058330595,0.0
ERR1690417,0.0050000935,0.0036334568,0.009096714,0.0050869165,0.00084149075,0.00088847405,0.97545284,0.0
ERR3256925,0.0018980558,0.98295534,0.003079863,0.0033205585,0.0017705733,0.0011426249,0.0058330595,0.0
SRR6670726,0.007696836,0.0036548907,0.00072715885,0.009294816,0.0012554452,0.97234344,0.0050273454,0.0
SRR4341471,0.0018980558,0.98295534,0.003079863,0.0033205585,0.0017705733,0.0011426249,0.0058330595,0.0
SRR618719,0.007879335,0.007841948,0.9407302,0.006737949,0.009433328,6.168039e-05,0.027315583,0.0
ERR990523,0.0075500743,0.003704113,0.0007235067,0.0095617,0.0012649797,0.9720087,0.0051869177,0.0
ERR443877,0.00023350025,0.0012591761,0.001685842,0.99296135,0.00073851517,0.0019746982,0.0011469473,0.0
SRR2163506,0.00023344217,0.0012585294,0.0016919501,0.9929508,0.00073857914,0.0019826521,0.0011440094,0.0
SRR1461256,0.00023272951,0.0012626111,0.0016908584,0.9929692,0.0007346566,0.00197127,0.001138691,0.0
ERR1383496,0.00024229703,0.0012277553,0.001680166,0.99277425,0.00078771816,0.0020842422,0.0012035434,0.0
SRR822903,0.00023450829,0.0012540424,0.0016824572,0.99295014,0.0007425501,0.0019796677,0.0011565982,0.0
SRR2135687,0.0018980553,0.98295516,0.0030798917,0.0033204986,0.0017705729,0.001142772,0.005832999,0.0
ERR840853,0.001642406,0.0026491582,0.0011685491,0.5137277,0.012425005,0.40386152,0.0021461844,0.06237948
ERR1310917,0.00023430055,0.0012562757,0.0016810031,0.99296284,0.000740291,0.001971343,0.0011539831,0.0
SRR5210822,0.007696748,0.0036548614,0.00072715885,0.009295021,0.0012554452,0.97234356,0.0050272867,0.0
ERR1315005,0.00023284793,0.0012623403,0.0016894861,0.9929716,0.0007347143,0.0019690641,0.0011399376,0.0
SRR5868637,0.0026493073,0.009897888,0.003905952,0.0058276057,0.0027700365,0.106529236,0.75991505,0.10850489
ERR500147,0.00023447805,0.0012555566,0.0016786463,0.9929655,0.0007408828,0.001968509,0.0011564768,0.0
ERR441294,0.00024043264,0.0012265812,0.0016447805,0.9928959,0.0007691227,0.0019998082,0.001223369,0.0
ERR1512277,0.0077266633,0.0036568344,0.0007249658,0.009745751,0.0012978697,0.97153777,0.005310159,0.0
SRR2098418,0.0018980558,0.98295534,0.003079863,0.0033205585,0.0017705733,0.0011426249,0.0058330595,0.0
SRR3647800,0.00023765065,0.0012400367,0.0016650715,0.9929158,0.00075753743,0.0019947188,0.0011891455,0.0
SRR3095062,0.00024239274,0.0012203805,0.0016418465,0.9928673,0.00077872013,0.0020117408,0.0012376603,0.0
SRR5181174,0.0018980558,0.98295534,0.003079863,0.0033205585,0.0017705733,0.0011426249,0.0058330595,0.0
ERR2200217,0.80757284,0.01473997,0.04691018,0.0077587864,0.00069212914,0.0515974,0.07072866,0.0
SRR5210771,0.0077090245,0.0036506536,0.0007314019,0.009266289,0.0012608196,0.97234493,0.0050368933,0.0
ERR1681525,0.0002325222,0.0012641033,0.0016920846,0.9929742,0.00073308294,0.0019682436,0.0011357209,0.0
ERR501231,0.00023243293,0.0012641032,0.0016921142,0.99297416,0.0007331126,0.0019682434,0.0011358099,0.0
SRR8611262,0.0050000935,0.0036334568,0.009096714,0.0050869165,0.00084149075,0.00088847405,0.97545284,0.0
ERR441442,0.0002324627,0.0012641033,0.0016920846,0.9929742,0.0007330532,0.0019682436,0.0011357804,0.0
ERR1897527,0.0018980558,0.98295534,0.003079863,0.0033204993,0.0017705733,0.0011426249,0.0058330595,0.0
DRR041995,0.00023952081,0.0012327901,0.0016675442,0.9928815,0.000765497,0.0020110467,0.0012020953,0.0
SRR6287333,0.0018980558,0.98295534,0.003079863,0.0033205585,0.0017705733,0.0011426249,0.0058330595,0.0
SRR8356310,0.0002930134,0.0011476061,0.0017957331,0.9918029,0.0010264689,0.0025275827,0.0014067141,0.0
SRR1793511,0.007879335,0.007841948,0.9407302,0.006737949,0.009433328,6.168039e-05,0.027315583,0.0
ERR2013545,0.0025429153,0.037591342,0.078646705,0.035610422,0.8053833,0.0066043963,0.03362083,0.0
ERR2026394,0.0050000935,0.0036334568,0.009096714,0.0050869165,0.00084149075,0.00088847405,0.97545284,0.0
SRR7448569,0.00023246267,0.0012640437,0.0016919952,0.99297416,0.00073314237,0.0019682434,0.0011358992,0.0
ERR2216464,0.007697258,0.00365869,0.00072674715,0.009293126,0.0012567603,0.9723354,0.00503205,0.0
SRR632450,0.0018980558,0.98295534,0.003079863,0.0033205585,0.0017705733,0.0011426249,0.0058330595,0.0
SRR2145561,0.00023450749,0.0012549899,0.0016784953,0.9929629,0.0007413875,0.0019702616,0.0011574866,0.0
SRR4414260,0.007879335,0.007841948,0.9407302,0.006737949,0.009433328,6.168039e-05,0.027315583,0.0
SRR2154895,0.00023216574,0.0012630947,0.0016958957,0.99295694,0.0007344231,0.0019825557,0.0011350391,0.0
SRR7448733,0.00023249234,0.001263954,0.0016918755,0.99297404,0.00073323137,0.0019683023,0.001136107,0.0
SRR1980904,0.0018980558,0.98295534,0.003079863,0.0033205585,0.0017705733,0.0011426249,0.0058330595,0.0
DRR047702,0.0002396997,0.0012334168,0.0016707892,0.99287635,0.00076558755,0.0020125674,0.0012016215,0.0
ERR1690500,0.0050000935,0.0036334568,0.009096714,0.0050869165,0.00084149075,0.00088847405,0.97545284,0.0
ERR2814658,0.79266757,0.038534366,0.04419345,0.0049644387,0.000787318,0.04252037,0.076332524,0.0
ERR1726033,0.79810625,0.031125735,0.044158056,0.0055111516,0.0007486297,0.044227563,0.07612277,0.0
SRR6038455,0.00024536718,0.0012199945,0.0017015078,0.99269426,0.00080222485,0.0021328414,0.0012037834,0.0
ERR1311264,0.0002437089,0.0012169979,0.0016640553,0.9927939,0.00078864844,0.0020610562,0.0012315717,0.0
DRR043987,0.00023599237,0.0012475412,0.001681453,0.9929231,0.0007496193,0.0019941265,0.0011681532,0.0
SRR1461299,0.00026266288,0.0011674567,0.001647345,0.9925016,0.0008719052,0.0021714517,0.0013774561,0.0
SRR5915404,0.0018980558,0.98295534,0.003079863,0.0033205585,0.0017705733,0.0011426249,0.0058330595,0.0
SRR6457143,0.0018980558,0.98295534,0.003079863,0.0033205585,0.0017705733,0.0011426249,0.0058330595,0.0
ERR1913015,0.00023868571,0.0012370314,0.001651943,0.9929366,0.00075864873,0.0019753955,0.0012017267,0.0
ERR525788,0.0002634382,0.0011793299,0.0017444862,0.99236363,0.00088079437,0.0022847175,0.0012836106,0.0
ERR1760052,0.0002323735,0.001264163,0.0016921443,0.9929743,0.0007330533,0.0019682439,0.0011356913,0.0
SRR7584168,0.007748041,0.0036660063,0.0007211825,0.009479424,0.0012925701,0.9719906,0.0051022507,0.0
SRR5082885,0.0076981666,0.0036554101,0.00072704017,0.0092942985,0.0012559111,0.9723403,0.005028858,0.0
SRR7270154,0.0011315644,0.0035534203,0.0013435781,0.5497707,0.010870814,0.33684075,0.0010362864,0.095452905
ERR1385231,0.00023246265,0.0012640435,0.0016920246,0.99297416,0.00073314225,0.0019682432,0.0011359586,0.0
SRR2154966,0.00023267082,0.0012640135,0.0016910427,0.992972,0.0007335883,0.0019690758,0.0011375943,0.0
SRR3647839,0.0007204121,0.0067517576,0.0012079851,0.7955031,0.13984795,0.05053717,0.0054316823,0.0
SRR7448845,0.00023252217,0.0012641032,0.0016921439,0.9929741,0.0007330829,0.0019682434,0.0011358099,0.0
SRR8611200,0.0050000935,0.0036334568,0.009096714,0.0050869165,0.00084149075,0.00088847405,0.97545284,0.0
SRR8609391,0.0050000935,0.0036334568,0.009096714,0.0050869165,0.00084149075,0.00088847405,0.97545284,0.0
SRR4431440,0.0018980558,0.98295534,0.003079863,0.0033205585,0.0017705733,0.0011426249,0.0058330595,0.0
ERR525977,0.0002323735,0.001264163,0.0016921443,0.9929743,0.0007330533,0.0019682439,0.0011356913,0.0
ERR2233577,0.007696748,0.0036548614,0.00072715885,0.009295021,0.0012554452,0.97234356,0.0050272867,0.0
SRR6398173,0.0019440786,0.9827789,0.0031035868,0.0033707893,0.0017846118,0.0011472462,0.0058708494,0.0
SRR5699508,0.0002325222,0.0012641033,0.0016920846,0.9929742,0.00073308294,0.0019682436,0.0011357209,0.0
SRR971582,0.007879335,0.007841948,0.9407302,0.006737949,0.009433328,6.168039e-05,0.027315583,0.0
ERR1382732,0.00024278145,0.0012193797,0.0016462326,0.99284345,0.0007827122,0.0020282944,0.0012371653,0.0
ERR1855551,0.00022936307,0.001398177,0.0018045411,0.99219626,0.00074714905,0.0024578315,0.0011666707,0.0
SRR6295309,0.0050000935,0.0036334568,0.009096714,0.0050869165,0.00084149075,0.00088847405,0.97545284,0.0
ERR1689729,0.0050000935,0.0036334568,0.009096714,0.0050869165,0.00084149075,0.00088847405,0.97545284,0.0
SRR5590631,0.0018980558,0.98295534,0.003079863,0.0033205585,0.0017705733,0.0011426249,0.0058330595,0.0
ERR1897399,0.0018980558,0.98295534,0.003079863,0.0033205585,0.0017705733,0.0011426249,0.0058330595,0.0
SRR952028,0.007879335,0.007841948,0.9407302,0.006737949,0.009433328,6.168039e-05,0.027315583,0.0
SRR5870119,0.0002323735,0.001264163,0.0016921443,0.9929743,0.0007330533,0.0019682439,0.0011356913,0.0
SRR980673,0.007879335,0.007841948,0.9407302,0.006737949,0.009433328,6.168039e-05,0.027315583,0.0
SRR4826212,0.0018979969,0.98295534,0.0030797746,0.0033205878,0.0017705733,0.0011426839,0.005833089,0.0
SRR7901864,0.0050000935,0.0036334568,0.009096714,0.0050869165,0.00084149075,0.00088847405,0.97545284,0.0
SRR5406961,0.0018980558,0.98295534,0.003079863,0.0033205585,0.0017705733,0.0011426249,0.0058330595,0.0
SRR4786509,0.0018980558,0.98295534,0.003079863,0.0033205585,0.0017705733,0.0011426249,0.0058330595,0.0
SRR6309290,0.00025236447,0.0012239558,0.0016808235,0.9925365,0.00085665303,0.0022109258,0.0012387693,0.0
SRR1923184,0.007879335,0.007841948,0.9407302,0.006737949,0.009433328,6.168039e-05,0.027315583,0.0
ERR2738614,0.00023361859,0.0012592322,0.0016842014,0.9929698,0.00073750183,0.00196803,0.0011476878,0.0
ERR1513291,0.007696931,0.003656505,0.0007269545,0.009293507,0.0012560614,0.9723436,0.0050264713,0.0
SRR5915572,0.0018980558,0.98295534,0.003079863,0.0033205585,0.0017705733,0.0011426249,0.0058330595,0.0
SRR6444898,0.00024653625,0.0012242917,0.0017609476,0.99225664,0.00085239,0.0025188823,0.0011402784,0.0
ERR1311309,0.00037510446,0.0011639809,0.002014398,0.9901647,0.001481917,0.0031996164,0.0016002989,0.0
SRR919617,0.0002323735,0.001264163,0.0016921443,0.9929743,0.0007330533,0.0019682439,0.0011356913,0.0
ERR719644,0.00024025742,0.0012294827,0.0016473009,0.9929034,0.00076788384,0.0019939463,0.0012177345,0.0
SRR6671022,0.0076982016,0.0036550611,0.0007270699,0.009294745,0.0012557656,0.9723407,0.0050283633,0.0
SRR7454159,0.00023249228,0.0012639537,0.0016918752,0.9929739,0.0007332312,0.001968272,0.001136196,0.0
ERR1256055,9.795487e-05,0.0032179954,0.0042463844,0.88595074,0.0006906987,0.06642801,0.0011075438,0.038260702
DRR012994,0.0018712078,0.98294216,0.0030256035,0.0034420728,0.0017716539,0.0011737992,0.005773541,0.0
SRR8611160,0.0050000935,0.0036334568,0.009096714,0.0050869165,0.00084149075,0.00088847405,0.97545284,0.0
ERR1226500,0.0050000935,0.0036334568,0.009096714,0.0050869165,0.00084149075,0.00088847405,0.97545284,0.0
ERR1690910,0.0050000935,0.0036334568,0.009096714,0.0050869165,0.00084149075,0.00088847405,0.97545284,0.0
ERR2510964,0.00023619943,0.0012464048,0.0016784109,0.9929241,0.000750508,0.0019932245,0.0011712112,0.0
ERR2002155,0.0002324328,0.0012638943,0.0016918454,0.9929739,0.0007333204,0.001968272,0.0011362555,0.0
SRR8605595,0.0050000935,0.0036334568,0.009096714,0.0050869165,0.00084149075,0.00088847405,0.97545284,0.0
SRR3922952,0.007879335,0.007841948,0.9407302,0.006737949,0.009433328,6.168039e-05,0.027315583,0.0
ERR2511770,0.00023332261,0.001259835,0.0016882276,0.99296284,0.00073711976,0.0019744078,0.0011441553,0.0
SRR3589519,0.0018980558,0.98295534,0.003079863,0.0033205585,0.0017705733,0.0011426249,0.0058330595,0.0
DRR047961,0.00023275935,0.0012627902,0.0016910972,0.9929708,0.0007342108,0.0019700811,0.0011382453,0.0
SRR5590687,0.0018980558,0.98295534,0.003079863,0.0033205585,0.0017705733,0.0011426249,0.0058330595,0.0
ERR1226393,0.0050000935,0.0036334568,0.009096714,0.0050869165,0.00084149075,0.00088847405,0.97545284,0.0
SRR1747686,0.0018980558,0.98295534,0.003079863,0.0033205585,0.0017705733,0.0011426249,0.0058330595,0.0
ERR451394,0.0002323735,0.001264163,0.0016921443,0.9929743,0.0007330533,0.0019682439,0.0011356913,0.0
ERR543719,0.007879335,0.007841948,0.9407302,0.006737949,0.009433328,6.168039e-05,0.027315583,0.0
ERR1897736,0.003754139,0.35452384,0.0005028546,0.0031055808,0.0019240379,0.48765972,0.0076797307,0.14085007
SRR1818156,0.001897997,0.98295546,0.003079834,0.0033204702,0.0017706325,0.001142743,0.005832942,0.0
ERR543241,0.007879335,0.007841948,0.9407302,0.006737949,0.009433328,6.168039e-05,0.027315583,0.0
SRR6975984,0.0018980558,0.98295534,0.003079863,0.0033205585,0.0017705733,0.0011426249,0.0058330595,0.0
ERR007051,0.0002323735,0.001264163,0.0016921443,0.9929743,0.0007330533,0.0019682439,0.0011356913,0.0
SRR1178524,0.0002323735,0.001264163,0.0016921443,0.9929743,0.0007330533,0.0019682439,0.0011356913,0.0
ERR883500,0.00024222455,0.0012232577,0.001660178,0.9928207,0.0007829171,0.00204835,0.0012223654,0.0
ERR1548827,0.0025598775,0.037150413,0.076842986,0.03643656,0.805914,0.006698179,0.034398012,0.0
ERR986380,0.007696748,0.0036549198,0.00072715885,0.009294904,0.0012555037,0.97234344,0.005027316,0.0
SRR920196,0.0002323735,0.001264163,0.0016921443,0.9929743,0.0007330533,0.0019682439,0.0011356913,0.0
SRR8608297,0.0050000935,0.0036334568,0.009096714,0.0050869165,0.00084149075,0.00088847405,0.97545284,0.0
ERR1311621,0.00026434168,0.0011478987,0.0015443964,0.99261856,0.00087823515,0.0020809288,0.0014656677,0.0
SRR7453270,0.00023249231,0.0012639539,0.0016918754,0.992974,0.000733261,0.0019682723,0.0011361069,0.0
SRR8610744,0.0050000935,0.0036334568,0.009096714,0.0050869165,0.00084149075,0.00088847405,0.97545284,0.0
SRR3191033,0.00024017633,0.0012295244,0.0016707944,0.9928551,0.00077049754,0.0020297056,0.0012041534,0.0
ERR1811269,0.00023474665,0.0012525275,0.0016849586,0.9929382,0.00074439554,0.0019879995,0.0011572248,0.0
SRR5178691,0.0018980558,0.98295534,0.003079863,0.0033205585,0.0017705733,0.0011426249,0.0058330595,0.0
SRR3581146,0.0002530822,0.0011956936,0.0017086394,0.99257797,0.0008320274,0.002176287,0.0012563394,0.0
ERR321961,0.007696748,0.0036548614,0.00072715885,0.009295021,0.0012554452,0.97234356,0.0050272867,0.0
SRR3419367,0.00024128886,0.0012283364,0.0016962796,0.9927876,0.00077877525,0.0020785881,0.0011891626,0.0
SRR5155754,0.0002360187,0.0012485047,0.001668282,0.9929555,0.00074749667,0.00197063,0.0011736391,0.0
ERR1313542,0.0002338851,0.0012577384,0.0016824378,0.9929665,0.00073895557,0.0019694476,0.0011509538,0.0
ERR106953,0.0002492197,0.0012059152,0.0017095895,0.9926502,0.0008119346,0.0021398868,0.0012331305,0.0
ERR441198,0.00023246265,0.0012640733,0.0016920544,0.99297404,0.00073314225,0.0019683028,0.0011358098,0.0
SRR7275939,0.0018980558,0.98295534,0.003079863,0.0033205585,0.0017705733,0.0011426249,0.0058330595,0.0
DRR050225,0.0018980558,0.98295534,0.003079863,0.0033205585,0.0017705733,0.0011426249,0.0058330595,0.0
ERR3256976,0.0018980558,0.98295534,0.003079863,0.0033204993,0.0017705733,0.0011426249,0.0058330595,0.0
ERR1315501,0.00024836045,0.0012016232,0.0016333618,0.99274755,0.00081208604,0.0020743199,0.0012827248,0.0
ERR2003083,0.00023246267,0.0012641627,0.0016921142,0.9929741,0.0007330829,0.0019682434,0.0011357802,0.0
ERR833578,0.0018980558,0.98295534,0.003079863,0.0033205585,0.0017705733,0.0011426249,0.0058330595,0.0
ERR3605927,0.00023454879,0.0012562713,0.001704368,0.9929184,0.0007424949,0.0020088204,0.0011351149,0.0
ERR1313806,0.0077027376,0.003657139,0.00072747964,0.009291225,0.00125638,0.97232676,0.005038319,0.0
SRR6931706,0.00019401962,0.0010825801,0.0023838521,0.9887166,0.00093163305,0.00564378,0.0010475633,0.0
SRR5180547,0.0018980558,0.98295534,0.003079863,0.0033205585,0.0017705733,0.0011426249,0.0058330595,0.0
SRR6418314,0.0002324627,0.0012641033,0.0016921143,0.9929742,0.00073308294,0.0019682436,0.0011357804,0.0
ERR1428681,0.0050000935,0.0036334568,0.009096714,0.0050869165,0.00084149075,0.00088847405,0.97545284,0.0
SRR1600316,0.0018980558,0.98295534,0.003079863,0.0033205585,0.0017705733,0.0011426249,0.0058330595,0.0
SRR1631396,0.0002323735,0.001264163,0.0016921443,0.9929743,0.0007330533,0.0019682439,0.0011356913,0.0
ERR2020656,0.0076969257,0.0036549794,0.0007272176,0.009294642,0.0012554748,0.9723433,0.0050274637,0.0
SRR5083221,0.0076976796,0.0036552688,0.00072712905,0.009294048,0.0012556786,0.9723419,0.0050281915,0.0
ERR1971263,0.00023385597,0.0012576227,0.001684227,0.9929616,0.00073913595,0.0019736765,0.0011499157,0.0
SRR3747569,0.0018980558,0.98295534,0.003079863,0.0033205585,0.0017705733,0.0011426249,0.0058330595,0.0
ERR1428455,0.0050000935,0.0036334568,0.009096714,0.0050869165,0.00084149075,0.00088847405,0.97545284,0.0
SRR8609757,0.0050000935,0.0036334568,0.009096714,0.0050869165,0.00084149075,0.00088847405,0.97545284,0.0
SRR935328,0.00023317421,0.001260164,0.0016890927,0.9929631,0.0007367936,0.0019744106,0.0011433241,0.0
ERR231953,0.0019003629,0.98294646,0.0030810363,0.0033226428,0.0017712604,0.0011428181,0.0058353506,0.0
SRR6028657,0.00024449293,0.0012135128,0.0016192265,0.9928895,0.00078299595,0.0019869918,0.001263268,0.0
ERR923650,0.0050000935,0.0036334568,0.009096714,0.0050869165,0.00084149075,0.00088847405,0.97545284,0.0
DRR050763,0.00023252214,0.001263984,0.0016920544,0.9929738,0.00073314225,0.001968511,0.0011359288,0.0
ERR500830,0.00023246267,0.0012640734,0.0016920844,0.9929741,0.00073314237,0.0019682434,0.0011358099,0.0
ERR1522744,0.003754139,0.35452384,0.0005028546,0.0031055808,0.0019240379,0.48765972,0.0076797307,0.14085007
ERR2495554,0.0050000935,0.0036334568,0.009096714,0.0050869165,0.00084149075,0.00088847405,0.97545284,0.0
SRR1461241,0.00023803394,0.0012396622,0.0016566305,0.99293745,0.000756337,0.0019771124,0.0011947799,0.0
SRR6264736,0.00023715335,0.0012420733,0.0016849994,0.99288607,0.00075702876,0.002019834,0.0011728874,0.0
ERR1384406,0.00023533804,0.0012504564,0.0016763076,0.992946,0.00074599066,0.001980385,0.0011654765,0.0
ERR705797,0.0002347459,0.0012529101,0.001681473,0.9929443,0.0007440957,0.0019838586,0.0011586191,0.0
SRR6398179,0.0018980558,0.98295534,0.003079863,0.0033205585,0.0017705733,0.0011426249,0.0058330595,0.0
SRR6353016,0.0018980558,0.98295534,0.003079863,0.0033205585,0.0017705733,0.0011426249,0.0058330595,0.0
ERR1589298,0.007879335,0.007841948,0.9407302,0.006737949,0.009433328,6.168039e-05,0.027315583,0.0
SRR5803515,0.007879603,0.007841745,0.9407304,0.0067377454,0.009433419,6.168211e-05,0.027315358,0.0
SRR2761067,0.00031001892,0.001289631,0.00201688,0.9911788,0.001233911,0.0028458307,0.001124913,0.0
ERR2122355,0.0018980558,0.98295534,0.003079863,0.0033205585,0.0017705733,0.0011426249,0.0058330595,0.0
SRR3094846,0.00023522513,0.0012502507,0.0016903906,0.9929111,0.00074853824,0.0020083967,0.0011561072,0.0
SRR6148004,0.0018980558,0.98295534,0.003079863,0.0033205585,0.0017705733,0.0011426249,0.0058330595,0.0
SRR2141824,0.0018980558,0.98295534,0.003079863,0.0033205585,0.0017705733,0.0011426249,0.0058330595,0.0
ERR2002115,0.0002324627,0.0012641033,0.0016921143,0.9929742,0.0007331127,0.0019682436,0.0011357804,0.0
SRR7448885,0.00023246263,0.0012640137,0.0016919055,0.99297416,0.00073317194,0.001968243,0.001136018,0.0
SRR5486601,0.0018979969,0.9829554,0.0030798335,0.003320529,0.0017706323,0.0011426249,0.005833089,0.0
SRR2046701,0.00023261097,0.0012635356,0.0016912186,0.9929736,0.0007336169,0.001968329,0.0011370869,0.0
ERR675683,0.007695871,0.00365577,0.0007271883,0.009296663,0.0012555625,0.97233874,0.0050301584,0.0
ERR1135742,0.0076968945,0.0036547442,0.00072715885,0.009295256,0.0012555037,0.9723432,0.0050272867,0.0
SRR6745890,0.0018980558,0.98295534,0.003079863,0.0033205585,0.0017705733,0.0011426249,0.0058330595,0.0
SRR3361598,0.0002559066,0.0011906915,0.0016974484,0.9925171,0.0008529923,0.0022100648,0.001275845,0.0
SRR7449332,0.00023663515,0.0009599435,0.0023206032,0.9915906,0.0011023416,0.0017710853,0.0020188002,0.0
SRR952101,0.007879335,0.007841948,0.9407302,0.006737949,0.009433328,6.168039e-05,0.027315583,0.0
SRR6056093,0.0018980558,0.98295534,0.003079863,0.0033205585,0.0017705733,0.0011426249,0.0058330595,0.0
ERR560969,0.00024050525,0.0012296225,0.0016682784,0.99283785,0.00077544054,0.0020426586,0.0012056195,0.0
SRR5915756,0.0018980558,0.98295534,0.003079863,0.0033205585,0.0017705733,0.0011426249,0.0058330595,0.0
ERR1315363,0.00023397453,0.0012570553,0.0016837481,0.9929602,0.0007396403,0.0019742977,0.001151044,0.0
SRR994619,0.0002323735,0.001264163,0.0016921443,0.9929743,0.0007330533,0.0019682439,0.0011356913,0.0
ERR499027,0.00029193083,0.0011265498,0.0015831154,0.99195343,0.0010506241,0.0023923167,0.0016021117,0.0
SRR3586828,0.0018980558,0.98295534,0.003079863,0.0033205585,0.0017705733,0.0011426249,0.0058330595,0.0
SRR1631717,0.0002323735,0.001264163,0.0016921443,0.9929743,0.0007330533,0.0019682439,0.0011356913,0.0
ERR520708,0.00023258138,0.0012636555,0.0016917551,0.9929728,0.00073352817,0.0019690741,0.0011366415,0.0
ERR1905643,0.0050000935,0.0036334568,0.009096714,0.0050869165,0.00084149075,0.00088847405,0.97545284,0.0
SRR3624584,0.0012142956,0.3338362,0.10271329,0.0001257956,0.005829543,0.00019776821,0.24784416,0.30823898
ERR833534,0.0018980558,0.98295534,0.003079863,0.0033205585,0.0017705733,0.0011426249,0.0058330595,0.0
SRR6207121,0.0018986979,0.9829527,0.0030802062,0.0033211957,0.0017708031,0.0011426505,0.0058337175,0.0
ERR1689462,0.0050000935,0.0036334568,0.009096714,0.0050869165,0.00084149075,0.00088847405,0.97545284,0.0
ERR2314498,0.0050000935,0.0036334568,0.009096714,0.0050869165,0.00084149075,0.00088847405,0.97545284,0.0
ERR923435,0.0050000935,0.0036334568,0.009096714,0.0050869165,0.00084149075,0.00088847405,0.97545284,0.0
DRR018700,0.00023388994,0.0012575861,0.00169916,0.99293566,0.00074007147,0.0019923628,0.0011412806,0.0
SRR7453674,0.00023249225,0.0012638643,0.001691756,0.9929738,0.00073329057,0.001968361,0.0011363743,0.0
ERR2233562,0.007696748,0.0036548614,0.00072715885,0.009295021,0.0012554452,0.97234356,0.0050272867,0.0
ERR1428543,0.0050007096,0.003633778,0.009096613,0.0050866725,0.0008416675,0.00088856183,0.97545195,0.0
SRR6264446,0.00023284818,0.0012625797,0.0016900827,0.99297076,0.00073465565,0.0019697505,0.0011392547,0.0
ERR2286252,0.00024164874,0.0012246312,0.0016352109,0.9929116,0.00077125354,0.001982501,0.0012331967,0.0
ERR499807,0.00023272928,0.0012628776,0.0016900536,0.9929729,0.00073423947,0.0019682937,0.0011388684,0.0
SRR5699259,0.0002325222,0.0012641033,0.0016920846,0.9929742,0.00073308294,0.0019682436,0.0011357804,0.0
ERR2806312,0.00023299588,0.001261414,0.0016877849,0.99297166,0.0007355448,0.001968403,0.0011422242,0.0
SRR6444456,0.00024067887,0.0012275157,0.0016613147,0.9928541,0.0007740865,0.0020291442,0.0012131798,0.0
ERR1736298,0.0077010994,0.0036583114,0.00072712835,0.009288972,0.0012562631,0.9723337,0.005034542,0.0
ERR522290,0.00023856823,0.0012367715,0.0016573666,0.9929219,0.0007595161,0.001986651,0.0011992954,0.0
ERR1762071,0.0077029895,0.0036560497,0.00072724425,0.009288136,0.0012561438,0.97233576,0.0050336253,0.0
SRR5431288,0.0002323735,0.001264163,0.0016921443,0.9929743,0.0007330533,0.0019682439,0.0011356913,0.0
SRR6078487,0.0018980558,0.98295534,0.003079863,0.0033205585,0.0017705733,0.0011426249,0.0058330595,0.0
ERR532150,0.00024950036,0.0011944197,0.0016018874,0.9928204,0.0008064303,0.0020125073,0.0013148877,0.0
ERR1522352,0.0072427564,0.0052332203,0.0006171379,0.0085269855,0.0016438357,0.9714864,0.0052497154,0.0
ERR1523860,0.0075131874,0.0047702775,0.0006459214,0.008196263,0.0015225918,0.97262174,0.0047300174,0.0
SRR5446689,0.0018980555,0.9829552,0.0030798626,0.0033205284,0.0017706321,0.0011426248,0.005833059,0.0
SRR7651524,0.0018980558,0.98295534,0.003079863,0.0033205585,0.0017705733,0.0011426249,0.0058330595,0.0
ERR1315052,0.00023450749,0.0012550196,0.0016782277,0.9929639,0.00074135774,0.001969488,0.0011574866,0.0
SRR920191,0.0002323735,0.001264163,0.0016921443,0.9929743,0.0007330533,0.0019682439,0.0011356913,0.0
SRR920582,0.0002323735,0.001264163,0.0016921443,0.9929743,0.0007330533,0.0019682439,0.0011356913,0.0
SRR7902292,0.0050000935,0.0036334568,0.009096714,0.0050869165,0.00084149075,0.00088847405,0.97545284,0.0
SRR6411507,0.00023269984,0.001263147,0.001690859,0.99297255,0.0007339727,0.0019687722,0.0011379478,0.0
ERR1548813,0.0025429153,0.037591342,0.078646705,0.035610422,0.8053833,0.0066043963,0.03362083,0.0
SRR2103030,0.0018980558,0.98295534,0.003079863,0.0033204993,0.0017705733,0.0011426249,0.0058330595,0.0
ERR1309684,0.00025545663,0.0011751123,0.0015719013,0.99274206,0.00083711033,0.0020421068,0.0013761532,0.0
ERR1689639,0.0050000935,0.0036334568,0.009096714,0.0050869165,0.00084149075,0.00088847405,0.97545284,0.0
ERR1398084,0.00024136071,0.0012247383,0.001661924,0.99284863,0.00077553676,0.0020296013,0.0012181355,0.0
SRR2297138,0.0018980558,0.98295534,0.003079863,0.0033205585,0.0017705733,0.0011426249,0.0058330595,0.0
ERR1429229,0.0018980558,0.98295534,0.003079863,0.0033205585,0.0017705733,0.0011426249,0.0058330595,0.0
SRR2979871,0.00089644064,0.00067386014,0.0008081462,0.9799211,0.0029944882,0.0022897427,0.012416234,0.0
SRR769637,0.0050000935,0.0036334568,0.009096714,0.0050869165,0.00084149075,0.00088847405,0.97545284,0.0
ERR1913038,0.00023252208,0.0012641324,0.001692054,0.99297386,0.0007331421,0.0019683617,0.0011358988,0.0
SRR5915041,0.0018980558,0.98295534,0.003079863,0.0033205585,0.0017705733,0.0011426249,0.0058330595,0.0
ERR923463,0.0050000935,0.0036334568,0.009096714,0.0050869165,0.00084149075,0.00088847405,0.97545284,0.0
ERR522693,0.00023249228,0.001263924,0.0016918454,0.992974,0.0007332312,0.0019683316,0.0011362555,0.0
SRR7448533,0.00023732433,0.0012441161,0.0016670704,0.99293023,0.0007533167,0.0019825015,0.0011853427,0.0
ERR756913,0.0076971543,0.0036543617,0.00072721706,0.00929654,0.0012556496,0.9723418,0.005027255,0.0
SRR1614664,0.0018980558,0.98295534,0.003079863,0.0033205585,0.0017705733,0.0011426249,0.0058330595,0.0
ERR2738888,0.00023560395,0.0012506848,0.0016707327,0.9929603,0.00074544956,0.0019684425,0.001168799,0.0
ERR1855546,0.007699158,0.0036547328,0.0007277775,0.009289707,0.0012561835,0.9723433,0.0050290395,0.0
SRR8611340,0.0050000935,0.0036334568,0.009096714,0.0050869165,0.00084149075,0.00088847405,0.97545284,0.0
SRR5915071,0.0022358438,0.00050969364,0.008310585,0.66454196,0.0130008925,0.0005525587,0.31084847,0.0
SRR8605172,0.0050000935,0.0036334568,0.009096714,0.0050869165,0.00084149075,0.00088847405,0.97545284,0.0
SRR3062953,0.007879335,0.007841948,0.9407302,0.006737949,0.009433328,6.168039e-05,0.027315583,0.0
ERR532253,0.00025544548,0.0011812644,0.0016322937,0.99265105,0.0008378255,0.0021021764,0.0013399438,0.0
SRR8609534,0.0050000935,0.0036334568,0.009096714,0.0050869165,0.00084149075,0.00088847405,0.97545284,0.0
SRR1119237,0.0018953269,0.98295414,0.003088493,0.0033061935,0.0017740938,0.0011525389,0.0058292076,0.0
ERR1522552,0.0077160164,0.0036720703,0.00072521163,0.0092664305,0.00126286,0.9723079,0.005049419,0.0
SRR1719028,0.0002323735,0.001264163,0.0016921443,0.9929743,0.0007330533,0.0019682439,0.0011356913,0.0
SRR8610160,0.0050000935,0.0036334568,0.009096714,0.0050869165,0.00084149075,0.00088847405,0.97545284,0.0
SRR6670503,0.007696748,0.0036548614,0.00072715885,0.009295021,0.0012554452,0.97234356,0.0050272867,0.0
SRR6764823,0.0050000935,0.0036334568,0.009096714,0.0050869165,0.00084149075,0.00088847405,0.97545284,0.0
SRR2155002,0.0002323735,0.001264163,0.0016921443,0.9929743,0.0007330533,0.0019682439,0.0011356913,0.0
SRR5175898,0.0018980558,0.98295534,0.003079863,0.0033205585,0.0017705733,0.0011426249,0.0058330595,0.0
SRR3624403,0.0012142956,0.3338362,0.10271329,0.0001257956,0.005829543,0.00019776821,0.24784416,0.30823898
SRR6419740,0.0018980558,0.98295534,0.003079863,0.0033205585,0.0017705733,0.0011426249,0.0058330595,0.0
ERR494353,0.0002559107,0.0012206116,0.0018713824,0.9922423,0.0008428897,0.0023932902,0.0011736604,0.0
ERR2738651,0.00023317394,0.0012609656,0.001687187,0.9929713,0.0007359004,0.0019682213,0.0011432632,0.0
ERR3006019,0.00023252197,0.0012638641,0.0016917557,0.9929739,0.00073332025,0.0019682418,0.0011363742,0.0
ERR1428672,0.0050000935,0.0036334568,0.009096714,0.0050869165,0.00084149075,0.00088847405,0.97545284,0.0
ERR1678279,0.0050000935,0.0036334568,0.009096714,0.0050869165,0.00084149075,0.00088847405,0.97545284,0.0
ERR1523993,0.0018980558,0.98295534,0.003079863,0.0033205585,0.0017705733,0.0011426249,0.0058330595,0.0
SRR823287,0.0002323735,0.001264163,0.0016921443,0.9929743,0.0007330533,0.0019682439,0.0011356913,0.0
ERR1135693,0.0077054393,0.0036504075,0.00072785554,0.009310377,0.0012567231,0.9723237,0.005025457,0.0
ERR1583482,0.0018980558,0.98295534,0.003079863,0.0033205585,0.0017705733,0.0011426249,0.0058330595,0.0
SRR640763,0.007879335,0.007841948,0.9407302,0.006737949,0.009433328,6.168039e-05,0.027315583,0.0
ERR501085,0.00014438745,0.0008538866,0.0039977897,0.9644238,0.0013259767,0.028335406,0.00091877586,0.0
SRR5467715,0.00023255192,0.0012634487,0.0016926792,0.9929699,0.00073382654,0.0019713966,0.0011362263,0.0
ERR1298502,0.0050000935,0.0036334568,0.009096714,0.0050869165,0.00084149075,0.00088847405,0.97545284,0.0
ERR2211163,0.0050000935,0.0036334568,0.009096714,0.0050869165,0.00084149075,0.00088847405,0.97545284,0.0
ERR567243,0.007701179,0.0036552323,0.0007273326,0.009293912,0.0012562033,0.97233295,0.0050331894,0.0
SRR2154980,0.00023258105,0.001263386,0.0016909497,0.9929736,0.00073376513,0.0019682383,0.0011375025,0.0
ERR1690131,0.0050000935,0.0036334568,0.009096714,0.0050869165,0.00084149075,0.00088847405,0.97545284,0.0
SRR3201979,0.0002323735,0.001264163,0.0016921443,0.9929743,0.0007330533,0.0019682439,0.0011356913,0.0
ERR2286333,0.00023747097,0.0012424395,0.0016597686,0.9929451,0.0007533398,0.0019735908,0.0011883661,0.0
SRR8608428,0.012537593,0.0038330576,0.008206651,0.011674986,0.007679878,0.002063252,0.9540046,0.0
ERR2011920,0.00023252217,0.0012640734,0.0016921439,0.9929741,0.0007330829,0.0019682434,0.0011357802,0.0
SRR4414425,0.007879335,0.007841948,0.9407302,0.006737949,0.009433328,6.168039e-05,0.027315583,0.0
ERR883614,0.00023379634,0.0012582467,0.0016832147,0.99296767,0.0007383919,0.0019690054,0.0011497366,0.0
SRR4415398,0.007879335,0.007841948,0.9407302,0.006737949,0.009433328,6.168039e-05,0.027315583,0.0
DRR047546,0.00023344104,0.0012596535,0.0016875098,0.9929636,0.0007374155,0.001972678,0.0011457588,0.0
ERR543498,0.007879335,0.007841948,0.9407302,0.006737949,0.009433328,6.168039e-05,0.027315583,0.0
ERR1582941,0.0018980558,0.98295534,0.003079863,0.0033205585,0.0017705733,0.0011426249,0.0058330595,0.0
SRR5178084,0.00023418706,0.0012582089,0.0016933869,0.99287856,0.00074726884,0.0020274895,0.0011609705,0.0
ERR2528840,0.00772537,0.003645466,0.00072943297,0.009310851,0.0012610506,0.97228825,0.0050395746,0.0
ERR720189,0.00023601946,0.0012474975,0.0016716187,0.9929416,0.0007489863,0.001981225,0.0011730777,0.0
SRR1614671,0.0018980558,0.98295534,0.003079863,0.0033205585,0.0017705733,0.0011426249,0.0058330595,0.0
ERR1759904,0.0002323735,0.001264163,0.0016921443,0.9929743,0.0007330533,0.0019682439,0.0011356913,0.0
SRR6757652,0.0002323735,0.001264163,0.0016921443,0.9929743,0.0007330533,0.0019682439,0.0011356913,0.0
ERR923520,0.0050000935,0.0036334568,0.009096714,0.0050869165,0.00084149075,0.00088847405,0.97545284,0.0
SRR7453569,0.00023246267,0.0012640734,0.0016921439,0.99297404,0.0007330829,0.001968303,0.0011358099,0.0
SRR5570747,0.0018980558,0.98295534,0.003079863,0.0033205585,0.0017705733,0.0011426249,0.0058330595,0.0
SRR2922937,0.0050001247,0.0036333688,0.009096775,0.005086799,0.00084140204,0.00088838534,0.9754531,0.0
ERR1331832,0.0009781318,0.0014093617,0.0027586736,0.58304787,0.0039329007,0.40693116,0.0009419283,0.0
ERR1689331,0.0050000935,0.0036334568,0.009096714,0.0050869165,0.00084149075,0.00088847405,0.97545284,0.0
ERR500150,0.00023397837,0.0012570166,0.0016958227,0.99293846,0.0007406638,0.001990125,0.001143924,0.0
ERR209875,0.00023993984,0.00123206,0.0016814527,0.992829,0.00076943147,0.002049527,0.001198569,0.0
SRR1740169,0.00023972467,0.0012317268,0.0016547546,0.9929035,0.00076509645,0.0019949495,0.0012103419,0.0
ERR2260446,0.7928992,0.037986133,0.04337227,0.004999792,0.0007628835,0.042314686,0.07766499,0.0
ERR1896949,0.0019646958,0.84000224,0.035299756,0.00012444939,0.008185889,0.00026929734,0.11415378,0.0
SRR5156010,0.00023753034,0.0012418738,0.0016599165,0.9929419,0.00075393426,0.0019757312,0.0011890199,0.0
ERR1384900,0.00024292675,0.0012183216,0.0016420457,0.9928603,0.00078050036,0.0020143767,0.0012415198,0.0
SRR3503370,0.00023530886,0.0012501024,0.0016792861,0.99293876,0.00074652786,0.0019852382,0.001164706,0.0
SRR7091536,0.0018980558,0.98295534,0.003079863,0.0033205585,0.0017705733,0.0011426249,0.0058330595,0.0
ERR982918,0.80739844,0.015269857,0.046781726,0.007636038,0.0006947427,0.05123234,0.0709868,0.0
SRR5590606,0.0018980558,0.98295534,0.003079863,0.0033205585,0.0017705733,0.0011426249,0.0058330595,0.0
ERR1689169,0.0050000935,0.0036334568,0.009096714,0.0050869165,0.00084149075,0.00088847405,0.97545284,0.0
SRR4415694,0.007879335,0.007841948,0.9407302,0.006737949,0.009433328,6.168039e-05,0.027315583,0.0
SRR6414064,0.00023284799,0.0012622217,0.0016899029,0.9929703,0.00073489296,0.001969957,0.0011399081,0.0
DRR024035,0.00025378735,0.0011846583,0.0016223775,0.9926639,0.0008381466,0.0021081243,0.0013290084,0.0
ERR1691436,0.0050000935,0.0036334568,0.009096714,0.0050869165,0.00084149075,0.00088847405,0.97545284,0.0
SRR3951162,0.00023255192,0.0012641032,0.0016921142,0.992974,0.0007330829,0.0019683624,0.0011358099,0.0
ERR1315320,0.00023634691,0.0012457141,0.0016750112,0.9929273,0.00075097993,0.0019904776,0.0011741498,0.0
ERR1519455,0.007696581,0.003657238,0.0007269254,0.009292103,0.0012561788,0.9723441,0.005026853,0.0
DRR114144,0.0002323735,0.001264163,0.0016921443,0.9929743,0.0007330533,0.0019682439,0.0011356913,0.0
SRR2658228,0.0002334998,0.0012592629,0.001685006,0.99296814,0.00073747267,0.0019695188,0.0011470938,0.0
ERR2043180,0.007879335,0.007841948,0.9407302,0.006737949,0.009433328,6.168039e-05,0.027315583,0.0
ERR1314995,0.00026795044,0.0011546963,0.0015536785,0.99246633,0.0009173408,0.002169471,0.0014705163,0.0
SRR5827497,0.0018980558,0.98295534,0.003079863,0.0033205585,0.0017705733,0.0011426249,0.0058330595,0.0
ERR466718,0.00187833,0.004114273,0.0013929438,0.053689186,0.0014654187,0.9325382,0.004921575,0.0
SRR3094992,0.00023637991,0.0012467427,0.0016778898,0.9929076,0.00075408374,0.0020064183,0.0011709238,0.0
SRR3034398,0.00024105876,0.0012259645,0.0016496093,0.9928855,0.0007714475,0.0020027952,0.0012236149,0.0
SRR5180154,0.0018980558,0.98295534,0.003079863,0.0033205585,0.0017705733,0.0011426249,0.0058330595,0.0
SRR5180933,0.0018979969,0.9829554,0.0030798335,0.003320529,0.0017706323,0.0011426249,0.0058330004,0.0
SRR1600325,0.0018980558,0.98295534,0.003079863,0.0033205585,0.0017705733,0.0011426249,0.0058330595,0.0
ERR499510,0.00023246265,0.0012640733,0.0016919652,0.99297416,0.00073320174,0.0019682432,0.0011359586,0.0
ERR1677137,0.0050000935,0.0036334568,0.009096714,0.0050869165,0.00084149075,0.00088847405,0.97545284,0.0
ERR1548750,0.0025429153,0.037591342,0.078646705,0.035610422,0.8053833,0.0066043963,0.03362083,0.0
ERR1760055,0.0002324627,0.0012640735,0.0016920846,0.9929742,0.00073308294,0.0019682436,0.00113581,0.0
DRR030482,0.00023252211,0.0012639839,0.001691965,0.99297404,0.0007331422,0.0019683025,0.0011359882,0.0
ERR441247,0.0002324627,0.0012641033,0.0016921143,0.9929742,0.00073308294,0.0019682436,0.0011357804,0.0
ERR1103199,0.0018980558,0.98295534,0.003079863,0.0033205585,0.0017705733,0.0011426249,0.0058330595,0.0
SRR1503482,0.0018980558,0.98295534,0.003079863,0.0033205585,0.0017705733,0.0011426249,0.0058330595,0.0
SRR2913581,0.0018980558,0.98295534,0.003079863,0.0033205585,0.0017705733,0.0011426249,0.0058330595,0.0
ERR560947,0.00023670249,0.0012447552,0.0016694991,0.9929244,0.00075368234,0.0019918939,0.0011790806,0.0
SRR1644877,0.007696748,0.0036548614,0.00072715885,0.009295021,0.0012554452,0.97234356,0.0050272867,0.0
SRR6264673,0.00024453472,0.0012136917,0.0016480368,0.9928014,0.0007926708,0.0020519563,0.0012476565,0.0
SRR1581186,0.00023243298,0.0012640738,0.0016920848,0.99297404,0.0007331128,0.0019684522,0.0011358103,0.0
SRR5259161,0.0018980558,0.98295534,0.003079863,0.0033205585,0.0017705733,0.0011426249,0.0058330595,0.0
SRR5467602,0.00023273056,0.0012622301,0.0016935432,0.99296254,0.00073504663,0.0019769305,0.0011369411,0.0
SRR1048913,0.007879335,0.007841948,0.9407302,0.006737949,0.009433328,6.168039e-05,0.027315583,0.0
ERR501276,0.000226161,0.00123456,0.0017826055,0.9925617,0.00076073146,0.0023115838,0.0011226247,0.0
SRR8605779,0.0050000935,0.0036334568,0.009096714,0.0050869165,0.00084149075,0.00088847405,0.97545284,0.0
ERR2210982,0.0050000935,0.0036334568,0.009096714,0.0050869165,0.00084149075,0.00088847405,0.97545284,0.0
ERR1315035,0.00023305546,0.0012612658,0.0016882019,0.9929688,0.0007359615,0.0019704564,0.0011422543,0.0
SRR1359871,0.0018980558,0.98295534,0.003079863,0.0033205585,0.0017705733,0.0011426249,0.0058330595,0.0
ERR1315314,0.00018796985,0.0010808341,0.0025154676,0.98706686,0.0009744417,0.007104874,0.0010695708,0.0
SRR062165,0.0018980558,0.98295534,0.003079863,0.0033204993,0.0017705733,0.0011426249,0.0058330595,0.0
DRR043010,0.00023527903,0.0012514703,0.001678066,0.9929471,0.0007451891,0.001978872,0.0011640214,0.0
SRR6408541,0.00023243293,0.0012641032,0.0016921142,0.9929741,0.0007331126,0.001968303,0.0011357802,0.0
SRR6054560,0.00024760928,0.001201259,0.0016189473,0.99280775,0.00080239563,0.0020328884,0.0012891386,0.0
SRR5031328,0.0018980558,0.98295534,0.003079863,0.0033205585,0.0017705733,0.0011426249,0.0058330595,0.0
SRR6931369,0.0002323735,0.001264163,0.0016921443,0.9929743,0.0007330533,0.0019682439,0.0011356913,0.0
ERR923802,0.0050000935,0.0036334568,0.009096714,0.0050869165,0.00084149075,0.00088847405,0.97545284,0.0
SRR2897107,0.0076970113,0.0036551836,0.00072715885,0.009294377,0.001255533,0.97234344,0.0050274334,0.0
DRR060302,0.00023246267,0.0012640139,0.0016919952,0.9929739,0.0007332316,0.0019684518,0.0011358992,0.0
ERR1512172,0.007696748,0.0036548614,0.00072715885,0.009295021,0.0012554452,0.97234356,0.0050272867,0.0
SRR2002297,0.0018980558,0.98295534,0.003079863,0.0033205585,0.0017705733,0.0011426249,0.0058330595,0.0
ERR1583376,0.0018980558,0.98295534,0.003079863,0.0033205585,0.0017705733,0.0011426249,0.0058330595,0.0
ERR499436,0.00029372933,0.0011017451,0.0015279987,0.99205315,0.0010311584,0.0022908687,0.0017012702,0.0
SRR6413972,0.00023252214,0.0012641328,0.0016920544,0.9929741,0.0007331125,0.0019682432,0.0011358693,0.0
SRR6148042,0.0018980558,0.98295534,0.003079863,0.0033205585,0.0017705733,0.0011426249,0.0058330595,0.0
SRR6975888,0.0018980558,0.98295534,0.003079863,0.0033205585,0.0017705733,0.0011426249,0.0058330595,0.0
SRR5180010,0.0018980558,0.98295534,0.003079863,0.0033205585,0.0017705733,0.0011426249,0.0058330595,0.0
ERR2211051,0.0050000944,0.0036334572,0.009096716,0.005086917,0.00084149087,0.0008883852,0.97545296,0.0
ERR1428259,0.0050000935,0.0036334568,0.009096714,0.0050869165,0.00084149075,0.00088847405,0.97545284,0.0
SRR5827435,0.0018980558,0.98295534,0.003079863,0.0033205585,0.0017705733,0.0011426249,0.0058330595,0.0
ERR1297855,0.0050000935,0.0036334568,0.009096714,0.0050869165,0.00084149075,0.00088847405,0.97545284,0.0
SRR4826673,0.0018980558,0.98295534,0.003079863,0.0033205585,0.0017705733,0.0011426249,0.0058330595,0.0
SRR2145606,0.00024040455,0.0012292962,0.0016438401,0.99291533,0.0007667189,0.0019844156,0.0012200166,0.0
ERR2762989,0.003220251,0.0042131715,0.0010606714,0.02502626,0.0012453352,0.96024746,0.004986715,0.0
ERR2002044,0.00023243293,0.0012641329,0.0016921737,0.9929738,0.0007331126,0.0019684518,0.0011358397,0.0
SRR7663418,0.0018980558,0.98295534,0.003079863,0.0033205585,0.0017705733,0.0011426249,0.0058330595,0.0
ERR1385221,0.0002364159,0.0012465377,0.0016917062,0.9928798,0.0007557992,0.00202884,0.0011608711,0.0
ERR1512251,0.007696748,0.0036548614,0.00072715885,0.009295021,0.0012554452,0.97234356,0.0050272867,0.0
ERR2001845,0.0002323735,0.001264163,0.0016921443,0.9929743,0.0007330533,0.0019682439,0.0011356913,0.0
SRR8610177,0.0050000935,0.0036334568,0.009096714,0.0050869165,0.00084149075,0.00088847405,0.97545284,0.0
ERR2442798,0.007696748,0.0036548614,0.00072715885,0.009295021,0.0012554452,0.97234356,0.0050272867,0.0
SRR5175897,0.0018980558,0.98295534,0.003079863,0.0033205585,0.0017705733,0.0011426249,0.0058330595,0.0
SRR8605796,0.0050000935,0.0036334568,0.009096714,0.0050869165,0.00084149075,0.00088847405,0.97545284,0.0
SRR995148,0.0002323735,0.001264163,0.0016921443,0.9929743,0.0007330533,0.0019682439,0.0011356913,0.0
ERR1690674,0.0050000935,0.0036334568,0.009096714,0.0050869165,0.00084149075,0.00088847405,0.97545284,0.0
SRR5180972,0.0018980558,0.98295534,0.003079863,0.0033205585,0.0017705733,0.0011426249,0.0058330595,0.0
SRR1573978,0.0018980558,0.98295534,0.003079863,0.0033205585,0.0017705733,0.0011426249,0.0058330595,0.0
SRR2168150,0.0018980558,0.98295534,0.003079863,0.0033205585,0.0017705733,0.0011426249,0.0058330595,0.0
ERR531475,0.00023311454,0.0012608769,0.001687485,0.99297,0.00073596014,0.001969382,0.0011432042,0.0
SRR1618308,0.00023261104,0.0012636848,0.0016915761,0.9929729,0.0007335874,0.0019688057,0.0011367601,0.0
SRR822561,0.00023442098,0.0012539931,0.0016878847,0.9929385,0.00074309163,0.0019889048,0.0011531275,0.0
SRR1747617,0.0018980558,0.98295534,0.003079863,0.0033205585,0.0017705733,0.0011426249,0.0058330595,0.0
SRR1461211,0.00024324266,0.0012190983,0.0016866074,0.99274355,0.00079010735,0.0021066456,0.0012107404,0.0
ERR1249596,0.0050000935,0.0036334568,0.009096714,0.0050869165,0.00084149075,0.00088847405,0.97545284,0.0
ERR2836146,0.008062536,0.003733494,0.00072621583,0.009376775,0.0013684911,0.9713095,0.0054229326,0.0
ERR1383086,0.0002378671,0.0012414183,0.001679258,0.9928695,0.0007630368,0.0020301542,0.0011787763,0.0
SRR6412084,0.0002323735,0.001264163,0.0016921443,0.9929743,0.0007330533,0.0019682439,0.0011356913,0.0
ERR2495355,0.0050000935,0.0036334568,0.009096714,0.0050869165,0.00084149075,0.00088847405,0.97545284,0.0
ERR2599246,0.0050000935,0.0036334568,0.009096714,0.0050869165,0.00084149075,0.00088847405,0.97545284,0.0
SRR6931566,0.0002323735,0.001264163,0.0016921443,0.9929743,0.0007330533,0.0019682439,0.0011356913,0.0
ERR2495212,0.0050000935,0.0036334568,0.009096714,0.0050869165,0.00084149075,0.00088847405,0.97545284,0.0
SRR3944284,0.0018980558,0.98295534,0.003079863,0.0033205585,0.0017705733,0.0011426249,0.0058330595,0.0
ERR1385364,0.00023542688,0.0012504841,0.0016750258,0.9929469,0.00074619765,0.0019794598,0.0011664561,0.0
ERR443002,0.0002323735,0.001264163,0.0016921443,0.9929743,0.0007330533,0.0019682439,0.0011356913,0.0
ERR487138,0.007696748,0.0036548614,0.00072715885,0.009295021,0.0012554452,0.97234356,0.0050272867,0.0
ERR695413,0.007696777,0.0036548614,0.00072718813,0.009294875,0.001255533,0.9723434,0.005027316,0.0
ERR1385211,0.0002339745,0.0012566686,0.0016837775,0.9929574,0.00074023515,0.00197632,0.0011516685,0.0
ERR1428572,0.0050000935,0.0036334568,0.009096714,0.0050869165,0.00084149075,0.00088847405,0.97545284,0.0
ERR1311450,0.00023246265,0.0012640138,0.0016919652,0.99297416,0.00073308276,0.0019683028,0.0011359883,0.0
ERR924337,0.0050000935,0.0036334568,0.009096714,0.0050869165,0.00084149075,0.00088847405,0.97545284,0.0
ERR1328413,0.00020765707,0.0011087431,0.0023227863,0.9871869,0.0010340341,0.006944843,0.0011950167,0.0
SRR3503406,0.0002323735,0.001264163,0.0016921443,0.9929743,0.0007330533,0.0019682439,0.0011356913,0.0
SRR6457161,0.0018980558,0.98295534,0.003079863,0.0033205585,0.0017705733,0.0011426249,0.0058330595,0.0
ERR866834,0.00023355971,0.0012587893,0.0016863772,0.9929604,0.0007384556,0.0019754714,0.0011469472,0.0
ERR2249176,0.00023548584,0.0012507787,0.0016732969,0.9929531,0.0007456903,0.0019746367,0.0011670782,0.0
SRR1231562,0.007879335,0.007841948,0.9407302,0.006737949,0.009433328,6.168039e-05,0.027315583,0.0
ERR2739353,0.0002324627,0.0012641033,0.0016921143,0.9929742,0.00073308294,0.0019682436,0.00113581,0.0
ERR1383394,0.00023347112,0.0012590307,0.0016876906,0.9929579,0.00073836837,0.001977797,0.0011456712,0.0
SRR618533,0.007888624,0.009668411,0.9393305,0.0060064164,0.011112942,6.2344654e-05,0.025930788,0.0
ERR1382902,0.00023474469,0.0012540637,0.0016772109,0.9929612,0.0007423667,0.0019707608,0.0011596542,0.0
SRR6309293,0.00023751575,0.0012477236,0.0016810225,0.9928607,0.0007648096,0.002037638,0.0011706239,0.0
SRR1618329,0.00023252211,0.0012640434,0.0016920542,0.9929739,0.0007331422,0.0019683323,0.0011358989,0.0
SRR4414885,0.007879335,0.007841948,0.9407302,0.006737949,0.009433328,6.168039e-05,0.027315583,0.0
ERR1467124,0.00023246273,0.0012641035,0.0016921443,0.9929741,0.0007330533,0.0019684224,0.001135721,0.0
ERR1382809,0.00023607898,0.0012474085,0.0016716486,0.9929396,0.0007492838,0.001982653,0.0011732563,0.0
ERR765721,0.0050000935,0.0036334568,0.009096714,0.0050869165,0.00084149075,0.00088847405,0.97545284,0.0
ERR1547055,0.0018980558,0.98295534,0.003079863,0.0033205585,0.0017705733,0.0011426249,0.0058330595,0.0
SRR5570713,0.0018979969,0.9829554,0.0030798335,0.003320529,0.0017706323,0.0011426249,0.0058330004,0.0
ERR1428548,0.0050000935,0.0036334568,0.009096714,0.0050869165,0.00084149075,0.00088847405,0.97545284,0.0
SRR6264703,0.00023249222,0.0012638939,0.001691845,0.99297374,0.00073332025,0.0019683312,0.0011362849,0.0
SRR3586861,0.0018980558,0.98295534,0.003079863,0.0033205585,0.0017705733,0.0011426249,0.0058330595,0.0
SRR5720319,0.0018980558,0.98295534,0.003079863,0.0033205585,0.0017705733,0.0011426249,0.0058330595,0.0
SRR1426485,0.007696748,0.0036548614,0.00072715885,0.009295021,0.0012554452,0.97234356,0.0050272867,0.0
SRR2168002,0.0018980558,0.98295534,0.003079863,0.0033205585,0.0017705733,0.0011426249,0.0058330595,0.0
ERR538738,0.007879335,0.007841948,0.9407302,0.006737949,0.009433328,6.168039e-05,0.027315583,0.0
SRR8605192,0.0050000935,0.0036334568,0.009096714,0.0050869165,0.00084149075,0.00088847405,0.97545284,0.0
ERR1297735,0.00024159256,0.0012243505,0.0016430555,0.9928791,0.000775309,0.0020067976,0.0012297933,0.0
SRR994797,0.0002323735,0.001264163,0.0016921443,0.9929743,0.0007330533,0.0019682439,0.0011356913,0.0
ERR2187939,0.0025429153,0.037591342,0.078646705,0.035610422,0.8053833,0.0066043963,0.03362083,0.0
SRR3647796,0.00024515364,0.0012117603,0.0016469578,0.9928145,0.0007903922,0.0020356406,0.0012555685,0.0
SRR6319590,0.00014510751,0.0019097924,0.13289252,0.78112876,0.016454816,0.00019305944,0.0016540885,0.06562185
SRR2922911,0.0050000935,0.0036334568,0.009096714,0.0050869165,0.00084149075,0.00088847405,0.97545284,0.0
ERR2608888,0.00066283345,0.0024840534,0.0037046075,0.4874183,0.0021716356,0.4091786,0.00044339895,0.09393656
SRR8605128,0.0050000935,0.0036334568,0.009096714,0.0050869165,0.00084149075,0.00088847405,0.97545284,0.0
ERR2595987,0.007872378,0.0035074532,0.00073563255,0.009893135,0.0012992378,0.97165644,0.0050357874,0.0
SRR505154,0.00023421101,0.0012562741,0.0016799301,0.99296594,0.0007402008,0.0019687526,0.0011546656,0.0
SRR6292302,0.0018980558,0.98295534,0.003079863,0.0033205585,0.0017705733,0.0011426249,0.0058330595,0.0
SRR5002136,0.0018979966,0.9829553,0.0030798921,0.003320558,0.0017705731,0.0011426248,0.005833059,0.0
ERR1762138,0.0071955295,0.003743936,0.00073466526,0.010021713,0.001241035,0.9718635,0.005199701,0.0
ERR1691429,0.0050000935,0.0036334568,0.009096714,0.0050869165,0.00084149075,0.00088847405,0.97545284,0.0
SRR6057237,0.0018980558,0.98295534,0.003079863,0.0033205585,0.0017705733,0.0011426249,0.0058330595,0.0
ERR487208,0.007697755,0.0036554385,0.0007269814,0.009294736,0.0012559108,0.97234035,0.0050288565,0.0
SRR5156132,0.00027332944,0.0011196549,0.0014874234,0.99255425,0.00091540837,0.0020695452,0.0015803762,0.0
SRR6457549,0.0018980558,0.98295534,0.003079863,0.0033205585,0.0017705733,0.0011426249,0.0058330595,0.0
SRR6511305,0.0018980558,0.98295534,0.003079863,0.0033205585,0.0017705733,0.0011426249,0.0058330595,0.0
SRR882151,0.0018980558,0.98295534,0.003079863,0.0033205585,0.0017705733,0.0011426249,0.0058330595,0.0
ERR1383940,0.00023596456,0.001247254,0.0016811099,0.99290895,0.0007525107,0.002006606,0.0011675679,0.0
SRR7448849,0.00023812498,0.0012416049,0.0016636328,0.9929215,0.00075652124,0.0019851879,0.0011934505,0.0
SRR1461165,0.00028504606,0.0011208027,0.0015805209,0.9921645,0.0009837345,0.002274245,0.0015911629,0.0
SRR3501997,0.00025412676,0.0012186067,0.0017701121,0.9917582,0.0008813377,0.0028133914,0.0013042478,0.0
SRR3095192,0.00023744325,0.0012412604,0.0016669213,0.9929209,0.0007556365,0.0019918703,0.0011859373,0.0
ERR923620,0.0050000935,0.0036334568,0.009096714,0.0050869165,0.00084149075,0.00088847405,0.97545284,0.0
ERR866601,0.0002652925,0.0011895776,0.0018049348,0.99233526,0.00086547993,0.0022810872,0.0012582877,0.0
SRR6148433,0.00023246267,0.0012641032,0.0016921142,0.99297404,0.00073314237,0.0019683328,0.0011357802,0.0
SRR7630544,0.0018980558,0.98295534,0.003079863,0.0033205585,0.0017705733,0.0011426249,0.0058330595,0.0
ERR1298334,0.0050000935,0.0036334568,0.009096714,0.0050869165,0.00084149075,0.00088847405,0.97545284,0.0
ERR2042948,0.007879335,0.007841948,0.9407302,0.006737949,0.009433328,6.168039e-05,0.027315583,0.0
SRR7453496,0.0002324627,0.0012641033,0.0016920846,0.99297416,0.0007331722,0.0019682436,0.0011357804,0.0
ERR1103330,0.0018980558,0.98295534,0.003079863,0.0033205585,0.0017705733,0.0011426249,0.0058330595,0.0
SRR1302189,0.0018980558,0.98295534,0.003079863,0.0033205585,0.0017705733,0.0011426249,0.0058330595,0.0
SRR5331915,0.0018980558,0.98295534,0.003079863,0.0033205585,0.0017705733,0.0011426249,0.0058330595,0.0
SRR5189399,0.0002323735,0.001264163,0.0016921443,0.9929743,0.0007330533,0.0019682439,0.0011356913,0.0
ERR1226432,0.0050000935,0.0036334568,0.009096714,0.0050869165,0.00084149075,0.00088847405,0.97545284,0.0
SRR7453818,0.00023357928,0.0014508461,0.0021509589,0.9926565,0.000833523,0.0017181126,0.0009564579,0.0
SRR7902243,0.0050000935,0.0036334568,0.009096714,0.0050869165,0.00084149075,0.00088847405,0.97545284,0.0
ERR1384935,0.00023459748,0.0012540717,0.0016811481,0.9929506,0.00074281765,0.0019798158,0.0011570441,0.0
ERR1310303,0.00024222187,0.0012217571,0.001658732,0.9928313,0.0007809454,0.0020396723,0.0012253262,0.0
ERR1384395,0.00024443213,0.0011937557,0.001729228,0.9922792,0.000847214,0.0024898883,0.0012163309,0.0
SRR980656,0.007879335,0.007841948,0.9407302,0.006737949,0.009433328,6.168039e-05,0.027315583,0.0
SRR5803560,0.007879335,0.007841948,0.9407302,0.006737949,0.009433328,6.168039e-05,0.027315583,0.0
SRR5178670,0.0018985813,0.98295325,0.0030800905,0.0033209915,0.001770775,0.0011427692,0.0058335746,0.0
ERR560847,0.00023757872,0.0012427148,0.0017015418,0.9928484,0.00076065643,0.0020495364,0.0011595757,0.0
SRR8605554,0.005000212,0.0036334568,0.009096714,0.0050869165,0.00084143144,0.0008884148,0.97545284,0.0
SRR8608496,0.0050000935,0.0036334568,0.009096714,0.0050869165,0.00084149075,0.00088847405,0.97545284,0.0
ERR2261982,0.007879335,0.007841948,0.9407302,0.006737949,0.009433328,6.168039e-05,0.027315583,0.0
SRR1715627,0.0002324329,0.0012640435,0.0016920246,0.99297416,0.00073314225,0.0019682432,0.0011359288,0.0
ERR2738920,0.000246862,0.0012049282,0.0016021199,0.9928864,0.0007910528,0.0019792677,0.0012893566,0.0
SRR5915002,0.0018980558,0.98295534,0.003079863,0.0033205585,0.0017705733,0.0011426249,0.0058330595,0.0
ERR833309,0.0018980558,0.98295534,0.003079863,0.0033205585,0.0017705733,0.0011426249,0.0058330595,0.0
SRR4414459,0.007879335,0.007841948,0.9407302,0.006737949,0.009433328,6.168039e-05,0.027315583,0.0
SRR8609570,0.0050000935,0.0036334568,0.009096714,0.0050869165,0.00084149075,0.00088847405,0.97545284,0.0
ERR1135288,0.007879052,0.0036662635,0.0007326729,0.009534089,0.0013360936,0.9714028,0.005448971,0.0
SRR2442905,0.0018980558,0.98295534,0.003079863,0.0033205585,0.0017705733,0.0011426249,0.0058330595,0.0
ERR579508,0.0076397248,0.0036516793,0.0007272372,0.009576476,0.0012678839,0.9719852,0.0051516956,0.0
ERR1263300,0.007696836,0.0036549198,0.0007272174,0.0092947865,0.0012554452,0.9723433,0.005027404,0.0
ERR499470,0.00023394493,0.0012571751,0.001683868,0.992959,0.0007397597,0.0019752507,0.0011509554,0.0
ERR1466993,0.00023367819,0.0012584891,0.0016859572,0.9929623,0.000738335,0.0019734444,0.001147837,0.0
SRR6931904,0.00023261101,0.0012636251,0.0016913974,0.9929737,0.0007335278,0.00196827,0.0011369087,0.0
ERR1743332,0.0075866994,0.077005774,0.8430736,0.001711712,0.056357965,6.599833e-05,0.014198242,0.0
SRR5150193,0.0018981722,0.9829547,0.0030798898,0.003320762,0.0017706014,0.001142624,0.0058332905,0.0
ERR499095,0.00023252203,0.0012638943,0.0016917859,0.9929739,0.0007333204,0.0019682422,0.0011362258,0.0
ERR719660,0.00024018215,0.0012309819,0.0016775273,0.9928301,0.0007739368,0.0020502782,0.0011969251,0.0
ERR531637,0.00023255152,0.0012637144,0.0016913677,0.9929736,0.0007335278,0.0019682997,0.0011368789,0.0
DRR042026,0.00023822002,0.001237947,0.0016830665,0.9928763,0.0007608228,0.0020204235,0.001183218,0.0
ERR1759847,0.007879335,0.007841948,0.9407302,0.006737949,0.009433328,6.168039e-05,0.027315583,0.0
SRR1949081,0.00023246265,0.0012640138,0.0016919652,0.9929741,0.00073320174,0.0019682432,0.0011359883,0.0
DRR030571,0.00023246265,0.001264103,0.0016920544,0.99297404,0.00073308276,0.001968273,0.0011359288,0.0
ERR2836102,0.008379749,0.0039736023,0.00076819735,0.00926923,0.0016102131,0.97002465,0.0059744,0.0
ERR765927,0.00499919,0.003638491,0.009117155,0.005079582,0.0008425112,0.0008872424,0.97543585,0.0
SRR505232,0.0002325517,0.001263864,0.0016916961,0.9929738,0.00073332014,0.0019682713,0.0011364038,0.0
ERR579396,0.00014836289,0.0009090465,0.0037733628,0.9686711,0.0012582291,0.024295218,0.0009446948,0.0
SRR6975940,0.0018980558,0.98295534,0.003079863,0.0033205585,0.0017705733,0.0011426249,0.0058330595,0.0
SRR7902212,0.0038943528,0.017150184,0.10677229,0.0009302332,0.0035094216,0.00017629362,0.86756724,0.0
ERR719949,0.00023424209,0.0012552997,0.0016841933,0.9929495,0.00074181124,0.001981822,0.001153185,0.0
SRR942599,0.007879335,0.007841948,0.9407302,0.006737949,0.009433328,6.168039e-05,0.027315583,0.0
SRR5699405,0.00023246265,0.0012641625,0.0016920544,0.99297404,0.00073314225,0.0019682432,0.0011358693,0.0
SRR1426070,0.0076996307,0.0036562453,0.0007267444,0.009295054,0.0012569021,0.97233224,0.005033173,0.0
SRR3633232,0.0018980558,0.98295534,0.003079863,0.0033205585,0.0017705733,0.0011426249,0.0058330595,0.0
ERR531957,0.00025147188,0.0011908632,0.001635489,0.99271196,0.0008209712,0.0020811558,0.0013081236,0.0
ERR2249159,0.00024135207,0.0012266574,0.0016342049,0.992927,0.0007684602,0.0019722763,0.0012300182,0.0
ERR561654,0.00023763653,0.0012458889,0.0016881147,0.99285203,0.0007643098,0.0020452982,0.0011667064,0.0
DRR070630,0.0018980558,0.98295534,0.003079863,0.0033205585,0.0017705733,0.0011426249,0.0058330595,0.0
ERR986288,0.0076981243,0.003654422,0.00072736386,0.009295256,0.001255738,0.9723414,0.005027609,0.0
ERR2249138,0.00024427308,0.0012174096,0.0016545315,0.9927848,0.0007943857,0.0020661345,0.0012385563,0.0
SRR4826603,0.0018980558,0.98295534,0.003079863,0.0033204993,0.0017705733,0.0011426249,0.0058330595,0.0
ERR499035,0.00024995016,0.001194289,0.0016039038,0.99278206,0.00081465015,0.0020407294,0.0013143424,0.0
ERR1691410,0.0050000935,0.0036334568,0.009096714,0.0050869165,0.00084149075,0.00088847405,0.97545284,0.0
ERR209687,0.0005424917,0.0029170215,0.0023952425,0.65657324,0.003327608,0.25484782,0.0010384023,0.07835817
ERR1582688,0.0018980558,0.98295534,0.003079863,0.0033205585,0.0017705733,0.0011426249,0.0058330595,0.0
SRR5156138,0.00023397434,0.0012569353,0.0016828841,0.99296105,0.0007398479,0.0019735524,0.0011517272,0.0
ERR833394,0.0018980558,0.98295534,0.003079863,0.0033205585,0.0017705733,0.0011426249,0.0058330595,0.0
SRR823269,0.0002323735,0.001264163,0.0016921443,0.9929743,0.0007330533,0.0019682439,0.0011356913,0.0
SRR5831826,0.00023507232,0.0012512404,0.0016828062,0.9929373,0.0007456103,0.0019868563,0.0011610842,0.0
SRR1618024,0.0001740213,0.0009859625,0.0029157095,0.9833458,0.0010721871,0.010509053,0.0009973227,0.0
SRR5210785,0.0077000763,0.0036516793,0.00072724296,0.009306484,0.0012561416,0.97233117,0.0050272904,0.0
SRR2856451,0.0018980558,0.98295534,0.003079863,0.0033205585,0.0017705733,0.0011426249,0.0058330595,0.0
SRR5687995,0.00023252217,0.0012641032,0.0016921142,0.9929741,0.00073314237,0.0019682434,0.0011357802,0.0
SRR935586,0.00023237347,0.0012641628,0.0016921441,0.9929742,0.0007330532,0.0019682436,0.00113581,0.0
SRR1027106,0.0018980558,0.98295534,0.003079863,0.0033205585,0.0017705733,0.0011426249,0.0058330595,0.0
SRR2897082,0.0076969247,0.003654979,0.0007271589,0.009294525,0.0012554453,0.9723435,0.0050274045,0.0
SRR5178505,0.0018980558,0.98295534,0.003079863,0.0033205585,0.0017705733,0.0011426249,0.0058330595,0.0
ERR1736287,0.0077012884,0.0036731968,0.00072660245,0.009281432,0.00125937,0.9723022,0.0050558737,0.0
SRR3503356,0.00023451415,0.0012554122,0.0017007333,0.99292326,0.0007425984,0.0019995277,0.0011439853,0.0
SRR5822450,0.007696748,0.0036548614,0.00072715885,0.009295021,0.0012554452,0.97234356,0.0050272867,0.0
ERR2287443,0.007696748,0.0036548614,0.00072715885,0.009295021,0.0012554452,0.97234356,0.0050272867,0.0
SRR1067525,0.0018980558,0.98295534,0.003079863,0.0033205585,0.0017705733,0.0011426249,0.0058330595,0.0
SRR5178863,0.0018980558,0.98295534,0.003079863,0.0033205585,0.0017705733,0.0011426249,0.0058330595,0.0
SRR6367258,0.00023305534,0.0012609082,0.0016887961,0.992967,0.0007360801,0.0019715857,0.0011425512,0.0
SRR3381566,0.00023317391,0.0012604598,0.0016879899,0.99296623,0.0007364952,0.001971969,0.0011437093,0.0
SRR2658757,0.007879335,0.007841948,0.9407302,0.006737949,0.009433328,6.168039e-05,0.027315583,0.0
SRR2097740,0.0018980558,0.98295534,0.003079863,0.0033205585,0.0017705733,0.0011426249,0.0058330595,0.0
ERR309724,0.0076802457,0.0035587489,0.0007180741,0.010074558,0.0013007023,0.9714141,0.005253726,0.0
ERR956971,0.0076963743,0.003655392,0.0007271888,0.009295059,0.001255417,0.9723425,0.0050280825,0.0
SRR4826437,0.0018980558,0.98295534,0.003079863,0.0033205585,0.0017705733,0.0011426249,0.0058330595,0.0
ERR1428469,0.0050000935,0.0036334568,0.009096714,0.0050869165,0.00084149075,0.00088847405,0.97545284,0.0
DRR035519,0.0018980558,0.98295534,0.003079863,0.0033205585,0.0017705733,0.0011426249,0.0058330595,0.0
ERR789515,0.0018980558,0.98295534,0.003079863,0.0033205585,0.0017705733,0.0011426249,0.0058330595,0.0
ERR522354,0.00025141914,0.001168059,0.00191242,0.9855529,0.001298999,0.007857621,0.0019585432,0.0
ERR982969,0.8076591,0.014452094,0.04698051,0.0078282105,0.0006907482,0.05180261,0.0705868,0.0
ERR1523330,0.003754139,0.35452384,0.0005028546,0.0031055808,0.0019240379,0.48765972,0.0076797307,0.14085007
ERR1678315,0.0050000935,0.0036334568,0.009096714,0.0050869165,0.00084149075,0.00088847405,0.97545284,0.0
ERR2002076,0.00023210612,0.0012622313,0.001697144,0.9929517,0.0007347796,0.0019868973,0.0011351277,0.0
DRR043767,0.000234005,0.0012567024,0.001686936,0.9929528,0.000740178,0.0019795091,0.0011498578,0.0
SRR7449263,0.00023246265,0.0012640733,0.0016922031,0.9929735,0.000733172,0.0019686895,0.0011358396,0.0
SRR7453310,0.0002325222,0.0012641033,0.0016920846,0.9929742,0.00073308294,0.0019682436,0.0011357209,0.0
ERR1897121,0.0018980558,0.98295534,0.003079863,0.0033205585,0.0017705733,0.0011426249,0.0058330595,0.0
SRR5947945,0.0006662309,0.0032151043,0.0025476217,0.5941075,0.0037460625,0.30299038,0.0008300841,0.09189701
ERR1897425,0.0018980558,0.98295534,0.003079863,0.0033205585,0.0017705733,0.0011426249,0.0058330595,0.0
SRR6457088,0.0018980558,0.98295534,0.003079863,0.0033205585,0.0017705733,0.0011426249,0.0058330595,0.0
SRR6265324,0.00023462629,0.0012550781,0.0016777803,0.99296504,0.0007413572,0.0019683563,0.0011577832,0.0
SRR1922966,0.00023593234,0.0012520298,0.0016715741,0.99293,0.0007484873,0.0019863588,0.0011756462,0.0
ERR1103370,0.0018980558,0.98295534,0.003079863,0.0033205585,0.0017705733,0.0011426249,0.0058330595,0.0
ERR1523845,0.007696747,0.0036550073,0.00072715874,0.009294757,0.0012555035,0.97234344,0.0050273156,0.0
ERR2511347,0.00023676045,0.0012442416,0.0016676144,0.99293476,0.0007521606,0.001983672,0.0011807089,0.0
SRR6670539,0.007696748,0.0036548614,0.00072715885,0.009295021,0.0012554452,0.97234356,0.0050272867,0.0
ERR1533413,0.0076975343,0.0036563822,0.00072698266,0.009292614,0.0012560008,0.9723425,0.0050279284,0.0
SRR3633471,0.0018980558,0.98295534,0.003079863,0.0033205585,0.0017705733,0.0011426249,0.0058330595,0.0
ERR792518,0.0018980558,0.98295534,0.003079863,0.0033205585,0.0017705733,0.0011426249,0.0058330595,0.0
SRR6318715,0.0018980558,0.98295534,0.003079863,0.0033205585,0.0017705733,0.0011426249,0.0058330595,0.0
ERR1522069,0.0076926234,0.0036646742,0.00072634476,0.0092864875,0.0012576523,0.9723471,0.0050251908,0.0
SRR6932009,0.0002323735,0.001264163,0.0016921443,0.9929743,0.0007330533,0.0019682439,0.0011356913,0.0
SRR1713798,0.00023768075,0.0012485825,0.0017172509,0.99284834,0.00075644354,0.0020598802,0.0011318839,0.0
ERR1960633,0.0002323735,0.001264163,0.0016921443,0.9929743,0.0007330533,0.0019682439,0.0011356913,0.0
ERR209090,0.0010761321,0.0018664002,0.00251773,0.52326256,0.004582286,0.46324357,0.0010966659,0.0023546815
ERR1521978,0.0076971874,0.0036559743,0.0007270124,0.009293264,0.0012558259,0.97234315,0.0050276383,0.0
ERR209330,0.0003527105,0.0022960901,0.003208518,0.74128515,0.0017264783,0.19542468,0.001055032,0.05465138
ERR705781,0.00026976716,0.0011871897,0.0019136003,0.99164045,0.00090230815,0.0028802038,0.0012064396,0.0
ERR1897657,0.0018980558,0.98295534,0.003079863,0.0033205585,0.0017705733,0.0011426249,0.0058330595,0.0
SRR5916439,0.0018980558,0.98295534,0.003079863,0.0033205585,0.0017705733,0.0011426249,0.0058330595,0.0
SRR1824369,0.0018980558,0.98295534,0.003079863,0.0033205585,0.0017705733,0.0011426249,0.0058330595,0.0
SRR6665614,0.0050000935,0.0036334568,0.009096714,0.0050869165,0.00084149075,0.00088847405,0.97545284,0.0
SRR6931486,0.0002323735,0.001264163,0.0016921443,0.9929743,0.0007330533,0.0019682439,0.0011356913,0.0
ERR1905521,0.0050000935,0.0036334568,0.009096714,0.0050869165,0.00084149075,0.00088847405,0.97545284,0.0
DRR043757,0.00023290692,0.0012614155,0.0016888875,0.9929693,0.00073554565,0.0019703985,0.0011416306,0.0
SRR2059913,0.0045247767,0.024826309,0.0009907477,0.0077348268,0.0016110421,0.93613446,0.024177726,0.0
ERR1583298,0.0018980558,0.98295534,0.003079863,0.0033205585,0.0017705733,0.0011426249,0.0058330595,0.0
SRR6408604,0.00023252217,0.0012641032,0.0016921439,0.9929741,0.00073314237,0.0019682434,0.0011357208,0.0
SRR6287330,0.0018980558,0.98295534,0.003079863,0.0033205585,0.0017705733,0.0011426249,0.0058330595,0.0
ERR500201,0.0002324329,0.001264103,0.0016921139,0.9929741,0.00073308276,0.0019682432,0.0011358396,0.0
SRR943935,0.0018980558,0.98295534,0.003079863,0.0033205585,0.0017705733,0.0011426249,0.0058330595,0.0
ERR2059961,0.0022501952,0.00046554965,0.00815562,0.6716257,0.013281903,0.000517716,0.30370337,0.0
SRR4419212,0.0018980558,0.98295534,0.003079863,0.0033205585,0.0017705733,0.0011426249,0.0058330595,0.0
ERR1533869,0.007713346,0.003686595,0.00072292663,0.009252717,0.0012678674,0.9723127,0.00504388,0.0
SRR2443016,0.0018980558,0.98295534,0.003079863,0.0033205585,0.0017705733,0.0011426249,0.0058330595,0.0
SRR2026974,0.0018980558,0.98295534,0.003079863,0.0033205585,0.0017705733,0.0011426249,0.0058330595,0.0
SRR8608673,0.0050000935,0.0036334568,0.009096714,0.0050869165,0.00084149075,0.00088847405,0.97545284,0.0
SRR4827040,0.0018980555,0.9829553,0.0030798921,0.0033205284,0.0017706321,0.0011426248,0.005833,0.0
SRR920223,0.0002323735,0.001264163,0.0016921443,0.9929743,0.0007330533,0.0019682439,0.0011356913,0.0
DRR042735,0.00023575315,0.0012487838,0.0016753762,0.9929409,0.0007476819,0.0019821883,0.0011692476,0.0
SRR5915487,0.0018980558,0.98295534,0.003079863,0.0033205585,0.0017705733,0.0011426249,0.0058330595,0.0
SRR5468172,0.0018980558,0.98295534,0.003079863,0.0033205585,0.0017705733,0.0011426249,0.0058330595,0.0
ERR2595984,0.0078682015,0.0034958725,0.0007352611,0.0098852655,0.0012964724,0.97169805,0.0050209463,0.0
ERR500703,0.00023252217,0.0012641032,0.0016921439,0.9929741,0.00073314237,0.0019682434,0.0011357208,0.0
ERR1428373,0.0050000935,0.0036334568,0.009096714,0.0050869165,0.00084149075,0.00088847405,0.97545284,0.0
SRR5823662,0.007696748,0.0036548614,0.00072715885,0.009295021,0.0012554452,0.97234356,0.0050272867,0.0
SRR1600285,0.0018980558,0.98295534,0.003079863,0.0033205585,0.0017705733,0.0011426249,0.0058330595,0.0
SRR4125142,0.007696748,0.0036548614,0.00072715885,0.009295021,0.0012554452,0.97234356,0.0050272867,0.0
ERR2531965,0.00023907392,0.0012340355,0.001662572,0.99289817,0.0007632639,0.002001017,0.0012019726,0.0
DRR044358,0.000233352,0.0012596248,0.0016878383,0.99296343,0.0007372674,0.0019734232,0.0011450459,0.0
ERR1314741,0.00023261066,0.0012630877,0.0016907702,0.9929728,0.00073403236,0.0019686834,0.0011380372,0.0
SRR921033,0.0002323735,0.001264163,0.0016921443,0.9929743,0.0007330533,0.0019682439,0.0011356913,0.0
SRR1123379,0.0018951786,0.9829598,0.003075685,0.0033358445,0.0017730593,0.0011468366,0.0058135814,0.0
SRR3725742,0.0002482415,0.0012136085,0.0016514736,0.99275875,0.0007991193,0.0020494272,0.0012793939,0.0
SRR6411509,0.00023279071,0.0012605679,0.0016975637,0.99294573,0.0007368335,0.0019893106,0.0011371823,0.0
SRR2086846,0.00023249215,0.001263715,0.0016914577,0.99297386,0.0007334687,0.00196836,0.0011367308,0.0
SRR7453939,0.0002323735,0.001264163,0.0016921443,0.9929743,0.0007330533,0.0019682439,0.0011356913,0.0
ERR380891,0.0050000935,0.0036334568,0.009096714,0.0050869165,0.00084149075,0.00088847405,0.97545284,0.0
SRR4341434,0.0018980558,0.98295534,0.003079863,0.0033205585,0.0017705733,0.0011426249,0.0058330595,0.0
SRR3664242,0.0018980558,0.98295534,0.003079863,0.0033205585,0.0017705733,0.0011426249,0.0058330595,0.0
ERR2739248,0.0002334998,0.0012595307,0.0016847382,0.9929699,0.0007372942,0.0019680911,0.0011470045,0.0
SRR3053278,0.0002356929,0.0012493746,0.0016714446,0.9929517,0.00074684666,0.001974627,0.0011702848,0.0
SRR5165902,0.00023264054,0.0012633265,0.0016909497,0.9929735,0.0007338246,0.0019682979,0.0011375025,0.0
SRR7901881,0.0050000935,0.0036334568,0.009096714,0.0050869165,0.00084149075,0.00088847405,0.97545284,0.0
ERR986177,0.0077275173,0.0036361325,0.0007285679,0.009357686,0.00126281,0.97224647,0.005040872,0.0
ERR2002199,0.00010948215,0.0037674308,0.003882587,0.84049517,0.000723809,0.08500916,0.0013459623,0.06466639
ERR444366,0.00023246267,0.0012640734,0.0016920844,0.9929741,0.00073314237,0.0019682434,0.0011358099,0.0
ERR543227,0.007879335,0.007841948,0.9407302,0.006737949,0.009433328,6.168039e-05,0.027315583,0.0
SRR5179916,0.0018980558,0.98295534,0.003079863,0.0033205585,0.0017705733,0.0011426249,0.0058330595,0.0
ERR2198082,0.0002330553,0.0012612649,0.0016880521,0.9929705,0.0007356932,0.0019690867,0.0011424022,0.0
ERR487006,0.0020243526,0.18777809,0.00069373846,0.19138104,0.07565704,0.42844045,0.0014691651,0.1125561
ERR1522104,0.0076967487,0.0036548618,0.00072712963,0.009294905,0.0012554453,0.9723436,0.0050272876,0.0
SRR1573968,0.0018980558,0.98295534,0.003079863,0.0033205585,0.0017705733,0.0011426249,0.0058330595,0.0
ERR1844711,0.007879335,0.007841948,0.9407302,0.006737949,0.009433328,6.168039e-05,0.027315583,0.0
ERR537766,0.007696748,0.0036548614,0.00072715885,0.009295021,0.0012554452,0.97234356,0.0050272867,0.0
SRR1503430,0.0018980558,0.98295534,0.003079863,0.0033205585,0.0017705733,0.0011426249,0.0058330595,0.0
SRR3094770,0.0002446211,0.0012126664,0.0016434374,0.9928128,0.00079156115,0.00204301,0.0012519545,0.0
SRR1138702,0.0009883798,0.00060156424,0.004134483,0.3444522,0.005160877,0.64397514,0.0006873204,0.0
SRR5570735,0.0018980558,0.98295534,0.003079863,0.0033205585,0.0017705733,0.0011426249,0.0058330595,0.0
ERR756858,0.0077070366,0.0036243496,0.00072519796,0.009461897,0.001265831,0.9721522,0.00506347,0.0
SRR996921,0.0002323735,0.001264163,0.0016921443,0.9929743,0.0007330533,0.0019682439,0.0011356913,0.0
ERR1428296,0.0050000935,0.0036334568,0.009096714,0.0050869165,0.00084149075,0.00088847405,0.97545284,0.0
SRR5150265,0.0018980555,0.9829552,0.0030798626,0.0033205284,0.0017706321,0.0011426248,0.005833059,0.0
SRR5786162,0.0018980558,0.98295534,0.003079863,0.0033205585,0.0017705733,0.0011426249,0.0058330595,0.0
SRR3296495,0.0018980558,0.98295534,0.003079863,0.0033205585,0.0017705733,0.0011426249,0.0058330595,0.0
SRR5570753,0.0018980558,0.98295534,0.003079863,0.0033205585,0.0017705733,0.0011426249,0.0058330595,0.0
ERR1256844,0.0009097533,0.0011803323,0.004662011,0.23337762,0.004344003,0.7546695,0.0008568547,0.0
SRR1503362,0.007879335,0.007841948,0.9407302,0.006737949,0.009433328,6.168039e-05,0.027315583,0.0
ERR982952,0.80764127,0.014512271,0.046965506,0.007813585,0.0006910433,0.05175939,0.07061689,0.0
ERR1449887,0.0018980558,0.98295534,0.003079863,0.0033205585,0.0017705733,0.0011426249,0.0058330595,0.0
ERR525769,0.00023278857,0.0012625196,0.0016897548,0.9929724,0.0007345363,0.00196853,0.0011395218,0.0
DRR029156,0.00023661168,0.0012458178,0.0016659187,0.9929479,0.0007501081,0.001974332,0.0011793701,0.0
SRR3647899,0.00018375758,0.0012272807,0.0026928515,0.9810652,0.0010725437,0.012537322,0.0012210364,0.0
SRR6264150,0.0002325222,0.0012641033,0.0016921441,0.9929742,0.00073308294,0.0019682436,0.0011357209,0.0
SRR7454181,0.0002325222,0.0012641033,0.0016921143,0.9929742,0.0007330532,0.0019682436,0.0011356911,0.0
ERR139352,0.00024014364,0.0012317102,0.0016554564,0.99287605,0.0007708748,0.0020153744,0.0012104143,0.0
SRR1119045,0.007879335,0.007841948,0.9407302,0.006737949,0.009433328,6.168039e-05,0.027315583,0.0
ERR1582566,0.0018980558,0.98295534,0.003079863,0.0033205585,0.0017705733,0.0011426249,0.0058330595,0.0
ERR1256286,0.007696748,0.0036548614,0.00072715885,0.009295021,0.0012554452,0.97234356,0.0050272867,0.0
ERR1896783,0.0037541392,0.3545238,0.00050285464,0.003105581,0.001924038,0.48765975,0.0076797907,0.14085008
ERR1315636,0.00024129455,0.0012255966,0.0016408208,0.9928953,0.00077245187,0.0019957882,0.0012287195,0.0
SRR5165917,0.0002328185,0.0012627585,0.0016899939,0.9929729,0.0007343286,0.0019681745,0.0011389575,0.0
SRR6931937,0.00023255161,0.0012633876,0.0016917847,0.9929711,0.00073388504,0.0019703826,0.0011369686,0.0
SRR4415024,0.007879335,0.007841948,0.9407302,0.006737949,0.009433328,6.168039e-05,0.027315583,0.0
SRR1503417,0.007879335,0.007841948,0.9407302,0.006737949,0.009433328,6.168039e-05,0.027315583,0.0
SRR606829,0.007879335,0.007841948,0.9407302,0.006737949,0.009433328,6.168039e-05,0.027315583,0.0
ERR2263532,0.0076968074,0.0036549203,0.0007271882,0.009294788,0.0012555039,0.9723435,0.005027375,0.0
SRR5831815,0.00023370777,0.0012583098,0.0016856288,0.9929624,0.000738394,0.0019732646,0.0011482824,0.0
SRR5467665,0.0002325815,0.0012635966,0.0016921129,0.99297214,0.00073355826,0.00196967,0.0011363743,0.0
ERR1385232,0.00023937016,0.0012333749,0.0016558121,0.9928987,0.0007653123,0.0020011857,0.0012061305,0.0
ERR2219313,0.00037446618,0.28140873,0.110621095,0.008204192,0.04374656,0.00039935112,0.004338622,0.550907
SRR5823703,0.007623286,0.0037020936,0.00072639406,0.009343796,0.001259085,0.97229034,0.005055057,0.0
SRR1752124,0.0018980558,0.98295534,0.003079863,0.0033205585,0.0017705733,0.0011426249,0.0058330595,0.0
ERR2592246,0.80321586,0.037314393,0.0444148,0.006822265,0.00096044445,0.048924644,0.058347642,0.0
SRR5260376,0.0018980558,0.98295534,0.003079863,0.0033205585,0.0017705733,0.0011426249,0.0058330595,0.0
SRR6409230,0.00023243293,0.0012641329,0.0016920547,0.99297416,0.00073314237,0.0019682434,0.0011357802,0.0
ERR560743,0.00024939256,0.0012455349,0.0017208474,0.9920278,0.00091736484,0.0026589478,0.0011800556,0.0
SRR1583584,0.00023252206,0.0012638944,0.001692143,0.9929726,0.0007333502,0.0019692837,0.0011361366,0.0
SRR5467611,0.00023237347,0.0012641033,0.0016920846,0.99297416,0.0007331722,0.001968333,0.0011357209,0.0
SRR5181351,0.0018980558,0.98295534,0.003079863,0.0033205585,0.0017705733,0.0011426249,0.0058330595,0.0
SRR2924520,0.00025913666,0.0011654905,0.0016917038,0.99213636,0.0008944586,0.002511193,0.0013416285,0.0
SRR3589610,0.0018980558,0.98295534,0.003079863,0.0033205585,0.0017705733,0.0011426249,0.0058330595,0.0
SRR5915178,0.0018980558,0.98295534,0.003079863,0.0033205585,0.0017705733,0.0011426249,0.0058330595,0.0
SRR8609602,0.0050000935,0.0036334568,0.009096714,0.0050869165,0.00084149075,0.00088847405,0.97545284,0.0
ERR2730392,0.00023267027,0.0012632669,0.0016909494,0.99297327,0.00073379476,0.0019684166,0.0011376808,0.0
SRR7448712,0.00023243285,0.001263954,0.0016918755,0.9929741,0.0007332611,0.0019682427,0.0011361367,0.0
ERR308798,0.0077623404,0.0036827095,0.00073037366,0.009214272,0.0012617889,0.9722421,0.0051063774,0.0
SRR5971273,0.0002323735,0.001264163,0.0016921443,0.9929743,0.0007330533,0.0019682439,0.0011356913,0.0
ERR923936,0.0050000935,0.0036334568,0.009096714,0.0050869165,0.00084149075,0.00088847405,0.97545284,0.0
SRR6670562,0.007696748,0.0036548614,0.00072715885,0.009295021,0.0012554452,0.97234356,0.0050272867,0.0
SRR1461459,0.0002363778,0.0012456905,0.0016754061,0.99291754,0.00075282773,0.0019986075,0.0011736201,0.0
SRR5181050,0.0018980558,0.98295534,0.0030798924,0.00332047,0.0017706323,0.0011426249,0.0058330004,0.0
ERR1582483,0.0018980558,0.98295534,0.003079863,0.0033205585,0.0017705733,0.0011426249,0.0058330595,0.0
ERR883576,0.00023761111,0.0012407358,0.0017087297,0.99279535,0.000765811,0.0020987296,0.0011530445,0.0
SRR1460643,0.0018980558,0.98295534,0.003079863,0.0033205585,0.0017705733,0.0011426249,0.0058330595,0.0
SRR3632979,0.0018980558,0.98295534,0.003079863,0.0033205585,0.0017705733,0.0011426249,0.0058330595,0.0
SRR952914,0.0018980558,0.98295534,0.003079863,0.0033205585,0.0017705733,0.0011426249,0.0058330595,0.0
SRR6670934,0.0076978626,0.0036552723,0.00072727614,0.009293471,0.0012558554,0.97234094,0.0050293384,0.0
DRR070604,0.0018980844,0.9829549,0.0030798616,0.0033206157,0.0017706314,0.0011426833,0.0058331746,0.0
SRR2898014,0.0076967073,0.0036589704,0.00072677975,0.0092890095,0.0012566489,0.97234607,0.0050258343,0.0
SRR5156139,0.00023261091,0.0012634759,0.0016910098,0.9929736,0.0007336762,0.001968269,0.0011373246,0.0
SRR1704390,0.0002325222,0.0012641033,0.0016920846,0.9929742,0.00073308294,0.0019682436,0.0011357804,0.0
SRR5915599,0.0018980558,0.98295534,0.003079863,0.0033205585,0.0017705733,0.0011426249,0.0058330595,0.0
SRR2010320,0.00023680828,0.0012576331,0.0017254789,0.99287474,0.00074620935,0.0020192212,0.001139928,0.0
ERR2784699,0.00023963698,0.0012315563,0.0016564606,0.9928929,0.00076652906,0.0020041824,0.0012086544,0.0
SRR8609669,0.0050000935,0.0036334568,0.009096714,0.0050869165,0.00084149075,0.00088847405,0.97545284,0.0
SRR516056,0.007879335,0.007841948,0.9407302,0.006737949,0.009433328,6.168039e-05,0.027315583,0.0
ERR2570265,0.77522016,0.060047314,0.041332874,0.00397606,0.00079600886,0.037977643,0.08064993,0.0
SRR1618013,0.00023311467,0.0012611453,0.0016878133,0.99297,0.0007358714,0.001969383,0.0011427288,0.0
SRR5868606,0.00023246267,0.0012641627,0.0016921142,0.9929741,0.0007330829,0.0019682434,0.0011357802,0.0
SRR6264436,0.00023246265,0.0012641625,0.0016920544,0.99297404,0.00073314225,0.0019682432,0.0011358693,0.0
ERR675539,0.007706191,0.003646176,0.00072663446,0.009354489,0.0012604076,0.97225356,0.0050525256,0.0
ERR209355,0.00023038461,0.0012215383,0.0018497112,0.9920134,0.00080438267,0.0027520014,0.0011285394,0.0
SRR6687086,0.06914371,0.117583066,0.27614632,0.0026922822,0.0008215904,0.0018005967,0.007869959,0.5239425
ERR1314384,0.0018980558,0.98295534,0.003079863,0.0033205585,0.0017705733,0.0011426249,0.0058330595,0.0
ERR1263588,0.007696748,0.0036548614,0.00072715885,0.009295021,0.0012554452,0.97234356,0.0050272867,0.0
SRR3108897,0.00055140257,0.008276135,0.0064069927,0.9173789,0.0017791986,0.0057023168,0.00056767464,0.059337378
SRR3951187,0.0002342763,0.0012557401,0.0016990089,0.99292743,0.00074200385,0.0019978331,0.0011437478,0.0
SRR5588418,0.0012142956,0.3338362,0.10271329,0.0001257956,0.005829543,0.00019776821,0.24784416,0.30823898
SRR6299055,0.000115067014,0.003964305,0.0039969087,0.8155389,0.00072047114,0.096532315,0.0011929572,0.07793903
SRR3095003,0.00024835885,0.0012072619,0.0017016298,0.99266165,0.00081131543,0.0021387711,0.0012309676,0.0
ERR526014,0.00023575794,0.0012474409,0.0016890335,0.9929042,0.0007506121,0.00201123,0.0011617459,0.0
SRR1649646,0.0018978525,0.98295534,0.0030798682,0.0033208882,0.0017705468,0.0011427448,0.0058328332,0.0
SRR6287276,0.0018980558,0.98295534,0.003079863,0.0033205585,0.0017705733,0.0011426249,0.0058330595,0.0
SRR2898017,0.007697512,0.003655126,0.00072718837,0.009293531,0.0012554455,0.9723434,0.005027757,0.0
SRR952100,0.007879335,0.007841948,0.9407302,0.006737949,0.009433328,6.168039e-05,0.027315583,0.0
ERR833479,0.0018980558,0.98295534,0.003079863,0.0033205585,0.0017705733,0.0011426249,0.0058330595,0.0
ERR2002167,0.00023302721,0.0012612442,0.0016914253,0.9929586,0.00073670986,0.0019790656,0.0011399415,0.0
SRR6367317,0.00023261101,0.0012633872,0.0016918733,0.9929715,0.0007337956,0.0019698762,0.001136998,0.0
SRR5457569,0.0018980558,0.98295534,0.003079863,0.0033205585,0.0017705733,0.0011426249,0.0058330595,0.0
SRR7448616,0.00023246265,0.001264103,0.0016921734,0.99297404,0.0007331125,0.0019682432,0.0011358396,0.0
SRR1633032,0.0002323735,0.001264163,0.0016921443,0.9929743,0.0007330533,0.0019682439,0.0011356913,0.0
ERR1310893,0.00023527846,0.0012516755,0.0016746116,0.9929533,0.0007450683,0.0019751196,0.0011648813,0.0
ERR107010,0.00023646475,0.0012456487,0.001672594,0.9929324,0.0007509764,0.0019858282,0.0011761668,0.0
ERR2716299,0.80760664,0.014629029,0.046936445,0.0077853943,0.0006916184,0.051676206,0.07067477,0.0
DRR050924,0.00023397419,0.0012570536,0.0016830615,0.99296236,0.0007396393,0.0019722127,0.0011517266,0.0
ERR1971254,0.00024127442,0.0011653566,0.001816161,0.9917411,0.00088050886,0.0029431493,0.0012124694,0.0
SRR3037102,0.00014540597,0.0008663295,0.003941344,0.96524245,0.0013143196,0.02755976,0.0009304749,0.0
ERR719454,0.00023477829,0.0012524781,0.0016869056,0.99292576,0.00074618624,0.0019984858,0.0011554494,0.0
SRR994482,0.0002323735,0.001264163,0.0016921443,0.9929743,0.0007330533,0.0019682439,0.0011356913,0.0
ERR487777,0.0016166149,0.0055342754,0.0012577403,0.047154658,0.0010269257,0.9379393,0.0054706135,0.0
ERR1428790,0.0050000935,0.0036334568,0.009096714,0.0050869165,0.00084149075,0.00088847405,0.97545284,0.0
ERR1811260,0.00023785733,0.0012396718,0.0016615213,0.9929246,0.00075702695,0.0019875972,0.0011916958,0.0
SRR3124640,0.0050000935,0.0036334568,0.009096714,0.0050869165,0.00084149075,0.00088847405,0.97545284,0.0
ERR1547060,0.0018980558,0.98295534,0.003079863,0.0033205585,0.0017705733,0.0011426249,0.0058330595,0.0
SRR7406710,0.0018980558,0.98295534,0.003079863,0.0033205585,0.0017705733,0.0011426249,0.0058330595,0.0
SRR7449303,0.00023243295,0.0012641033,0.0016921143,0.99297416,0.0007331424,0.0019682436,0.00113581,0.0
SRR6746089,0.0018980558,0.98295534,0.003079863,0.0033205585,0.0017705733,0.0011426249,0.0058330595,0.0
SRR5210768,0.007733637,0.0036395446,0.0007390866,0.0092361225,0.0012714622,0.9723304,0.005049732,0.0
ERR1313312,0.00023379664,0.0012579211,0.0016841389,0.99296147,0.0007392257,0.0019738565,0.0011496786,0.0
ERR718998,0.00026067442,0.0011788491,0.001665818,0.99245286,0.00088180223,0.002228625,0.0013313281,0.0
ERR1713352,0.24199817,0.0026994944,0.10771081,0.0003094375,0.0015733242,0.021360844,0.2902885,0.33405942
SRR1303597,0.0018980558,0.98295534,0.003079863,0.0033205585,0.0017705733,0.0011426249,0.0058330595,0.0
SRR4125109,0.007696748,0.0036548614,0.00072715885,0.009295021,0.0012554452,0.97234356,0.0050272867,0.0
DRR043834,0.00023370763,0.0012583388,0.0016850329,0.9929639,0.00073836383,0.0019721033,0.0011485792,0.0
ERR705770,0.00026470615,0.001171654,0.0016986872,0.9924118,0.00087905274,0.0022261962,0.0013479464,0.0
ERR561333,0.00025109178,0.0011369308,0.0017391765,0.9916826,0.00093008636,0.0029225848,0.0013375307,0.0
ERR1385377,0.0002341528,0.0012549722,0.0016849365,0.9929477,0.0007419598,0.0019829816,0.0011533335,0.0
SRR7453934,0.00024276202,0.0012308528,0.0016817263,0.99281204,0.00077593426,0.0020390286,0.0012177065,0.0
ERR1593430,0.007879335,0.007841948,0.9407302,0.006737949,0.009433328,6.168039e-05,0.027315583,0.0
SRR5155821,0.0012296437,0.0025093255,0.0027823446,0.24247795,0.0023618934,0.72944015,0.00086173404,0.01833689
ERR500839,0.0002324627,0.0012641033,0.0016921143,0.9929742,0.00073308294,0.0019682436,0.0011357804,0.0
SRR6411881,0.00023237347,0.0012641033,0.0016921441,0.9929742,0.00073308294,0.0019682436,0.0011357804,0.0
SRR1631306,0.0002323735,0.001264163,0.0016921443,0.9929743,0.0007330533,0.0019682439,0.0011356913,0.0
ERR2511280,0.00024348535,0.0012174862,0.0016238007,0.99290144,0.0007784572,0.0019824412,0.0012528774,0.0
ERR321954,0.0016170386,0.0015910361,0.0029376987,0.19385241,0.0033418336,0.79552716,0.001132815,0.0
ERR923914,0.016476337,0.0013164763,0.0076408824,0.045518894,0.012441641,0.0010030693,0.9156026,0.0
ERR1691120,0.0050000935,0.0036334568,0.009096714,0.0050869165,0.00084149075,0.00088847405,0.97545284,0.0
DRR044201,0.00023287753,0.0012620719,0.0016892471,0.99297154,0.0007349221,0.0019689142,0.0011404128,0.0
DRR050256,0.0018980558,0.98295534,0.003079863,0.0033205585,0.0017705733,0.0011426249,0.0058330595,0.0
ERR487039,0.007696748,0.0036548614,0.00072715885,0.009295021,0.0012554452,0.97234356,0.0050272867,0.0
ERR1690833,0.0050000935,0.0036334568,0.009096714,0.0050869165,0.00084149075,0.00088847405,0.97545284,0.0
DRR047440,0.00023249228,0.001263805,0.0016918454,0.9929737,0.0007333204,0.0019685398,0.0011363149,0.0
ERR1385067,0.00023302587,0.0012616534,0.0016885303,0.99297136,0.00073527783,0.0019687028,0.001141452,0.0
ERR1466953,0.00023495252,0.0012526934,0.0016782492,0.99295276,0.00074382295,0.0019760223,0.001161437,0.0
SRR2126840,0.0018980558,0.98295534,0.003079863,0.0033205585,0.0017705733,0.0011426249,0.0058330595,0.0
SRR3290398,0.0018980558,0.98295534,0.003079863,0.0033205585,0.0017705733,0.0011426249,0.0058330595,0.0
ERR579499,0.0002330852,0.001261355,0.0016885292,0.99296963,0.00073563424,0.0019698616,0.0011418974,0.0
SRR5176143,0.0018980558,0.98295534,0.003079863,0.0033205585,0.0017705733,0.0011426249,0.0058330595,0.0
ERR1309785,0.0003020577,0.0012641202,0.0021355625,0.9762287,0.002168693,0.016212702,0.0016880916,0.0
SRR1556866,0.00023557535,0.0012496499,0.0016747563,0.9929425,0.00074735685,0.001982313,0.0011678827,0.0
SRR640656,0.007879335,0.007841948,0.9407302,0.006737949,0.009433328,6.168039e-05,0.027315583,0.0
ERR579650,0.00076299906,0.0019862652,0.0033102036,0.5541055,0.002658248,0.38335067,0.00056535006,0.053260744
ERR500113,0.00023264035,0.001263147,0.0016905317,0.9929733,0.00073394296,0.0019682366,0.0011381262,0.0
SRR5983322,0.00023255158,0.001263566,0.0016913979,0.99297374,0.000733528,0.0019683596,0.0011369089,0.0
SRR3501975,0.0002608208,0.0011588567,0.0015713769,0.9926428,0.0008620288,0.0020813928,0.0014227103,0.0
SRR1704436,0.0002323735,0.001264163,0.0016921443,0.9929743,0.0007330533,0.0019682439,0.0011356913,0.0
SRR5720278,0.0018980558,0.98295534,0.003079863,0.0033205585,0.0017705733,0.0011426249,0.0058330595,0.0
ERR1533578,0.00769707,0.0036555936,0.00072710024,0.009293762,0.0012556794,0.97234344,0.005027404,0.0
ERR2001805,0.007696747,0.0036548902,0.00072724663,0.009295049,0.001255445,0.9723433,0.005027257,0.0
ERR1971279,0.00026746705,0.0011964489,0.0017677571,0.99231833,0.0008706881,0.0022563238,0.0013230295,0.0
ERR1314292,0.00023246267,0.0012641032,0.0016921142,0.9929741,0.00073314237,0.0019682434,0.0011357802,0.0
ERR2011898,0.00398113,0.0007868444,0.0072264425,0.62612814,0.059391487,0.0014265588,0.30105937,0.0
ERR2709820,0.0050000935,0.0036334568,0.009096714,0.0050869165,0.00084149075,0.00088847405,0.97545284,0.0
SRR5915501,0.0018980558,0.98295534,0.003079863,0.0033205585,0.0017705733,0.0011426249,0.0058330595,0.0
ERR1533817,0.0008628667,0.0046302085,0.0021179917,0.38385144,0.0060389047,0.46605906,0.0005575121,0.13588203
ERR1385272,0.00024104143,0.0012283773,0.0016707823,0.9928229,0.0007783283,0.002052005,0.0012065456,0.0
SRR1161746,9.250595e-05,0.008248538,0.13845193,0.31607318,0.007851034,0.0005106628,0.002005756,0.5267664
ERR1226668,0.0050000935,0.0036334568,0.009096714,0.0050869165,0.00084149075,0.00088847405,0.97545284,0.0
SRR5327675,0.0018980558,0.98295534,0.003079863,0.0033205585,0.0017705733,0.0011426249,0.0058330595,0.0
ERR2233287,0.0018980558,0.98295534,0.003079863,0.0033205585,0.0017705733,0.0011426249,0.0058330595,0.0
SRR1805195,0.007879335,0.007841948,0.9407302,0.006737949,0.009433328,6.168039e-05,0.027315583,0.0
ERR579610,0.0014558159,0.0008688184,0.0030383584,0.31782913,0.0055562276,0.6700216,0.0012300283,0.0
ERR2738587,0.00027198048,0.0011298725,0.0016335477,0.9918303,0.000989155,0.0026815408,0.0014635451,0.0
SRR5155894,0.00028005027,0.0011632126,0.0018112098,0.9920274,0.0009571681,0.0024459707,0.0013149126,0.0
ERR487453,0.0076967487,0.003655389,0.00072710036,0.009294349,0.0012556503,0.9723435,0.0050271996,0.0
SRR5588382,0.0012142956,0.3338362,0.10271329,0.0001257956,0.005829543,0.00019776821,0.24784416,0.30823898
SRR1010975,0.0018980555,0.9829553,0.0030798332,0.0033205284,0.0017706321,0.0011426248,0.0058330884,0.0
SRR6931163,0.0002323735,0.001264163,0.0016921443,0.9929743,0.0007330533,0.0019682439,0.0011356913,0.0
DRR030519,0.00023249212,0.0012635661,0.001691517,0.9929734,0.00073355786,0.0019687465,0.0011368495,0.0
ERR2286335,0.00024070426,0.0012293673,0.0016470085,0.99288607,0.00077199057,0.0020051054,0.0012197308,0.0
ERR1384449,0.00023441875,0.0012549331,0.001679897,0.9929588,0.00074162707,0.001973716,0.0011566265,0.0
SRR5570732,0.0018980558,0.98295534,0.003079863,0.0033205585,0.0017705733,0.0011426249,0.0058330595,0.0
ERR1201947,0.8045528,0.021698602,0.045395017,0.006565916,0.00072209,0.047813334,0.07325225,0.0
ERR1676978,0.0050000935,0.0036334568,0.009096714,0.0050869165,0.00084149075,0.00088847405,0.97545284,0.0
ERR1333505,0.0018980558,0.98295534,0.003079863,0.0033205585,0.0017705733,0.0011426249,0.0058330595,0.0
SRR5175960,0.0018980558,0.98295534,0.003079863,0.0033205585,0.0017705733,0.0011426249,0.0058330595,0.0
ERR330042,0.0018980558,0.98295534,0.003079863,0.0033205585,0.0017705733,0.0011426249,0.0058330595,0.0
ERR833549,0.0018980558,0.98295534,0.003079863,0.0033205585,0.0017705733,0.0011426249,0.0058330595,0.0
SRR7610911,0.0018980558,0.98295534,0.003079863,0.0033205585,0.0017705733,0.0011426249,0.0058330595,0.0
ERR982955,0.8069365,0.016561761,0.04647282,0.007368786,0.0007008597,0.050415795,0.07154337,0.0
ERR1690571,0.0050000935,0.0036334568,0.009096714,0.0050869165,0.00084149075,0.00088847405,0.97545284,0.0
SRR2154955,0.0002323735,0.001264163,0.0016921443,0.9929743,0.0007330533,0.0019682439,0.0011356913,0.0
SRR2026418,0.0018980558,0.98295534,0.003079863,0.0033205585,0.0017705733,0.0011426249,0.0058330595,0.0
ERR498696,0.00023480445,0.0012535893,0.0016782243,0.99295425,0.00074323016,0.0019760875,0.0011597448,0.0
ERR1135180,0.007696834,0.003654802,0.0007272465,0.009295342,0.0012554742,0.972343,0.005027286,0.0
SRR6931884,0.0002323735,0.001264163,0.0016921443,0.9929743,0.0007330533,0.0019682439,0.0011356913,0.0
SRR7453578,0.0002368787,0.0012445947,0.0016663601,0.9929405,0.00075159315,0.0019782821,0.0011818057,0.0
ERR1512031,0.0076511,0.0036686538,0.0007244991,0.009408941,0.0012626676,0.97217524,0.0051088654,0.0
SRR4414909,0.007879335,0.007841948,0.9407302,0.006737949,0.009433328,6.168039e-05,0.027315583,0.0
SRR976621,0.0050000944,0.0036334274,0.009096716,0.005086917,0.00084149087,0.00088847417,0.97545296,0.0
ERR2287503,0.0076967487,0.0036548618,0.0007271589,0.009294905,0.0012554453,0.9723436,0.0050272876,0.0
ERR923882,0.0050000935,0.0036334568,0.009096714,0.0050869165,0.00084149075,0.00088847405,0.97545284,0.0
SRR6413842,0.00023246265,0.0012639543,0.0016921139,0.9929736,0.000733172,0.00196863,0.0011359586,0.0
ERR499597,0.00023275916,0.0012627593,0.0016906495,0.992971,0.0007343291,0.0019699307,0.0011385715,0.0
SRR2086835,0.0002325222,0.0012641033,0.0016920846,0.99297416,0.00073308294,0.0019682436,0.00113581,0.0
ERR1263599,0.007697014,0.0036549799,0.000727247,0.009294409,0.0012555041,0.9723434,0.0050274353,0.0
SRR944519,0.007879335,0.007841948,0.9407302,0.006737949,0.009433328,6.168039e-05,0.027315583,0.0
SRR6670598,0.007696748,0.0036548614,0.00072715885,0.009295021,0.0012554452,0.97234356,0.0050272867,0.0
SRR6264792,0.00023246267,0.0012640734,0.0016919952,0.99297416,0.00073314237,0.0019682434,0.0011358992,0.0
ERR1522972,0.0076962556,0.0036553617,0.00072710076,0.009294764,0.0012555924,0.9723436,0.005027173,0.0
ERR1689408,0.0050000935,0.0036334568,0.009096714,0.0050869165,0.00084149075,0.00088847405,0.97545284,0.0
SRR2761246,0.00024477585,0.001188754,0.0017126873,0.99236965,0.00083655043,0.0024090642,0.0012384824,0.0
DRR119303,0.0018980558,0.98295534,0.003079863,0.0033205585,0.0017705733,0.0011426249,0.0058330595,0.0
ERR539009,0.007879335,0.007841948,0.9407302,0.006737949,0.009433328,6.168039e-05,0.027315583,0.0
SRR6670988,0.007696748,0.0036548614,0.00072715885,0.009295021,0.0012554452,0.97234356,0.0050272867,0.0
SRR1767179,0.007879335,0.007841948,0.9407302,0.006737949,0.009433328,6.168039e-05,0.027315583,0.0
ERR719967,0.00023510218,0.0012515384,0.0016804571,0.99293834,0.0007458486,0.001987363,0.0011612929,0.0
SRR2006036,0.0018979966,0.9829552,0.0030798626,0.003320558,0.0017706321,0.0011426838,0.005833059,0.0
SRR6511761,0.0018980558,0.98295534,0.003079863,0.0033205585,0.0017705733,0.0011426249,0.0058330595,0.0
ERR1383536,0.00024006516,0.0012320628,0.0016798017,0.9928253,0.0007743298,0.002054489,0.0011938416,0.0
DRR047378,0.0002335296,0.0012587279,0.0016862854,0.99296296,0.00073809753,0.0019729696,0.0011473915,0.0
SRR6054653,0.00024452506,0.0012121865,0.0016276293,0.9928578,0.0007868699,0.002009882,0.0012611094,0.0
ERR2624758,0.0002324627,0.0012641033,0.0016921143,0.9929742,0.0007331127,0.0019682436,0.0011357804,0.0
SRR2761391,0.00023281827,0.0012613295,0.0016914499,0.9929614,0.0007356665,0.0019772449,0.0011400867,0.0
SRR7448836,0.00023249222,0.0012638939,0.001691845,0.99297374,0.00073332025,0.0019683014,0.0011362849,0.0
SRR8610598,0.0050000935,0.0036334568,0.009096714,0.0050869165,0.00084149075,0.00088847405,0.97545284,0.0
ERR501075,0.00014926588,0.000860102,0.0038171015,0.9685618,0.0012975192,0.024383212,0.00093091215,0.0
SRR5868646,0.0002323735,0.001264163,0.0016921443,0.9929743,0.0007330533,0.0019682439,0.0011356913,0.0
SRR2658738,0.00023436008,0.0012545506,0.0016827582,0.9929509,0.00074210553,0.0019799396,0.0011553514,0.0
SRR1583649,0.00023353077,0.0012583177,0.0016906664,0.99295247,0.0007387556,0.0019808323,0.0011453448,0.0
ERR1382315,0.00024808463,0.0012001563,0.0016179627,0.99279463,0.0008059331,0.0020404086,0.001292794,0.0
ERR2026402,0.009541006,0.0075965263,0.009390725,0.003611795,0.0057403706,0.0046762135,0.95944333,0.0
SRR6931908,0.0002323735,0.001264163,0.0016921443,0.9929743,0.0007330533,0.0019682439,0.0011356913,0.0
ERR1298151,0.0050000935,0.0036334568,0.009096714,0.0050869165,0.00084149075,0.00088847405,0.97545284,0.0
SRR8605578,0.0050000935,0.0036334568,0.009096714,0.0050869165,0.00084149075,0.00088847405,0.97545284,0.0
SRR6414326,0.00023278875,0.001262461,0.0016904401,0.9929704,0.0007346558,0.001970108,0.0011391657,0.0
ERR1308113,0.0011711768,0.0012600822,0.0025968854,0.51290476,0.004615465,0.47626045,0.0011911764,0.0
SRR6148404,0.0002324329,0.0012640733,0.001691995,0.99297404,0.0007331125,0.0019683028,0.0011359288,0.0
SRR944579,0.007879335,0.007842007,0.9407302,0.006737861,0.009433328,6.168039e-05,0.027315583,0.0
SRR5803333,0.007879335,0.007841948,0.9407302,0.006737949,0.009433328,6.168039e-05,0.027315583,0.0
ERR2011888,0.0002324329,0.001264103,0.0016921734,0.9929741,0.0007331125,0.0019682432,0.0011358396,0.0
SRR3732488,0.0002347477,0.0012523249,0.0016872268,0.99293107,0.0007449938,0.0019938385,0.0011556833,0.0
ERR1385441,0.00023422609,0.0011454887,0.0020626413,0.9898115,0.0010192434,0.004658315,0.0010685339,0.0
SRR3191014,0.00024304881,0.0012178018,0.001650305,0.9928351,0.00078342494,0.0020323663,0.0012379369,0.0
SRR1949353,0.00023243295,0.0012641033,0.0016922036,0.9929739,0.0007331424,0.0019684222,0.0011357804,0.0
SRR7453952,0.00023284818,0.0012625202,0.0016899043,0.992972,0.0007344772,0.0019689472,0.0011393141,0.0
ERR561529,0.00023762073,0.0012424153,0.0016610846,0.9929262,0.0007567933,0.0019869246,0.0011889959,0.0
DRR043225,0.00023676147,0.0012445146,0.0016720238,0.99292856,0.00075210433,0.0019874875,0.0011785724,0.0
SRR4341473,0.0018980558,0.98295534,0.003079863,0.0033205585,0.0017705733,0.0011426249,0.0058330595,0.0
ERR1583058,0.0018980558,0.98295534,0.003079863,0.0033205585,0.0017705733,0.0011426249,0.0058330595,0.0
SRR1614712,0.0018980558,0.98295534,0.003079863,0.0033205585,0.0017705733,0.0011426249,0.0058330595,0.0
ERR499080,0.00023252217,0.0012640734,0.0016921439,0.9929741,0.0007330829,0.0019682434,0.0011357802,0.0
SRR8610161,0.0050000935,0.0036334568,0.009096714,0.0050869165,0.00084149075,0.00088847405,0.97545284,0.0
SRR2155027,0.0002323735,0.001264163,0.0016921443,0.9929743,0.0007330533,0.0019682439,0.0011356913,0.0
SRR995164,0.0002323735,0.001264163,0.0016921443,0.9929743,0.0007330533,0.0019682439,0.0011356913,0.0
SRR1631389,0.0002323735,0.001264163,0.0016921443,0.9929743,0.0007330533,0.0019682439,0.0011356913,0.0
ERR2263534,0.007696747,0.003654978,0.00072715874,0.009294932,0.001255445,0.9723433,0.0050273743,0.0
ERR1256313,0.007696748,0.0036548614,0.00072715885,0.009295021,0.0012554452,0.97234356,0.0050272867,0.0
SRR1632380,0.0002323735,0.001264163,0.0016921443,0.9929743,0.0007330533,0.0019682439,0.0011356913,0.0
SRR2000215,0.0053282785,0.002705337,0.009361361,0.007027485,0.0009948466,0.0008320993,0.97375065,0.0
ERR1987745,0.00023465724,0.0012552333,0.0016829645,0.9929487,0.0007424021,0.0019785392,0.0011574917,0.0
SRR2168022,0.0018980558,0.98295534,0.003079863,0.0033205585,0.0017705733,0.0011426249,0.0058330595,0.0
ERR924045,0.0078661265,0.007850665,0.9406829,0.0067262226,0.009419892,6.1738465e-05,0.027392387,0.0
SRR5109996,0.0018980558,0.98295534,0.003079863,0.0033205585,0.0017705733,0.0011426249,0.0058330595,0.0
ERR1383497,0.00023969899,0.0012313311,0.0016622182,0.99287534,0.0007684406,0.0020173201,0.0012056035,0.0
ERR2095549,0.0002600509,0.0011616658,0.0015623869,0.992658,0.00086180144,0.0020773448,0.0014187433,0.0
DRR042950,0.00023258147,0.0012638046,0.0016918747,0.9929729,0.000733469,0.0019690152,0.0011363742,0.0
ERR1691301,0.0050000935,0.0036334568,0.009096714,0.0050869165,0.00084149075,0.00088847405,0.97545284,0.0
ERR1201994,0.80765915,0.014451806,0.04698057,0.007828304,0.0006906934,0.05180284,0.07058664,0.0
ERR498545,0.0002325222,0.0012641033,0.0016920846,0.9929742,0.00073308294,0.0019682436,0.0011357209,0.0
DRR041934,0.00024718113,0.0012195458,0.0017435639,0.99267304,0.0007948762,0.0021281075,0.0011936974,0.0
SRR3361701,0.00023661218,0.0012451363,0.0016683316,0.9929388,0.00075103174,0.0019810582,0.001178986,0.0
ERR1522435,0.0076967496,0.00365495,0.0007271883,0.009294818,0.0012554454,0.9723436,0.005027288,0.0
SRR6746218,0.0018980558,0.98295534,0.003079863,0.0033205585,0.0017705733,0.0011426249,0.0058330595,0.0
ERR1689500,0.0050000935,0.0036334568,0.009096714,0.0050869165,0.00084149075,0.00088847405,0.97545284,0.0
DRR050781,0.00023255183,0.0012635674,0.001692411,0.9929712,0.00073361804,0.0019704143,0.0011362855,0.0
ERR209882,0.00023676478,0.0012435802,0.0016787397,0.9929036,0.00075491087,0.002007712,0.0011746329,0.0
SRR1949178,0.00023249222,0.0012639237,0.0016917557,0.9929738,0.00073337974,0.0019683312,0.0011363147,0.0
SRR618689,0.007879335,0.007841948,0.9407302,0.006737949,0.009433328,6.168039e-05,0.027315583,0.0
SRR6800971,0.0018980558,0.98295534,0.003079863,0.0033205585,0.0017705733,0.0011426249,0.0058330595,0.0
SRR2558631,0.0018980558,0.98295534,0.003079863,0.0033205585,0.0017705733,0.0011426249,0.0058330595,0.0
ERR542977,0.007879335,0.007841948,0.9407302,0.006737949,0.009433328,6.168039e-05,0.027315583,0.0
SRR3589587,0.0018980558,0.98295534,0.003079863,0.0033204993,0.0017705733,0.0011426249,0.0058330595,0.0
ERR1701219,0.0002323735,0.001264163,0.0016921443,0.9929743,0.0007330533,0.0019682439,0.0011356913,0.0
SRR1617754,0.0024250054,0.00047075315,0.002594147,0.43327674,0.009265143,0.5506557,0.0013125195,0.0
SRR3289600,0.0018980558,0.98295534,0.003079863,0.0033205585,0.0017705733,0.0011426249,0.0058330595,0.0
SRR1704407,0.0002323735,0.001264163,0.0016921443,0.9929743,0.0007330533,0.0019682439,0.0011356913,0.0
SRR2549682,0.0018980558,0.98295534,0.003079863,0.0033205585,0.0017705733,0.0011426249,0.0058330595,0.0
ERR1135347,0.007695127,0.003653233,0.00072662235,0.009314818,0.0012568056,0.97231495,0.0050383816,0.0
SRR1923242,0.0002323735,0.001264163,0.0016921443,0.9929743,0.0007330533,0.0019682439,0.0011356913,0.0
SRR4414777,0.007879335,0.007841948,0.9407302,0.006737949,0.009433328,6.168039e-05,0.027315583,0.0
DRR018782,0.00023930933,0.001233487,0.0016554757,0.9929108,0.0007631071,0.0019911216,0.0012067484,0.0
SRR3037264,0.00079751015,0.0021116734,0.0030032098,0.5256639,0.0027831495,0.39793476,0.00073105097,0.0669747
SRR8605701,0.0050000935,0.0036334568,0.009096714,0.0050869165,0.00084149075,0.00088847405,0.97545284,0.0
ERR2001783,0.007696748,0.0036548614,0.00072715885,0.009295021,0.0012554452,0.97234356,0.0050272867,0.0
SRR6457711,0.0018980558,0.98295534,0.003079863,0.0033205585,0.0017705733,0.0011426249,0.0058330595,0.0
ERR756509,0.004373468,0.004772883,0.00080464623,0.015852707,0.0011720984,0.9671674,0.0058567906,0.0
ERR2287455,0.007696836,0.0036549198,0.00072715885,0.0092947865,0.0012555037,0.97234344,0.0050273454,0.0
ERR2596262,0.007727054,0.003617742,0.0007291249,0.009398023,0.0012636309,0.9722352,0.005029131,0.0
ERR720049,0.00023489902,0.0012519818,0.0016918263,0.9929162,0.0007467273,0.0020059373,0.0011523647,0.0
SRR1279004,0.0018980558,0.98295534,0.003079863,0.0033205585,0.0017705733,0.0011426249,0.0058330595,0.0
ERR1144154,0.0014250539,0.9169651,0.019272486,0.00031885455,0.008868453,0.0005329028,0.052617114,0.0
ERR543571,0.007879335,0.007841948,0.9407302,0.006737949,0.009433328,6.168039e-05,0.027315583,0.0
SRR5165904,0.00023770945,0.0012403008,0.0016628954,0.9929214,0.00075711886,0.0019904596,0.0011900939,0.0
DRR029205,0.00023388618,0.001256733,0.001687532,0.9929517,0.0007401785,0.0019804328,0.0011495315,0.0
SRR5141874,0.00023264057,0.0012632671,0.0016909796,0.99297327,0.0007338247,0.0019685659,0.0011375324,0.0
SRR609903,0.007879335,0.007841948,0.9407302,0.006737949,0.009433328,6.168039e-05,0.027315583,0.0
SRR1715573,0.00023243293,0.0012641032,0.0016920547,0.99297416,0.0007331126,0.0019682434,0.0011358992,0.0
SRR7448652,0.00023246273,0.0012641333,0.0016922335,0.9929737,0.0007331128,0.0019686902,0.0011356913,0.0
ERR1226459,0.0050000935,0.0036334568,0.009096714,0.0050869165,0.00084149075,0.00088847405,0.97545284,0.0
SRR1747822,0.0018980558,0.98295534,0.003079863,0.0033205585,0.0017705733,0.0011426249,0.0058330595,0.0
SRR3096251,0.0018979966,0.9829552,0.0030798921,0.003320558,0.0017705731,0.0011426838,0.0058330884,0.0
SRR835411,0.007879335,0.007841948,0.9407302,0.006737949,0.009433328,6.168039e-05,0.027315583,0.0
ERR1811116,0.00024510635,0.0012170551,0.0016520959,0.99276215,0.00080134696,0.0020786007,0.001243615,0.0
SRR6409001,0.00023355932,0.0012594713,0.0016849764,0.9929689,0.0007372646,0.0019688646,0.0011469155,0.0
DRR068131,0.00039205022,0.0012170895,0.0017205264,0.9893741,0.0015031857,0.0035987217,0.002194365,0.0
ERR1019845,0.0002327293,0.0012626696,0.001690262,0.99297196,0.0007343883,0.0019690671,0.001138928,0.0
ERR2662923,0.00023435924,0.0012557657,0.0016790342,0.9929651,0.0007407346,0.001968927,0.0011560017,0.0
SRR504962,0.0002413562,0.0012258159,0.001644821,0.9928775,0.00077492744,0.0020090414,0.0012265892,0.0
ERR2011970,0.0050067487,0.0036176553,0.00909533,0.0051176404,0.0008432915,0.0008858281,0.97543347,0.0
SRR1016835,0.007879335,0.007841948,0.9407302,0.006737949,0.009433328,6.168039e-05,0.027315583,0.0
ERR1523261,0.0077052317,0.0037173622,0.0007190577,0.00923871,0.001277879,0.9722848,0.0050569517,0.0
SRR1258259,0.0018980558,0.98295534,0.003079863,0.0033205585,0.0017705733,0.0011426249,0.0058330595,0.0
SRR2984239,0.0018980558,0.98295534,0.003079863,0.0033205585,0.0017705733,0.0011426249,0.0058330595,0.0
ERR1382416,0.00023741586,0.0012404993,0.0016733625,0.99290144,0.0007576963,0.002006405,0.0011831531,0.0
SRR1426037,0.007696865,0.0036549491,0.0007271295,0.009294875,0.0012555623,0.97234344,0.0050272867,0.0
SRR6408601,0.0002325222,0.0012641033,0.0016920846,0.9929742,0.00073308294,0.0019682436,0.0011357804,0.0
SRR346818,0.00024224207,0.0012218874,0.0016363013,0.9928954,0.0007746095,0.0019911733,0.0012384235,0.0
ERR1522933,0.007696748,0.0036548614,0.00072715885,0.009295021,0.0012554452,0.97234356,0.0050272867,0.0
ERR2709790,0.0050000935,0.0036334568,0.009096714,0.0050869165,0.00084149075,0.00088847405,0.97545284,0.0
SRR5178840,0.0018980558,0.98295534,0.003079863,0.0033205585,0.0017705733,0.0011426249,0.0058330595,0.0
ERR1690466,0.0050000935,0.0036334568,0.009096714,0.0050869165,0.00084149075,0.00088847405,0.97545284,0.0
ERR1582855,0.0018980558,0.98295534,0.003079863,0.0033205585,0.0017705733,0.0011426249,0.0058330595,0.0
SRR1980869,0.0018980558,0.98295534,0.003079863,0.0033205585,0.0017705733,0.0011426249,0.0058330595,0.0
DRR044312,0.00023679281,0.001245802,0.0016781029,0.9929176,0.00075222837,0.0019930336,0.0011764982,0.0
ERR957025,0.007696748,0.0036548614,0.00072715885,0.009295021,0.0012554452,0.97234356,0.0050272867,0.0
ERR2495241,0.0050000935,0.0036334568,0.009096714,0.0050869165,0.00084149075,0.00088847405,0.97545284,0.0
SRR5957816,0.0002918003,0.8162926,0.0064321174,0.16389798,0.01180447,0.0011075024,0.00017352735,0.0
SRR6411571,0.0002323735,0.001264163,0.0016921443,0.9929743,0.0007330533,0.0019682439,0.0011356913,0.0
ERR833601,0.0018980558,0.98295534,0.003079863,0.0033205585,0.0017705733,0.0011426249,0.0058330595,0.0
SRR995592,0.00023243295,0.0012641033,0.0016921143,0.99297416,0.0007331127,0.001968333,0.0011357209,0.0
SRR6671012,0.0076967487,0.0036548618,0.0007271589,0.009294905,0.0012554453,0.9723436,0.0050272876,0.0
SRR5260379,0.0018980558,0.98295534,0.003079863,0.0033205585,0.0017705733,0.0011426249,0.0058330595,0.0
SRR1747460,0.0018980558,0.98295534,0.003079863,0.0033205585,0.0017705733,0.0011426249,0.0058330595,0.0
SRR6038223,0.00026188695,0.0011567863,0.001552709,0.9926333,0.0008719159,0.0020845109,0.0014389213,0.0
SRR997073,0.00023341479,0.0012606243,0.0016987195,0.9929487,0.0007370696,0.0019843974,0.001137001,0.0
ERR719758,0.0002368247,0.0012433445,0.0016787427,0.99289906,0.000755983,0.0020110467,0.0011750218,0.0
SRR2154944,0.0002325222,0.0012641033,0.0016920846,0.9929742,0.00073308294,0.0019682436,0.0011357209,0.0
ERR2043085,0.007879335,0.007841948,0.9407302,0.006737949,0.009433328,6.168039e-05,0.027315583,0.0
ERR1689134,0.0050000935,0.0036334568,0.009096714,0.0050869165,0.00084149075,0.00088847405,0.97545284,0.0
ERR923598,0.0050000935,0.0036334568,0.009096714,0.0050869165,0.00084149075,0.00088847405,0.97545284,0.0
ERR986315,0.0077279573,0.0036487267,0.0007278943,0.009340026,0.0012643331,0.97221285,0.005078244,0.0
SRR2984250,0.0018980558,0.98295534,0.003079863,0.0033205585,0.0017705733,0.0011426249,0.0058330595,0.0
ERR2002299,0.00023421152,0.0012556224,0.0016827595,0.9929563,0.0007410947,0.001975866,0.0011541923,0.0
ERR1311363,0.0002996788,0.0011535878,0.0018873755,0.99164015,0.0010517315,0.0026225613,0.0013448659,0.0
ERR1583104,0.0018980558,0.98295534,0.003079863,0.0033205585,0.0017705733,0.0011426249,0.0058330595,0.0
SRR6028472,0.00025183777,0.0011858589,0.0015773389,0.9928325,0.0008134696,0.001994987,0.0013439377,0.0
SRR882173,0.0018980558,0.98295534,0.003079863,0.0033205585,0.0017705733,0.0011426249,0.0058330595,0.0
SRR5570758,0.0018980558,0.98295534,0.003079863,0.0033205585,0.0017705733,0.0011426249,0.0058330595,0.0
ERR2511149,0.00024100539,0.0012266797,0.0016608343,0.99285245,0.00077464955,0.0020294657,0.0012148718,0.0
ERR1690560,0.0050000935,0.0036334568,0.009096714,0.0050869165,0.00084149075,0.00088847405,0.97545284,0.0
ERR2261897,0.00023444898,0.0012546381,0.0016809414,0.9929508,0.00074281835,0.001979669,0.0011565693,0.0
SRR5687910,0.00023308517,0.0012612656,0.001688172,0.99296933,0.00073581265,0.0019701289,0.0011422839,0.0
ERR1691688,0.0050000935,0.0036334568,0.009096714,0.0050869165,0.00084149075,0.00088847405,0.97545284,0.0
ERR1311337,0.0002348654,0.0012526452,0.0016810604,0.9929355,0.000746239,0.0019901094,0.0011595736,0.0
ERR321950,0.0014285736,0.0015176503,0.003069061,0.23484898,0.003488665,0.7546786,0.00096838037,0.0
SRR5595860,0.0018980558,0.98295534,0.003079863,0.0033205585,0.0017705733,0.0011426249,0.0058330595,0.0
ERR531619,0.00024660182,0.0012046373,0.0016245623,0.992818,0.0007977087,0.002029796,0.0012786894,0.0
SRR767351,0.007879335,0.007841948,0.9407302,0.006737949,0.009433328,6.168039e-05,0.027315583,0.0
ERR990612,0.007696022,0.00365504,0.000727218,0.009295644,0.0012553876,0.9723433,0.0050274376,0.0
ERR1811163,0.00022348795,0.0011718764,0.0020739194,0.98917073,0.0009766481,0.0051172287,0.0012661739,0.0
SRR6408929,0.0002325222,0.0012641033,0.0016920846,0.9929742,0.00073308294,0.0019682436,0.0011357804,0.0
ERR3506619,0.007741117,0.0037223848,0.00073038304,0.009256536,0.0012660812,0.97208166,0.005201837,0.0
SRR7663456,0.0018980558,0.98295534,0.003079863,0.0033205585,0.0017705733,0.0011426249,0.0058330595,0.0
ERR2511900,0.00025888192,0.0012092957,0.0017682035,0.9923771,0.0008739273,0.002313337,0.0011991808,0.0
SRR1747814,0.0018980558,0.98295534,0.003079863,0.0033205585,0.0017705733,0.0011426249,0.0058330595,0.0
SRR943503,0.007879335,0.007841948,0.9407302,0.006737949,0.009433328,6.168039e-05,0.027315583,0.0
DRR024150,0.00023578547,0.001247578,0.0016820573,0.9929183,0.0007500994,0.001999819,0.0011663751,0.0
ERR500211,0.00023246265,0.0012640733,0.0016919057,0.9929741,0.00073320174,0.0019682432,0.0011359883,0.0
ERR1589314,0.007879335,0.007841948,0.9407302,0.006737949,0.009433328,6.168039e-05,0.027315583,0.0
SRR479041,0.0018980558,0.98295534,0.003079863,0.0033205585,0.0017705733,0.0011426249,0.0058330595,0.0
ERR1913054,0.00023261107,0.0012637444,0.001691487,0.99297374,0.00073349825,0.0019682406,0.0011367007,0.0
ERR538514,0.007879335,0.007841948,0.9407302,0.006737949,0.009433328,6.168039e-05,0.027315583,0.0
ERR2495370,0.0050000935,0.0036334568,0.009096714,0.0050869165,0.00084149075,0.00088847405,0.97545284,0.0
ERR2729855,0.80727893,0.015588149,0.04672283,0.0075631365,0.0006964851,0.051012713,0.07113777,0.0
SRR6145495,0.0018980558,0.98295534,0.0030798924,0.00332047,0.0017706323,0.0011426249,0.0058330004,0.0
SRR6028283,0.00023794553,0.0012397855,0.001658748,0.99293244,0.0007565181,0.0019813427,0.0011932671,0.0
SRR2559878,0.007879335,0.007841948,0.9407302,0.006737949,0.009433328,6.168039e-05,0.027315583,0.0
ERR1135373,0.0077213217,0.0036442622,0.0007289344,0.009317257,0.0012608153,0.9722889,0.005038575,0.0
SRR971579,0.0038485262,0.01748336,0.10947859,0.00091572176,0.0034975875,0.00017466219,0.86460155,0.0
SRR1294377,0.0002349238,0.0012523122,0.0016829562,0.9929411,0.00074465905,0.0019840025,0.0011600143,0.0
SRR2443028,0.0018980558,0.98295534,0.003079863,0.0033205585,0.0017705733,0.0011426249,0.0058330595,0.0
SRR2097742,0.0018980558,0.98295534,0.003079863,0.0033205585,0.0017705733,0.0011426249,0.0058330595,0.0
SRR6764852,0.0050000935,0.0036334568,0.009096714,0.0050869165,0.00084149075,0.00088847405,0.97545284,0.0
SRR5450605,0.8076589,0.014452198,0.046980515,0.007828207,0.00069069216,0.05180261,0.07058679,0.0
SRR3095000,0.00024040618,0.0012287096,0.0016489074,0.99289805,0.00076844916,0.001997367,0.0012180619,0.0
SRR5000209,0.0026261061,0.97720605,0.002282562,0.0042018937,0.0024723376,0.0050426326,0.0061684186,0.0
SRR6931771,0.0002323735,0.001264163,0.0016921443,0.9929743,0.0007330533,0.0019682439,0.0011356913,0.0
ERR3569068,0.007879335,0.007841948,0.9407302,0.006737949,0.009433328,6.168039e-05,0.027315583,0.0
DRR042734,0.00023355955,0.0012585801,0.0016864653,0.9929619,0.00073812786,0.0019742504,0.0011471545,0.0
ERR695283,0.0077014803,0.0036550604,0.00072753837,0.009293776,0.0012559117,0.97233623,0.005029973,0.0
SRR831150,0.0018980558,0.98295534,0.003079863,0.0033205585,0.0017705733,0.0011426249,0.0058330595,0.0
SRR5313368,0.0018980558,0.98295534,0.003079863,0.0033205585,0.0017705733,0.0011426249,0.0058330595,0.0
SRR5486637,0.0018980558,0.98295534,0.0030798335,0.00332047,0.0017706323,0.0011426249,0.005833089,0.0
SRR5699176,0.00023252217,0.0012641627,0.0016920844,0.9929741,0.0007331126,0.0019682434,0.0011357208,0.0
SRR6264951,0.00023269984,0.001263147,0.0016906805,0.9929731,0.00073400245,0.001968326,0.0011380668,0.0
DRR043901,0.00023406452,0.0012560183,0.0016884533,0.9929469,0.00074101094,0.0019830193,0.0011505124,0.0
SRR2061272,0.0018980558,0.98295534,0.003079863,0.0033205585,0.0017705733,0.0011426249,0.0058330595,0.0
ERR1382435,0.00023718149,0.0012419458,0.0016790689,0.9928899,0.00075809436,0.0020167565,0.0011770437,0.0
ERR1201952,0.7914676,0.039932974,0.04317374,0.004887354,0.0007672348,0.041858234,0.07791284,0.0
SRR6457716,0.0018980558,0.98295534,0.003079863,0.0033204993,0.0017705733,0.0011426249,0.0058330595,0.0
SRR7448593,0.00023237347,0.0012641033,0.0016921441,0.9929742,0.00073308294,0.0019682436,0.0011357804,0.0
ERR1256545,0.007696748,0.0036548907,0.00072715885,0.009295021,0.0012554452,0.97234344,0.005027228,0.0
ERR1701297,0.0002323735,0.001264163,0.0016921443,0.9929743,0.0007330533,0.0019682439,0.0011356913,0.0
SRR3633253,0.0018980558,0.98295534,0.003079863,0.0033205585,0.0017705733,0.0011426249,0.0058330595,0.0
ERR756863,0.0076983245,0.003652852,0.0007276005,0.009296017,0.0012563571,0.9723405,0.0050283573,0.0
SRR2058024,0.007879335,0.007841948,0.9407302,0.006737949,0.009433328,6.168039e-05,0.027315583,0.0
SRR388073,0.0002323735,0.001264163,0.0016921443,0.9929743,0.0007330533,0.0019682439,0.0011356913,0.0
ERR1428749,0.0050000935,0.0036334568,0.009096714,0.0050869165,0.00084149075,0.00088847405,0.97545284,0.0
ERR525738,0.0002331168,0.0012604132,0.0016926178,0.9929519,0.00073760335,0.0019844228,0.0011399136,0.0
ERR1905872,0.0050000935,0.0036334568,0.009096714,0.0050869165,0.00084149075,0.00088847405,0.97545284,0.0
SRR6444030,0.0002436952,0.0012159778,0.0016299088,0.99287057,0.00078277494,0.0020044332,0.0012526779,0.0
ERR1366646,0.007696865,0.0036548907,0.00072718813,0.009294816,0.0012554452,0.97234344,0.0050272867,0.0
ERR1897559,0.0018980558,0.98295534,0.003079863,0.0033205585,0.0017705733,0.0011426249,0.0058330595,0.0
ERR1314932,0.00024397635,0.0012164316,0.0016613471,0.9927876,0.00079117576,0.0020651587,0.001234277,0.0
ERR2511516,0.00025803532,0.0011666003,0.0015690854,0.9926928,0.0008504342,0.0020635093,0.0013995398,0.0
DRR044232,0.00023255167,0.0012637151,0.0016915174,0.99297386,0.00073337957,0.00196839,0.0011366714,0.0
SRR3095178,0.00023516022,0.0012515306,0.0016769964,0.9929485,0.00074507063,0.0019793196,0.0011634869,0.0
ERR1811229,0.00023507747,0.0012519221,0.0016896547,0.99291134,0.0007485714,0.0020091196,0.0011543575,0.0
ERR2814667,0.7897062,0.04207124,0.04434265,0.0047225244,0.00080632017,0.04200345,0.0763477,0.0
SRR2983143,0.0018980558,0.98295534,0.003079863,0.0033205585,0.0017705733,0.0011426249,0.0058330595,0.0
ERR2511930,0.00023640426,0.0012464762,0.0016672628,0.9929475,0.0007495752,0.0019754686,0.001177292,0.0
SRR1660216,0.00023252217,0.0012641032,0.0016921142,0.99297404,0.0007331126,0.0019682732,0.0011357802,0.0
ERR2511345,0.00023607825,0.0012480292,0.0016690557,0.99295074,0.000748062,0.00197414,0.0011738476,0.0
DRR050930,0.00023246265,0.0012640733,0.0016920544,0.9929738,0.00073320174,0.0019684515,0.0011358693,0.0
ERR2198041,0.00023243293,0.0012641032,0.0016920547,0.99297416,0.0007331126,0.0019682434,0.0011358694,0.0
SRR6411528,0.00023264035,0.0012629982,0.0016906507,0.9929725,0.00073406193,0.0019689505,0.0011381262,0.0
ERR2262736,0.007696748,0.0036548614,0.00072715885,0.009295021,0.0012554452,0.97234356,0.0050272867,0.0
ERR579847,0.0006915331,0.0024027228,0.0035641491,0.49269006,0.0022876263,0.40970728,0.00048476458,0.0881719
SRR6746506,0.0018980558,0.98295534,0.003079863,0.0033204993,0.0017705733,0.0011426249,0.0058330595,0.0
SRR7453901,0.00023249217,0.0012637746,0.0016916066,0.99297386,0.00073337957,0.0019683307,0.0011365226,0.0
ERR1313348,0.00023447802,0.0012542774,0.0016796277,0.9929548,0.0007425782,0.0019764507,0.0011578151,0.0
ERR923468,0.0050000935,0.0036334568,0.009096714,0.0050869165,0.00084149075,0.00088847405,0.97545284,0.0
SRR1920900,0.00023249234,0.001263954,0.0016918755,0.99297404,0.0007332611,0.0019682725,0.001136107,0.0
SRR943487,0.007879335,0.007841948,0.9407302,0.006737949,0.009433328,6.168039e-05,0.027315583,0.0
SRR6931436,0.00023326273,0.0012602791,0.0016866483,0.99296844,0.0007367021,0.0019699428,0.0011447186,0.0
ERR2511158,0.00024710354,0.0012026262,0.0016173401,0.99282414,0.0007990643,0.0020226566,0.0012870261,0.0
SRR1949189,0.00023255189,0.0012640138,0.0016920544,0.99297404,0.00073314225,0.0019682432,0.0011358396,0.0
SRR1426135,0.007696748,0.0036548614,0.00072715885,0.009295021,0.0012554452,0.97234356,0.0050272867,0.0
ERR1263619,0.007700252,0.0036555005,0.000727275,0.009291787,0.0012560291,0.97233784,0.0050312923,0.0
ERR1382328,0.00023762666,0.0012405129,0.0016777829,0.99288493,0.0007598164,0.002019098,0.0011802511,0.0
SRR907736,0.007879335,0.007841948,0.9407302,0.006737949,0.009433328,6.168039e-05,0.027315583,0.0
ERR526060,0.00023676649,0.0012437974,0.0016821128,0.9928959,0.0007554516,0.0020138535,0.0011720535,0.0
ERR1314716,0.00023299619,0.0012617429,0.0016884118,0.9929716,0.000735278,0.0019685545,0.001141363,0.0
SRR2849328,0.007879335,0.007841948,0.9407302,0.006737949,0.009433328,6.168039e-05,0.027315583,0.0
DRR060089,0.0018980558,0.98295534,0.003079863,0.0033205585,0.0017705733,0.0011426249,0.0058330595,0.0
ERR1298259,0.0050000935,0.0036334568,0.009096714,0.0050869165,0.00084149075,0.00088847405,0.97545284,0.0
ERR2495358,0.0050000935,0.0036334568,0.009096714,0.0050869165,0.00084149075,0.00088847405,0.97545284,0.0
ERR1263742,0.0077022198,0.003654976,0.00072762696,0.009292643,0.0012568501,0.9723333,0.0050323503,0.0
SRR3417110,0.0018981143,0.9829551,0.0030798623,0.0033205282,0.0017706319,0.0011426246,0.0058330875,0.0
ERR2309093,0.00024034143,0.0012365686,0.0017204639,0.99280465,0.0007672484,0.0020623554,0.001168452,0.0
SRR8605067,0.0050000935,0.0036334568,0.009096714,0.0050869165,0.00084149075,0.00088847405,0.97545284,0.0
DRR050856,0.00023252214,0.0012640435,0.0016920544,0.9929741,0.00073314225,0.0019682432,0.0011358991,0.0
SRR5155880,0.00023275916,0.0012629081,0.0016902331,0.992973,0.00073421013,0.0019683244,0.0011385715,0.0
SRR1715612,0.00023264046,0.0012629691,0.0016912167,0.9929707,0.00073418126,0.0019703198,0.0011379186,0.0
ERR1226607,0.0050000935,0.0036334568,0.009096714,0.0050869165,0.00084149075,0.00088847405,0.97545284,0.0
ERR525693,0.00023258102,0.0012632371,0.0016908899,0.99297327,0.0007338245,0.0019685356,0.0011376808,0.0
ERR2260425,0.80722195,0.015761916,0.046694256,0.0075252363,0.000697376,0.05089726,0.07120202,0.0
ERR2043149,0.007879335,0.007841948,0.9407302,0.006737949,0.009433328,6.168039e-05,0.027315583,0.0
ERR1249619,0.005239779,0.0037172572,0.009055386,0.0051951366,0.00094486657,0.0009442148,0.9749034,0.0
ERR1759850,0.007879335,0.007841948,0.9407302,0.006737949,0.009433328,6.168039e-05,0.027315583,0.0
SRR6764988,0.0050000935,0.0036334568,0.009096714,0.0050869165,0.00084149075,0.00088847405,0.97545284,0.0
SRR1585376,0.00023593004,0.0012491918,0.0016689403,0.992958,0.00074666564,0.0019692068,0.0011719465,0.0
ERR906556,0.007696748,0.0036548614,0.00072715885,0.009295021,0.0012554452,0.97234356,0.0050272867,0.0
SRR996531,0.00023237347,0.0012641033,0.0016921441,0.9929742,0.00073308294,0.0019682436,0.0011357804,0.0
ERR543651,0.007879335,0.007841948,0.9407302,0.006737949,0.009433328,6.168039e-05,0.027315583,0.0
ERR1522186,0.007696748,0.0036548614,0.00072715885,0.009295021,0.0012554452,0.97234356,0.0050272867,0.0
DRR044356,0.00023848326,0.0012379833,0.0016728331,0.99289495,0.0007601543,0.0020042944,0.0011913455,0.0
SRR6457347,0.0018980558,0.98295534,0.003079863,0.0033205585,0.0017705733,0.0011426249,0.0058330595,0.0
ERR719798,0.00023581162,0.0012499384,0.0016698961,0.9929588,0.00074610225,0.0019691817,0.0011703728,0.0
ERR1310207,0.00025260876,0.0011909846,0.0016352655,0.9926567,0.00083559554,0.0021206466,0.0013082481,0.0
ERR2231364,0.005607009,0.0040776436,0.000761736,0.013426158,0.0012309928,0.96890086,0.0059955446,0.0
ERR1535972,0.0018980558,0.98295534,0.003079863,0.0033205585,0.0017705733,0.0011426249,0.0058330595,0.0
ERR1382710,0.00025027426,0.0011913304,0.0016063526,0.9927853,0.0008130939,0.0020354707,0.0013182518,0.0
ERR1385295,0.00023620887,0.0012482989,0.0016921015,0.9928828,0.00075488084,0.0020277791,0.0011579321,0.0
SRR632522,0.0018980558,0.98295534,0.003079863,0.0033205585,0.0017705733,0.0011426249,0.0058330595,0.0
ERR1311600,0.00026398915,0.0011428725,0.0017061167,0.99170744,0.0009559273,0.0028323375,0.0013912506,0.0
ERR756735,0.0077018198,0.0036480855,0.0007270338,0.00931926,0.0012569838,0.972319,0.0050278185,0.0
SRR2126841,0.0018980558,0.98295534,0.003079863,0.0033205585,0.0017705733,0.0011426249,0.0058330595,0.0
ERR1383814,0.00023252181,0.0012636253,0.0016913381,0.99297386,0.0007335577,0.0019682404,0.0011368493,0.0
ERR543626,0.007879335,0.007841948,0.9407302,0.006737949,0.009433328,6.168039e-05,0.027315583,0.0
SRR2154992,0.0002323735,0.001264163,0.0016921443,0.9929743,0.0007330533,0.0019682439,0.0011356913,0.0
ERR389726,0.0018980558,0.98295534,0.003079863,0.0033205585,0.0017705733,0.0011426249,0.0058330595,0.0
SRR4238920,0.0018980558,0.98295534,0.003079863,0.0033205585,0.0017705733,0.0011426249,0.0058330595,0.0
SRR5178930,0.0018980558,0.98295534,0.003079863,0.0033205585,0.0017705733,0.0011426249,0.0058330595,0.0
SRR3884271,0.0018980558,0.98295534,0.003079863,0.0033204993,0.0017705733,0.0011426249,0.0058330595,0.0
ERR2011870,0.0002323735,0.001264163,0.0016921443,0.9929743,0.0007330533,0.0019682439,0.0011356913,0.0
SRR6932160,0.0002323735,0.001264163,0.0016921443,0.9929743,0.0007330533,0.0019682439,0.0011356913,0.0
SRR3664262,0.0018980558,0.98295534,0.003079863,0.0033205585,0.0017705733,0.0011426249,0.0058330595,0.0
SRR3094935,0.00023287792,0.0012619253,0.0016904993,0.9929662,0.0007353695,0.0019732604,0.0011398793,0.0
SRR1328257,0.0018980558,0.98295534,0.003079863,0.0033205585,0.0017705733,0.0011426249,0.0058330595,0.0
DRR068272,0.00023418285,0.0012552713,0.0016848494,0.99294746,0.0007419905,0.0019834302,0.0011528293,0.0
SRR2658253,0.00024629422,0.0012194851,0.001682272,0.99275196,0.00079164514,0.002066064,0.0012422377,0.0
ERR498722,0.0002324627,0.0012640735,0.0016920846,0.9929742,0.00073308294,0.0019682436,0.0011357209,0.0
ERR1581970,0.007879335,0.007841948,0.9407302,0.006737949,0.009433328,6.168039e-05,0.027315583,0.0
ERR1533364,0.007696748,0.0036548614,0.00072715885,0.009295021,0.0012554452,0.97234356,0.0050272867,0.0
ERR1897507,0.0018980558,0.98295534,0.003079863,0.0033205585,0.0017705733,0.0011426249,0.0058330595,0.0
ERR1762076,0.0076894467,0.0036886265,0.0007252305,0.00928612,0.0012632443,0.9722809,0.00506645,0.0
ERR1220553,0.0018980558,0.98295534,0.003079863,0.0033205585,0.0017705733,0.0011426249,0.0058330595,0.0
ERR2211125,0.0050000935,0.0036334568,0.009096714,0.0050869165,0.00084149075,0.00088847405,0.97545284,0.0
SRR6292224,0.0018980558,0.98295534,0.003079863,0.0033205585,0.0017705733,0.0011426249,0.0058330595,0.0
ERR443126,0.00023278857,0.0012624898,0.0016897548,0.9929723,0.0007345363,0.0019685596,0.001139492,0.0
ERR1897650,0.0018980558,0.98295534,0.003079863,0.0033205585,0.0017705733,0.0011426249,0.0058330595,0.0
ERR2738782,0.00023258102,0.0012633859,0.0016909494,0.99297345,0.00073379476,0.0019682976,0.0011375915,0.0
ERR1582197,0.0018980558,0.98295534,0.003079863,0.0033205585,0.0017705733,0.0011426249,0.0058330595,0.0
DRR030532,0.00023261127,0.0012630316,0.0016927675,0.9929687,0.0007340938,0.001972139,0.0011367017,0.0
ERR1594026,0.007879335,0.007841948,0.9407302,0.006737949,0.009433328,6.168039e-05,0.027315583,0.0
SRR996061,0.0002323735,0.001264163,0.0016921443,0.9929743,0.0007330533,0.0019682439,0.0011356913,0.0
SRR1818160,0.0018980558,0.98295534,0.003079863,0.0033205585,0.0017705733,0.0011426249,0.0058330595,0.0
ERR1109550,0.00023427256,0.0012558092,0.0016893443,0.9929434,0.0007416351,0.001984178,0.0011514336,0.0
SRR6287275,0.0018980558,0.98295534,0.003079863,0.0033205585,0.0017705733,0.0011426249,0.0058330595,0.0
SRR5179965,0.0018980558,0.98295534,0.003079863,0.0033205585,0.0017705733,0.0011426249,0.0058330595,0.0
ERR1677281,0.0050000935,0.0036334568,0.009096714,0.0050869165,0.00084149075,0.00088847405,0.97545284,0.0
SRR3201971,0.00024880454,0.0011986098,0.0016399211,0.99274355,0.0008108899,0.0020736489,0.0012845583,0.0
ERR501264,0.0002323735,0.001264163,0.0016921443,0.9929743,0.0007330533,0.0019682439,0.0011356913,0.0
ERR521419,8.7919216e-05,0.053342525,0.001428336,0.5003897,0.0038165154,0.09457091,0.0005703867,0.34579375
ERR560704,0.00023335466,0.0012606209,0.0016901778,0.9929479,0.00073965546,0.0019860875,0.0011422033,0.0
ERR425034,0.00023637516,0.0012464202,0.0016706283,0.9929402,0.00074990443,0.0019802628,0.001176165,0.0
SRR1661384,0.007696748,0.0036548614,0.00072715885,0.009295021,0.0012554452,0.97234356,0.0050272867,0.0
ERR923921,0.016476283,0.0013164764,0.007640939,0.045518927,0.012441531,0.0010030695,0.91560274,0.0
SRR7453727,0.00023243293,0.0012641032,0.0016921142,0.99297416,0.0007331126,0.0019682434,0.0011358099,0.0
SRR6264643,0.00023892848,0.0012355692,0.001663606,0.9928845,0.0007655051,0.0020138342,0.0011980926,0.0
ERR1523552,0.0025446108,0.10294438,0.00041886067,0.004248568,0.0038483907,0.87937206,0.006623238,0.0
ERR2599235,0.0050000935,0.0036334568,0.009096714,0.0050869165,0.00084149075,0.00088847405,0.97545284,0.0
SRR3632973,0.001897763,0.98295575,0.0030796304,0.0033212104,0.0017705752,0.0011427441,0.005832299,0.0
SRR4826119,0.0018980555,0.9829553,0.0030798626,0.003320558,0.0017705731,0.0011427132,0.0058330293,0.0
ERR537744,0.0077087577,0.0036560781,0.0007283277,0.009292878,0.0012562313,0.97233063,0.0050270343,0.0
SRR5181314,0.0018980558,0.98295534,0.003079863,0.0033205585,0.0017705733,0.0011426249,0.0058330595,0.0
ERR1135193,0.0076972796,0.0036546292,0.0007273057,0.0092945285,0.0012557388,0.97234267,0.005027817,0.0
SRR3951048,0.0002325222,0.0012641033,0.0016920846,0.9929742,0.00073308294,0.0019682436,0.0011357209,0.0
ERR500531,0.00023249234,0.0012640135,0.001691935,0.99297404,0.0007331718,0.0019682427,0.0011360177,0.0
ERR1256203,0.004404535,0.004741133,0.00080634956,0.014891955,0.0010401971,0.9681294,0.005986421,0.0
SRR2098461,0.0018980558,0.98295534,0.003079863,0.0033205585,0.0017705733,0.0011426249,0.0058330595,0.0
SRR4414421,0.007879335,0.007841948,0.9407302,0.006737949,0.009433328,6.168039e-05,0.027315583,0.0
SRR6932308,0.0002323735,0.001264163,0.0016921443,0.9929743,0.0007330533,0.0019682439,0.0011356913,0.0
ERR501105,0.00023243293,0.0012641627,0.0016920547,0.99297416,0.00073314237,0.0019682434,0.0011358099,0.0
SRR3037101,0.00023252208,0.0012640135,0.0016919648,0.9929739,0.00073323137,0.0019683617,0.001135988,0.0
SRR6414287,0.00023237347,0.0012641033,0.0016921441,0.9929742,0.0007330532,0.0019682436,0.00113581,0.0
SRR6292225,0.00048073236,0.0012674476,0.00264059,0.98819214,0.0016899896,0.0040552546,0.0016738868,0.0
SRR7453200,0.00023249234,0.0012640135,0.001691935,0.9929739,0.00073323137,0.001968332,0.0011360772,0.0
ERR2198642,0.00024645112,0.0012059957,0.0016217537,0.9928405,0.0007936874,0.002012471,0.0012791846,0.0
SRR6028623,0.00025256298,0.0011870727,0.0016031936,0.9927196,0.0008307547,0.0020732884,0.0013335313,0.0
SRR4054230,0.0018980558,0.98295534,0.003079863,0.0033205585,0.0017705733,0.0011426249,0.0058330595,0.0
SRR1948928,0.00023631711,0.001247796,0.0016748324,0.9929337,0.0007496115,0.0019839334,0.001173852,0.0
SRR3035109,0.0002593975,0.0011671103,0.001580945,0.9926724,0.00085044553,0.0020632863,0.0014064375,0.0
ERR2013421,0.0025429153,0.037591342,0.078646705,0.035610422,0.8053833,0.0066043963,0.03362083,0.0
SRR8610864,0.0050000935,0.0036334568,0.009096714,0.0050869165,0.00084149075,0.00088847405,0.97545284,0.0
ERR1467121,0.0002323735,0.001264163,0.0016921443,0.9929743,0.0007330533,0.0019682439,0.0011356913,0.0
SRR7081365,0.0018980558,0.98295534,0.003079863,0.0033205585,0.0017705733,0.0011426249,0.0058330595,0.0
ERR531508,0.00023721346,0.0012418682,0.0016847361,0.99287915,0.00075866666,0.0020250147,0.0011733366,0.0
SRR6444477,0.00024321233,0.0012228729,0.0016706311,0.99277383,0.00079132494,0.0020797823,0.0012183222,0.0
SRR3633461,0.0018977917,0.9829552,0.0030795704,0.0033218875,0.0017706925,0.0011428026,0.005832091,0.0
SRR2658196,0.00023275928,0.0012629682,0.0016904421,0.9929732,0.0007340915,0.0019683253,0.0011382747,0.0
ERR2835952,0.007814188,0.0038849555,0.0006945411,0.009083355,0.0013574269,0.97199523,0.005170346,0.0
SRR7902215,0.0050000935,0.0036334568,0.009096714,0.0050869165,0.00084149075,0.00088847405,0.97545284,0.0
ERR443100,0.00023350034,0.0012590279,0.0016875381,0.9929615,0.00073786103,0.0019744015,0.0011461743,0.0
ERR1690504,0.0050000935,0.0036334568,0.009096714,0.0050869165,0.00084149075,0.00088847405,0.97545284,0.0
SRR2297181,0.0018980558,0.98295534,0.003079863,0.0033205585,0.0017705733,0.0011426249,0.0058330595,0.0
SRR5740185,0.0018980558,0.98295534,0.003079863,0.0033205585,0.0017705733,0.0011426249,0.0058330595,0.0
SRR5180762,0.0018980558,0.98295534,0.003079863,0.0033205585,0.0017705733,0.0011426249,0.0058330595,0.0
ERR2210923,0.0050000935,0.0036334568,0.009096714,0.0050869165,0.00084149075,0.00088847405,0.97545284,0.0
ERR2836136,0.007716279,0.0036443262,0.00072501105,0.009349758,0.001263666,0.9722525,0.0050485134,0.0
ERR1314343,0.0018980558,0.98295534,0.003079863,0.0033205585,0.0017705733,0.0011426249,0.0058330595,0.0
SRR6663561,0.0018980558,0.98295534,0.003079863,0.0033205585,0.0017705733,0.0011426249,0.0058330595,0.0
SRR6408811,0.00023518947,0.0012520038,0.0016756245,0.9929555,0.00074423617,0.001973426,0.0011639603,0.0
ERR1690473,0.0050000935,0.0036334568,0.009096714,0.0050869165,0.00084149075,0.00088847405,0.97545284,0.0
SRR802866,0.0018980558,0.98295534,0.003079863,0.0033205585,0.0017705733,0.0011426249,0.0058330595,0.0
ERR1624637,0.00023560846,0.0012469313,0.001687511,0.9928993,0.0007510559,0.0020170237,0.0011625453,0.0
DRR042751,0.0002412379,0.001225968,0.0016529748,0.992878,0.0007720743,0.0020072623,0.0012224584,0.0
ERR1960712,0.00023246265,0.0012640435,0.0016920246,0.99297404,0.000733172,0.0019682432,0.0011359288,0.0
SRR1299252,0.00023863396,0.0012363875,0.0016783496,0.9928778,0.00076224265,0.0020176363,0.0011888867,0.0
ERR1759910,0.0002323735,0.001264163,0.0016921443,0.99297434,0.0007330533,0.0019682439,0.0011356913,0.0
SRR5915520,0.0018980558,0.98295534,0.003079863,0.0033205585,0.0017705733,0.0011426249,0.0058330595,0.0
ERR1135363,0.007703467,0.0036510315,0.00072756445,0.009304982,0.001257312,0.9723239,0.0050317375,0.0
ERR1522534,0.007696836,0.0036548614,0.00072718813,0.009294875,0.0012555037,0.9723434,0.0050273747,0.0
SRR5306496,0.0018980558,0.98295534,0.003079863,0.0033205585,0.0017705733,0.0011426249,0.0058330595,0.0
SRR6444588,0.00023756345,0.0012378462,0.001675615,0.992879,0.00076022086,0.0020249556,0.0011848131,0.0
SRR6679594,0.007879335,0.007841948,0.9407302,0.006737949,0.009433328,6.168039e-05,0.027315583,0.0
SRR7126065,0.0018980558,0.98295534,0.003079863,0.0033205585,0.0017705733,0.0011426249,0.0058330595,0.0
SRR1426424,0.0076967496,0.003654862,0.0007271297,0.009294907,0.0012554454,0.97234374,0.0050272294,0.0
ERR1337438,0.0033027828,0.0073441863,0.004463047,0.013067454,0.00087070465,0.0017071068,0.9486151,0.020629644
ERR499561,0.00023296592,0.0012589737,0.0016908471,0.99294364,0.0007392325,0.0019900263,0.001144335,0.0
ERR2784691,0.00024670621,0.0012070016,0.0016605009,0.99274486,0.0008029625,0.002083307,0.0012546476,0.0
ERR2651981,0.004014194,0.004296005,0.011823893,0.0040914416,0.0006829798,0.0010779798,0.96953964,0.004473865
SRR1631005,0.00023246273,0.0012640738,0.0016922633,0.99297327,0.0007332318,0.0019690173,0.001135721,0.0
ERR923763,0.0050000935,0.0036334568,0.009096714,0.0050869165,0.00084149075,0.00088847405,0.97545284,0.0
ERR719680,0.00024260285,0.0012200036,0.0016462018,0.9928516,0.0007807488,0.002023118,0.0012357964,0.0
ERR1522525,0.0077050356,0.0036669294,0.0007256595,0.009275941,0.0012601216,0.9723318,0.0050343946,0.0
SRR873452,0.00023252214,0.0012640733,0.0016921436,0.992974,0.00073314225,0.0019682432,0.0011357801,0.0
SRR2163521,0.00023409248,0.0012567524,0.0016808256,0.99296594,0.0007397858,0.0019692027,0.0011533888,0.0
ERR1522830,0.003754139,0.35452384,0.0005028546,0.0031055808,0.0019240379,0.48765972,0.0076797307,0.14085007
ERR1383150,0.0002472254,0.0012113807,0.0016748689,0.9926104,0.0008231131,0.0021970107,0.0012359485,0.0
ERR2739294,0.00024032181,0.0012284669,0.0016622953,0.99286616,0.00077093334,0.0020212315,0.0012106806,0.0
ERR866668,0.00023584173,0.0012482747,0.0016731705,0.99294233,0.000748126,0.0019812908,0.0011709101,0.0
SRR5869890,0.0002325815,0.0012639238,0.0016917858,0.9929739,0.0007332608,0.0019682718,0.0011362851,0.0
SRR6054421,0.00023889319,0.0012364031,0.0016507186,0.9929365,0.00075918186,0.0019747354,0.0012035673,0.0
SRR5595803,0.0018980558,0.98295534,0.003079863,0.0033204993,0.0017705733,0.0011426249,0.0058330595,0.0
ERR2511756,0.00023613822,0.0012473774,0.0016712304,0.9929413,0.0007491343,0.0019811934,0.0011735823,0.0
SRR5180544,0.0018980558,0.98295534,0.003079863,0.0033205585,0.0017705733,0.0011426249,0.0058330595,0.0
SRR7636326,0.00087985396,0.0028072,0.0017713904,0.6543008,0.0077165663,0.27477968,0.00073742867,0.057007074
ERR833611,0.0018980558,0.98295534,0.003079863,0.0033205585,0.0017705733,0.0011426249,0.0058330595,0.0
SRR5947828,0.00023255147,0.0012635654,0.0016912781,0.9929737,0.00073358713,0.0019682397,0.0011371166,0.0
ERR1385014,0.00023551623,0.0012497114,0.0016756513,0.9929405,0.0007474175,0.0019840412,0.0011672004,0.0
ERR1533609,0.007696748,0.003654832,0.0007271295,0.009294904,0.0012555037,0.97234356,0.0050272867,0.0
SRR7597003,0.0018980558,0.98295534,0.003079863,0.0033205585,0.0017705733,0.0011426249,0.0058330595,0.0
SRR2004064,0.007879335,0.007841948,0.9407302,0.006737949,0.009433328,6.168039e-05,0.027315583,0.0
SRR1703047,0.00023833346,0.0012373829,0.0016676799,0.9929038,0.00075976417,0.0019998536,0.0011930653,0.0
SRR6265201,0.0002324329,0.0012640435,0.001691995,0.99297416,0.00073308276,0.0019683621,0.0011359288,0.0
ERR1263817,0.0076972735,0.0036550655,0.00072712934,0.009294609,0.0012555327,0.97234225,0.0050281645,0.0
SRR5915104,0.0018980558,0.98295534,0.003079863,0.0033205585,0.0017705733,0.0011426249,0.0058330595,0.0
SRR3094719,0.00023646498,0.0012448767,0.0016726849,0.9929264,0.0007520181,0.0019908864,0.0011766438,0.0
SRR4826592,0.0018980548,0.982955,0.0030798616,0.0033205862,0.0017706314,0.0011427128,0.005833116,0.0
SRR2053278,0.0018980558,0.98295534,0.003079863,0.0033205585,0.0017705733,0.0011426249,0.0058330595,0.0
ERR1428769,0.0050000935,0.0036334568,0.009096714,0.0050869165,0.00084149075,0.00088847405,0.97545284,0.0
ERR2739061,0.00023812258,0.0012393617,0.0016551393,0.9929414,0.0007562161,0.0019737168,0.0011960261,0.0
SRR6436889,0.00023622697,0.0012466311,0.001671346,0.99293935,0.0007496979,0.0019817844,0.0011749184,0.0
SRR500301,0.0018980558,0.98295534,0.003079863,0.0033205585,0.0017705733,0.0011426249,0.0058330595,0.0
ERR1298407,0.0050000935,0.0036334568,0.009096714,0.0050869165,0.00084149075,0.00088847405,0.97545284,0.0
ERR2233559,0.007696748,0.0036548614,0.00072715885,0.009295021,0.0012554452,0.97234356,0.0050272867,0.0
ERR986345,0.007705739,0.0036462317,0.0007261536,0.009387133,0.0012646916,0.9721897,0.005080351,0.0
ERR833145,0.0050000935,0.0036334568,0.009096714,0.0050869165,0.00084149075,0.00088847405,0.97545284,0.0
SRR951974,0.007879335,0.007841948,0.9407302,0.006737949,0.009433328,6.168039e-05,0.027315583,0.0
SRR1702737,0.00026382436,0.0011718785,0.0016866201,0.99217933,0.00091736286,0.0024567398,0.0013242668,0.0
SRR996182,0.0002323735,0.001264163,0.0016921443,0.9929743,0.0007330533,0.0019682439,0.0011356913,0.0
ERR979085,0.0050000935,0.0036334568,0.009096714,0.0050869165,0.00084149075,0.00088847405,0.97545284,0.0
SRR5180069,0.0018980558,0.98295534,0.003079863,0.0033205585,0.0017705733,0.0011426249,0.0058330595,0.0
SRR1743171,0.00023246273,0.0012640738,0.0016921145,0.9929743,0.0007330533,0.0019682439,0.0011358103,0.0
SRR2297134,0.0018980558,0.98295534,0.003079863,0.0033205585,0.0017705733,0.0011426249,0.0058330595,0.0
SRR632507,0.0018980558,0.98295534,0.003079863,0.0033205585,0.0017705733,0.0011426249,0.0058330595,0.0
ERR1896653,0.0018980558,0.98295534,0.003079863,0.0033205585,0.0017705733,0.0011426249,0.0058330595,0.0
ERR1744187,0.0002930724,0.001172914,0.0018242456,0.9918456,0.00097536156,0.0024464333,0.0014424336,0.0
ERR579808,0.00023415731,0.0012553235,0.001697462,0.99292684,0.0007423905,0.00199935,0.001144551,0.0
ERR1725492,0.0050000935,0.0036334568,0.009096714,0.0050869165,0.00084149075,0.00088847405,0.97545284,0.0
ERR543628,0.007879335,0.007841948,0.9407302,0.006737949,0.009433328,6.168039e-05,0.027315583,0.0
SRR4826903,0.0018980555,0.9829552,0.003079774,0.0033205873,0.0017705731,0.0011426838,0.0058330884,0.0
SRR5468185,0.0018980558,0.98295534,0.003079863,0.0033205585,0.0017705733,0.0011426249,0.0058330595,0.0
ERR2511258,0.00023880479,0.0012360802,0.0016539366,0.99292696,0.00075983885,0.0019821185,0.0012022924,0.0
ERR924468,0.005017931,0.0035924301,0.009093047,0.0051678885,0.0008465087,0.00088187127,0.9754003,0.0
SRR3095028,0.00023569354,0.0012486344,0.0016739179,0.99294144,0.0007480087,0.0019823958,0.0011698419,0.0
SRR3094787,0.00023596069,0.0012476499,0.0016726945,0.99293613,0.0007495834,0.001985633,0.0011723079,0.0
ERR1428306,0.0050000935,0.0036334568,0.009096714,0.0050869165,0.00084149075,0.00088847405,0.97545284,0.0
SRR3094864,0.00023528379,0.001250395,0.0016873209,0.99291414,0.00074883306,0.0020059505,0.0011580364,0.0
ERR1311527,0.0002467528,0.0012044702,0.0016295143,0.99279886,0.00080048194,0.0020433166,0.0012766194,0.0
SRR5626840,0.0018980558,0.98295534,0.003079863,0.0033205585,0.0017705733,0.0011426249,0.0058330595,0.0
ERR2608887,0.00066265464,0.002484113,0.0037047267,0.4874367,0.0021714568,0.40915534,0.00044339895,0.09394163
SRR5874705,0.0018980558,0.98295534,0.003079863,0.0033205585,0.0017705733,0.0011426249,0.0058330595,0.0
ERR1385000,0.00023453723,0.0012544842,0.0016788522,0.9929592,0.0007419824,0.0019730574,0.0011578733,0.0
DRR047672,0.0002371187,0.0012428804,0.0016761306,0.9929126,0.0007544551,0.0019969784,0.0011798529,0.0
SRR7704549,0.00028385365,0.0010908943,0.0014380512,0.9924426,0.0009605434,0.0020750947,0.0017089173,0.0
ERR1533338,0.0077021304,0.0036668526,0.0007256324,0.0092777265,0.0012598033,0.9723366,0.0050313342,0.0
ERR986411,0.0077112555,0.0036574572,0.0007287441,0.009275883,0.0012570916,0.9723343,0.00503522,0.0
ERR418294,0.006963211,0.0038454342,0.0007422232,0.010120437,0.0012141101,0.9718842,0.005230292,0.0
SRR6932136,0.0002342114,0.00125583,0.0016816581,0.9929581,0.00074094563,0.0019749429,0.0011542808,0.0
SRR3037138,0.00011787947,0.0017626921,0.0041544386,0.94643253,0.0009393679,0.04556652,0.0010266762,0.0
ERR1522422,0.007696748,0.0036548614,0.0007272467,0.009294904,0.0012555037,0.97234356,0.005027228,0.0
ERR520884,0.00022933933,0.0013724925,0.0018172953,0.9902236,0.00087471725,0.0040197507,0.0014628348,0.0
ERR2060000,0.007696748,0.0036548614,0.00072715885,0.009295021,0.0012554452,0.97234356,0.0050272867,0.0
SRR1618063,0.00023474572,0.0012529389,0.0016811446,0.99294513,0.0007440654,0.001983173,0.0011588265,0.0
ERR1226603,0.0050000935,0.0036334568,0.009096714,0.0050869165,0.00084149075,0.00088847405,0.97545284,0.0
SRR6235169,0.0018980558,0.98295534,0.003079863,0.0033205585,0.0017705733,0.0011426249,0.0058330595,0.0
ERR986162,0.007712489,0.0036545608,0.00072868034,0.009288294,0.0012573462,0.97232497,0.005033661,0.0
ERR1194525,0.00072496623,0.0009840006,0.0029936945,0.7711093,0.0032583354,0.22028549,0.0006442279,0.0
SRR3094914,0.00023676259,0.0012436282,0.0016752143,0.9929168,0.0007534761,0.0019966285,0.0011775072,0.0
SRR2056961,0.007879335,0.007841948,0.9407302,0.006737949,0.009433328,6.168039e-05,0.027315583,0.0
SRR6264299,0.00023741335,0.0012409919,0.0016681098,0.9929201,0.00075566565,0.0019915416,0.001186234,0.0
ERR2011868,0.0002325222,0.0012641033,0.0016920846,0.9929742,0.00073308294,0.0019682436,0.0011357804,0.0
SRR500410,0.0018980558,0.98295534,0.003079863,0.0033205585,0.0017705733,0.0011426249,0.0058330595,0.0
ERR209792,0.00018830416,0.0013749432,0.00316601,0.9489339,0.0014080601,0.04351242,0.0014164133,0.0
ERR1522801,0.0037541394,0.35452345,0.00050276524,0.0031056707,0.0019240382,0.48765978,0.007679791,0.14085044
ERR1328343,0.0002367329,0.0012437475,0.0016727757,0.9929168,0.00075413065,0.0019976401,0.0011781916,0.0
ERR1691817,0.0050000935,0.0036334568,0.009096714,0.0050869165,0.00084149075,0.00088847405,0.97545284,0.0
SRR632498,0.0018980558,0.98295534,0.003079863,0.0033205585,0.0017705733,0.0011426249,0.0058330595,0.0
ERR579642,0.00023379392,0.001246306,0.0016958388,0.9928651,0.0007504011,0.0020489688,0.0011596893,0.0
ERR2211056,0.0050000935,0.0036334568,0.009096714,0.0050869165,0.00084149075,0.00088847405,0.97545284,0.0
ERR500695,0.00024842136,0.0012151025,0.0016340254,0.99264306,0.000809533,0.002138541,0.0013113127,0.0
SRR6746197,0.0018980558,0.98295534,0.003079863,0.0033205585,0.0017705733,0.0011426249,0.0058330595,0.0
SRR5002073,0.0018980555,0.9829552,0.0030798626,0.0033205284,0.0017706321,0.0011426248,0.005833059,0.0
ERR1428909,0.0050000944,0.0036334572,0.0090967445,0.005086917,0.0008414019,0.0008883852,0.97545296,0.0
ERR2738666,0.00023702625,0.0012445292,0.001661355,0.9929534,0.0007510541,0.001968695,0.0011839118,0.0
ERR1313426,0.00023662079,0.0012444083,0.0016887378,0.9928863,0.0007554316,0.0020221486,0.0011663575,0.0
ERR1428621,0.0050000935,0.0036334568,0.009096714,0.0050869165,0.00084149075,0.00088847405,0.97545284,0.0
ERR2729845,0.80575174,0.01905116,0.045982644,0.006906665,0.0007111568,0.048987575,0.072609,0.0
ERR765758,0.0050000935,0.0036334568,0.009096714,0.0050869165,0.00084149075,0.00088847405,0.97545284,0.0
SRR996870,0.0002323735,0.001264163,0.0016921443,0.9929743,0.0007330533,0.0019682439,0.0011356913,0.0
ERR2043296,0.007879335,0.007841948,0.9407302,0.006737949,0.009433328,6.168039e-05,0.027315583,0.0
ERR1523389,0.003754139,0.35452384,0.0005028546,0.0031055808,0.0019240379,0.48765972,0.0076797307,0.14085007
SRR7584223,0.009260814,0.0019632685,0.0007173794,0.02153822,0.0017205647,0.9602373,0.004562482,0.0
ERR1677276,0.0050000935,0.0036334568,0.009096714,0.0050869165,0.00084149075,0.00088847405,0.97545284,0.0
ERR2511741,0.0002367006,0.0012452807,0.001665292,0.9929461,0.00075067225,0.0019755487,0.0011804394,0.0
ERR2538424,0.0002323735,0.001264163,0.0016921443,0.9929743,0.0007330533,0.0019682439,0.0011356913,0.0
SRR3098353,0.001897997,0.98295546,0.003079834,0.0033204998,0.0017705736,0.001142625,0.0058330013,0.0
ERR1716696,0.00060495734,0.88868934,0.0032500923,0.009824336,0.0011290312,0.001730442,0.0036175847,0.09115422
SRR8605541,0.0050000935,0.0036334568,0.009096714,0.0050869165,0.00084149075,0.00088847405,0.97545284,0.0
ERR986390,0.0077306717,0.0036447651,0.00072849024,0.009309463,0.001262447,0.9722674,0.0050567,0.0
SRR5869104,0.0002323735,0.001264163,0.0016921443,0.9929743,0.0007330533,0.0019682439,0.0011356913,0.0
ERR983877,0.0002325515,0.0012636845,0.0016912782,0.9929736,0.0007335575,0.0019683293,0.0011369085,0.0
ERR1823588,0.00025917028,0.0012030463,0.0017972967,0.9924455,0.000837269,0.0022291678,0.0012284189,0.0
SRR7454171,0.00023258147,0.0012631502,0.0016924399,0.9929697,0.0007339449,0.001971395,0.0011368799,0.0
ERR1428454,0.0050000944,0.0036334572,0.009096716,0.005086917,0.00084149087,0.0008883852,0.97545296,0.0
ERR2777826,0.003591091,0.33930257,0.0004920662,0.0033318107,0.0019357803,0.5037404,0.0074065635,0.1401998
SRR1949238,0.00023243293,0.0012641032,0.0016921142,0.9929741,0.00073314237,0.0019682434,0.0011358099,0.0
ERR1759973,0.00023243293,0.0012640437,0.0016921142,0.99297416,0.00073314237,0.0019682434,0.0011358397,0.0
ERR1582913,0.0018980558,0.98295534,0.003079863,0.0033205585,0.0017705733,0.0011426249,0.0058330595,0.0
SRR980654,0.007879335,0.007841948,0.9407302,0.006737949,0.009433328,6.168039e-05,0.027315583,0.0
DRR048012,0.00023252203,0.0012638943,0.0016918752,0.99297386,0.0007332907,0.0019683612,0.0011361663,0.0
ERR866627,0.0002323735,0.001264163,0.0016921443,0.9929743,0.0007330533,0.0019682439,0.0011356913,0.0
ERR1383587,0.00023566646,0.0012487378,0.0016793206,0.9929247,0.00074953417,0.0019959519,0.001166137,0.0
SRR1030426,0.0018980558,0.98295534,0.003079863,0.0033205585,0.0017705733,0.0011426249,0.0058330595,0.0
ERR1593510,0.007879335,0.007841948,0.9407302,0.006737949,0.009433328,6.168039e-05,0.027315583,0.0
SRR1745941,0.00023243293,0.0012641032,0.0016921142,0.99297416,0.00073314237,0.0019682434,0.0011357802,0.0
ERR1512226,0.007696748,0.0036548614,0.00072715885,0.009295021,0.0012554452,0.97234356,0.0050272867,0.0
ERR986287,0.007697163,0.0036546881,0.00072730577,0.009294764,0.0012555339,0.97234327,0.0050273784,0.0
SRR1778281,0.007879335,0.007841948,0.9407302,0.006737949,0.009433328,6.168039e-05,0.027315583,0.0
ERR2219323,0.0025429153,0.037591342,0.078646705,0.035610422,0.8053833,0.0066043963,0.03362083,0.0
SRR8609863,0.0050000935,0.0036334568,0.009096714,0.0050869165,0.00084149075,0.00088847405,0.97545284,0.0
SRR3632997,0.0018980558,0.98295534,0.003079863,0.0033205585,0.0017705733,0.0011426249,0.0058330595,0.0
ERR1511825,0.002554281,0.0031871828,0.0014088289,0.052693587,0.0018984728,0.9339111,0.0043466054,0.0
ERR2729868,0.8056458,0.019257361,0.04594363,0.0068728575,0.00071189884,0.04888011,0.07268838,0.0
SRR831148,0.0018980558,0.98295534,0.003079863,0.0033205585,0.0017705733,0.0011426249,0.0058330595,0.0
SRR996538,0.0002325222,0.0012641033,0.0016920846,0.9929742,0.00073308294,0.0019682436,0.0011357209,0.0
ERR1522673,0.0037328303,0.3535406,0.00050106645,0.0031317174,0.0019240081,0.48816636,0.007639438,0.14136398
SRR4304180,0.00023305557,0.0012616233,0.0016884407,0.99297136,0.0007353074,0.0019686131,0.0011415707,0.0
ERR719003,0.00023605117,0.001246913,0.0016770758,0.99292547,0.0007503013,0.0019936748,0.0011704997,0.0
ERR1255872,0.007696748,0.0036548614,0.00072715885,0.009295021,0.0012554452,0.97234356,0.0050272867,0.0
ERR957023,0.0030883492,0.0055886335,0.00086078537,0.020030279,0.0009228248,0.96282864,0.0066804267,0.0
SRR5947901,0.00023545462,0.0012435727,0.0016807223,0.99289376,0.0007528837,0.0020212631,0.0011723355,0.0
ERR2511390,0.00023513031,0.0012515,0.0016764598,0.99294966,0.00074504036,0.0019783664,0.0011638727,0.0
ERR1725980,0.7871354,0.049098484,0.0413693,0.0047698296,0.00081145234,0.040955607,0.075859964,0.0
ERR3256959,0.0018980558,0.98295534,0.003079863,0.0033205585,0.0017705733,0.0011426249,0.0058330595,0.0
ERR2168939,0.0018980558,0.98295534,0.003079863,0.0033205585,0.0017705733,0.0011426249,0.0058330595,0.0
ERR718993,0.00023785763,0.0012396139,0.0016627429,0.99292165,0.00075717666,0.0019898305,0.0011911322,0.0
ERR522455,0.00018446927,0.0013502225,0.0033678107,0.95379996,0.0012670095,0.038912214,0.0011183302,0.0
SRR6028475,0.00024529206,0.0012113525,0.00161019,0.99290425,0.0007837866,0.0019730723,0.0012721402,0.0
ERR2188029,0.0025429153,0.037591342,0.078646705,0.035610422,0.8053833,0.0066043963,0.03362083,0.0
ERR1256530,0.0076965694,0.0036546844,0.00072715856,0.009296482,0.0012555325,0.97234184,0.005027695,0.0
ERR2738654,0.00023418172,0.0012568119,0.0016805282,0.9929671,0.00073969655,0.0019683698,0.0011533591,0.0
ERR1263897,0.007696748,0.0036548614,0.00072715885,0.009295021,0.0012554452,0.97234356,0.0050272867,0.0
ERR1162963,0.0077516497,0.0036364184,0.00072939234,0.009397871,0.0012728417,0.97212607,0.0050858315,0.0
SRR5181359,0.0018980558,0.98295534,0.003079863,0.0033205585,0.0017705733,0.0011426249,0.0058330595,0.0
ERR209344,0.00022923946,0.0025549233,0.0030350387,0.84322536,0.0014901757,0.11170989,0.0015673041,0.036188066
SRR5180252,0.0018980558,0.98295534,0.003079863,0.0033205585,0.0017705733,0.0011426249,0.0058330595,0.0
SRR7453286,0.00023252214,0.001264103,0.0016920544,0.99297404,0.00073314225,0.0019682432,0.0011358396,0.0
ERR2599159,0.0050000935,0.0036334568,0.009096714,0.0050869165,0.00084149075,0.00088847405,0.97545284,0.0
ERR107179,0.00023569708,0.0012497538,0.0016874174,0.99292105,0.00074796047,0.0019954536,0.0011627207,0.0
SRR7448998,0.00023246273,0.0012641035,0.0016919955,0.99297434,0.0007330533,0.0019682439,0.0011357805,0.0
ERR1905684,0.0050000935,0.0036334568,0.009096714,0.0050869165,0.00084149075,0.00088847405,0.97545284,0.0
ERR719697,0.00023317458,0.0012603147,0.0016894523,0.9929619,0.0007367948,0.001975782,0.0011426416,0.0
SRR2086887,0.0002323735,0.001264163,0.0016921443,0.9929743,0.0007330533,0.0019682439,0.0011356913,0.0
SRR6038266,0.00023803377,0.001239929,0.0016559453,0.99294126,0.00075583084,0.0019742257,0.0011947196,0.0
ERR309696,0.0077355355,0.003665653,0.0007260137,0.009287551,0.0012666361,0.97223294,0.0050857277,0.0
SRR1617695,0.00023246267,0.0012641032,0.0016921142,0.99297416,0.0007331126,0.0019682434,0.0011357802,0.0
SRR3503291,0.00023317397,0.0012607874,0.0016874549,0.99296963,0.0007360492,0.0019695302,0.0011433526,0.0
ERR1896759,0.0039590416,0.06494111,0.00056512555,0.0034836775,0.0032642325,0.9151196,0.008667262,0.0
SRR6264616,0.00023358918,0.0012590258,0.00168581,0.9929643,0.0007378598,0.0019723754,0.001147035,0.0
DRR048190,0.00023367838,0.0012578953,0.0016875649,0.99295646,0.00073907926,0.0019774023,0.0011478974,0.0
SRR5916542,0.0018980558,0.98295534,0.003079863,0.0033205585,0.0017705733,0.0011426249,0.0058330595,0.0
ERR2739121,0.00026648535,0.001162064,0.0015166147,0.9925572,0.00090877956,0.0021063134,0.0014826313,0.0
SRR6038339,0.00023275916,0.0012629378,0.0016902628,0.992972,0.0007343589,0.0019690087,0.0011386013,0.0
ERR2122331,0.0018980558,0.98295534,0.003079863,0.0033205585,0.0017705733,0.0011426249,0.0058330595,0.0
SRR7453786,0.00023243295,0.0012641033,0.0016921143,0.99297416,0.0007331424,0.0019682436,0.0011357804,0.0
SRR1999014,0.0050000935,0.0036334568,0.009096714,0.0050869165,0.00084149075,0.00088847405,0.97545284,0.0
SRR5180966,0.0018980553,0.98295516,0.0030798917,0.0033205282,0.0017706908,0.0011426246,0.005833058,0.0
ERR1548996,0.0026321844,0.038714033,0.075112745,0.038914558,0.80479896,0.0055987607,0.034228712,0.0
ERR866729,0.0002324627,0.0012641033,0.0016921143,0.9929742,0.00073308294,0.0019682436,0.00113581,0.0
SRR1653633,0.0002324329,0.0012641328,0.0016920544,0.99297404,0.00073314225,0.0019682432,0.0011358693,0.0
SRR769724,0.0018980558,0.98295534,0.003079863,0.0033205585,0.0017705733,0.0011426249,0.0058330595,0.0
ERR1314415,0.00032441903,0.001178897,0.0019845902,0.9909383,0.0011150603,0.0030537809,0.0014049135,0.0
SRR920979,0.0002323735,0.001264163,0.0016921443,0.9929743,0.0007330533,0.0019682439,0.0011356913,0.0
ERR1249637,0.0050000935,0.0036334568,0.009096714,0.0050869165,0.00084149075,0.00088847405,0.97545284,0.0
ERR579339,0.00023258117,0.0012634759,0.0016911586,0.99297327,0.00073370594,0.0019685368,0.0011372353,0.0
ERR1691771,0.0050000935,0.0036334568,0.009096714,0.0050869165,0.00084149075,0.00088847405,0.97545284,0.0
ERR833384,0.0018980558,0.98295534,0.003079863,0.0033205585,0.0017705733,0.0011426249,0.0058330595,0.0
SRR2761405,0.00024109194,0.0012258332,0.0016588827,0.99286336,0.0007731241,0.0020194498,0.0012182787,0.0
ERR1226513,0.0050000935,0.0036334568,0.009096714,0.0050869165,0.00084149075,0.00088847405,0.97545284,0.0
SRR3647840,0.00023530787,0.0012508408,0.0016748472,0.9929515,0.0007454242,0.0019760984,0.0011659504,0.0
SRR3362166,0.00024334133,0.0012166769,0.001638197,0.9928563,0.0007829036,0.00201573,0.0012468641,0.0
ERR499504,0.00023575222,0.0012499983,0.0016701049,0.9929585,0.0007460728,0.0019694502,0.0011701353,0.0
SRR2154964,0.0002325222,0.0012641033,0.0016921143,0.9929742,0.0007330532,0.0019682436,0.0011356911,0.0
ERR1523210,0.0076967487,0.003654891,0.0007271589,0.009294963,0.0012555039,0.9723435,0.005027229,0.0
ERR1713332,0.79968816,0.028829478,0.044458006,0.005706312,0.0007425297,0.04494683,0.07562868,0.0
SRR6264872,0.00023261094,0.0012635057,0.0016913373,0.99297255,0.0007337953,0.001969013,0.0011371463,0.0
ERR308398,0.007673912,0.0036629178,0.00072679005,0.009330088,0.0012571646,0.9723154,0.005033726,0.0
ERR2739029,0.00023329242,0.001260368,0.0016862613,0.99297035,0.0007364045,0.0019685144,0.0011447183,0.0
SRR2923004,0.0050000935,0.0036334568,0.009096714,0.0050869165,0.00084149075,0.00088847405,0.97545284,0.0
SRR5947837,0.00023237347,0.0012641033,0.0016921441,0.9929742,0.0007330532,0.0019682436,0.00113581,0.0
ERR720063,0.000234597,0.0012535636,0.0016808175,0.99295044,0.0007430541,0.001979425,0.0011581423,0.0
ERR308948,0.005654101,0.0040060957,0.00075026555,0.013939113,0.0012758324,0.9681032,0.006271429,0.0
SRR5176167,0.0018980558,0.98295534,0.003079863,0.0033205585,0.0017705733,0.0011426249,0.0058330595,0.0
ERR924010,0.0050000935,0.0036334568,0.009096714,0.0050869165,0.00084149075,0.00088847405,0.97545284,0.0
DRR043021,0.00024139565,0.0012271442,0.0016809953,0.992827,0.0007745719,0.002041691,0.0012071567,0.0
SRR5178547,0.0018980551,0.982955,0.0030799208,0.0033205573,0.0017706316,0.001142713,0.0058331164,0.0
ERR2314497,0.0050000935,0.0036334568,0.009096714,0.0050869165,0.00084149075,0.00088847405,0.97545284,0.0
SRR6746520,0.0018982306,0.9829545,0.0030799776,0.0033207317,0.0017706599,0.0011426237,0.00583326,0.0
SRR4431450,0.0018980558,0.98295534,0.003079863,0.0033205585,0.0017705733,0.0011426249,0.0058330595,0.0
DRR042903,0.00023287752,0.0012621015,0.0016893063,0.99297124,0.000734922,0.0019690925,0.0011404424,0.0
SRR6008387,0.0023490137,0.93528444,0.00023120518,0.016953686,0.00041552502,0.005535204,0.039230872,0.0
SRR5165799,0.00023249228,0.0012638645,0.0016917562,0.99297404,0.0007333799,0.0019682422,0.0011362555,0.0
ERR1309745,0.00024680578,0.001204141,0.0016128173,0.99284357,0.0007961486,0.0020105792,0.0012859238,0.0
SRR970271,0.007879133,0.007855354,0.94072366,0.0067323884,0.009445525,6.169132e-05,0.02730217,0.0
SRR5595939,0.0018980558,0.98295534,0.003079863,0.0033205585,0.0017705733,0.0011426249,0.0058330595,0.0
SRR6264056,0.00023278875,0.001262461,0.0016901724,0.99297094,0.00073459634,0.0019698401,0.0011391954,0.0
SRR5180208,0.0018980558,0.98295534,0.003079863,0.0033205585,0.0017705733,0.0011426249,0.0058330595,0.0
SRR5786126,0.0018980558,0.98295534,0.003079863,0.0033205585,0.0017705733,0.0011426249,0.0058330595,0.0
SRR6287246,0.0018980558,0.98295534,0.003079863,0.0033205585,0.0017705733,0.0011426249,0.0058330595,0.0
SRR4780185,0.0018980558,0.98295534,0.003079863,0.0033205585,0.0017705733,0.0011426249,0.0058330595,0.0
SRR3361663,0.00025036102,0.0012045167,0.0016830221,0.99268097,0.0008114279,0.0021016884,0.0012680736,0.0
SRR6409042,0.0002323735,0.001264163,0.0016921443,0.9929743,0.0007330533,0.0019682439,0.0011356913,0.0
DRR042850,0.00023510274,0.0012512439,0.0016848634,0.9929331,0.0007457314,0.0019900745,0.0011598382,0.0
SRR5155780,0.00023252175,0.0012635655,0.0016913972,0.9929736,0.00073358725,0.0019682995,0.0011369977,0.0
ERR521436,0.0011265874,0.0027684867,0.015740842,0.059262782,0.009724528,0.03029722,0.45560974,0.42546982
SRR6670403,0.0077005606,0.0036563883,0.0007268609,0.0092950445,0.0012570766,0.97233015,0.0050338423,0.0
ERR986194,0.007780977,0.0036208723,0.0007325857,0.009397855,0.0012718184,0.9721272,0.0050686765,0.0
ERR990568,0.007696748,0.0036548614,0.00072715885,0.009295021,0.0012554452,0.97234356,0.0050272867,0.0
ERR543614,0.007879335,0.007841948,0.9407302,0.006737949,0.009433328,6.168039e-05,0.027315583,0.0
SRR1718854,0.00023281905,0.0012621369,0.0016921397,0.99296576,0.00073492527,0.0019739498,0.0011383354,0.0
ERR1297899,0.0050000935,0.0036334568,0.009096714,0.0050869165,0.00084149075,0.00088847405,0.97545284,0.0
ERR1677047,0.0050000935,0.0036334568,0.009096714,0.0050869165,0.00084149075,0.00088847405,0.97545284,0.0
SRR5180303,0.0018980558,0.98295534,0.003079863,0.0033205585,0.0017705733,0.0011426249,0.0058330595,0.0
ERR543607,0.007879335,0.007841948,0.9407302,0.006737949,0.009433328,6.168039e-05,0.027315583,0.0
ERR1689456,0.0050000935,0.0036334568,0.009096714,0.0050869165,0.00084149075,0.00088847405,0.97545284,0.0
ERR1897573,0.0018979969,0.98295546,0.003079863,0.0033205585,0.0017705733,0.0011426249,0.0058330004,0.0
SRR994862,0.0002323735,0.001264163,0.0016921443,0.9929743,0.0007330533,0.0019682439,0.0011356913,0.0
SRR8611355,0.0050000935,0.0036334568,0.009096714,0.0050869165,0.00084149075,0.00088847405,0.97545284,0.0
ERR1314114,0.00030909822,0.0011527668,0.00194479,0.9914327,0.0010870202,0.0027355638,0.0013379877,0.0
ERR1583085,0.0018980558,0.98295534,0.003079863,0.0033205585,0.0017705733,0.0011426249,0.0058330595,0.0
SRR1359852,0.0018980558,0.98295534,0.003079863,0.0033205585,0.0017705733,0.0011426249,0.0058330595,0.0
SRR1715614,0.00023554482,0.0012503894,0.001672401,0.9929549,0.0007457779,0.001972699,0.0011682357,0.0
SRR1623128,0.0018980558,0.98295534,0.003079863,0.0033205585,0.0017705733,0.0011426249,0.0058330595,0.0
ERR308453,0.0077132266,0.0036490893,0.00072738103,0.009315134,0.0012587925,0.97229475,0.005041584,0.0
ERR2198614,0.00023364992,0.0012595679,0.001686295,0.99295115,0.00074048137,0.0019818451,0.0011469221,0.0
ERR1511895,0.0077016046,0.0036581855,0.00072612497,0.009293268,0.0012580953,0.972329,0.0050337575,0.0
SRR6511319,0.0018980558,0.98295534,0.003079863,0.0033205585,0.0017705733,0.0011426249,0.0058330595,0.0
SRR5180988,0.0018980558,0.98295534,0.003079863,0.0033205585,0.0017705733,0.0011426249,0.0058330595,0.0
SRR1258277,0.0018980558,0.98295534,0.003079863,0.0033205585,0.0017705733,0.0011426249,0.0058330595,0.0
ERR1913236,0.00025293458,0.0011820068,0.0015741357,0.9928059,0.0008209223,0.002008698,0.0013553975,0.0
SRR5180029,0.0018980558,0.98295534,0.003079863,0.0033205585,0.0017705733,0.0011426249,0.0058330595,0.0
ERR1315349,0.00023800496,0.0012393092,0.0016590451,0.9929296,0.0007569938,0.001983335,0.0011937427,0.0
SRR6054594,0.000248402,0.0011992169,0.0015925027,0.9928779,0.0007970989,0.0019785324,0.0013063037,0.0
ERR1256334,0.0007353425,0.0022919476,0.0033625662,0.5012153,0.0024631917,0.408669,0.0005514324,0.080711246
SRR6299054,0.00026776368,0.001202438,0.0016802008,0.9922356,0.0009474349,0.0023475576,0.0013189488,0.0
ERR982914,0.8068653,0.016667776,0.046465535,0.0073395376,0.00070119,0.050335243,0.071625404,0.0
ERR418239,0.007464863,0.0037043097,0.0007299062,0.009600857,0.0012474052,0.9721283,0.005124371,0.0
SRR3931533,0.0002324627,0.0012641033,0.0016920846,0.99297416,0.0007330532,0.0019682436,0.00113581,0.0
SRR5823480,0.0018980558,0.98295534,0.003079863,0.0033205585,0.0017705733,0.0011426249,0.0058330595,0.0
ERR3569067,0.007879335,0.007841948,0.9407302,0.006737949,0.009433328,6.168039e-05,0.027315583,0.0
SRR1060336,0.0002325222,0.0012641033,0.0016920846,0.99297416,0.00073308294,0.0019682436,0.0011357209,0.0
SRR3201964,0.0002323735,0.001264163,0.0016921443,0.9929743,0.0007330533,0.0019682439,0.0011356913,0.0
ERR1743367,0.0018980558,0.98295534,0.003079863,0.0033205585,0.0017705733,0.0011426249,0.0058330595,0.0
ERR1382562,0.00023486433,0.0012525801,0.0016800117,0.99294454,0.0007446889,0.0019832295,0.0011600442,0.0
SRR3381549,0.00023323337,0.0012607571,0.0016872758,0.9929699,0.0007360787,0.0019692322,0.0011435901,0.0
SRR7269973,0.007696748,0.0036548614,0.00072715885,0.009295021,0.0012554452,0.97234356,0.0050272867,0.0
SRR5259167,0.0018980558,0.98295534,0.003079863,0.0033205585,0.0017705733,0.0011426249,0.0058330595,0.0
SRR1976082,0.0018980558,0.98295534,0.003079863,0.0033205585,0.0017705733,0.0011426249,0.0058330595,0.0
SRR4826747,0.0018980555,0.9829553,0.0030798332,0.0033205284,0.0017706321,0.0011426248,0.0058330884,0.0
SRR6670957,0.007696748,0.0036548614,0.00072715885,0.009295021,0.0012554452,0.97234356,0.0050272867,0.0
ERR450705,0.00023246273,0.0012641035,0.0016920848,0.9929743,0.0007330533,0.0019682439,0.0011357805,0.0
DRR043190,0.00023403358,0.0012569637,0.0016828822,0.9929621,0.00073972816,0.0019722711,0.0011520234,0.0
ERR1583005,0.0018980558,0.98295534,0.003079863,0.0033205585,0.0017705733,0.0011426249,0.0058330595,0.0
ERR1523850,0.003754139,0.35452342,0.0005028546,0.0031055808,0.0019240379,0.4876599,0.0076797903,0.1408503
SRR980734,0.0050000935,0.0036334568,0.009096714,0.0050869165,0.00084149075,0.00088847405,0.97545284,0.0
SRR3503346,0.0002323735,0.001264163,0.0016921443,0.9929743,0.0007330533,0.0019682439,0.0011356913,0.0
SRR1949277,0.00023252211,0.0012640732,0.0016920245,0.992974,0.00073317194,0.001968243,0.0011359585,0.0
ERR1691649,0.0050000935,0.0036334568,0.009096714,0.0050869165,0.00084149075,0.00088847405,0.97545284,0.0
ERR866546,0.00023504434,0.0012514282,0.0016873995,0.99292856,0.00074588356,0.0019940399,0.0011576425,0.0
SRR2010488,0.00023240327,0.0012641632,0.0016921444,0.99297416,0.0007330831,0.001968363,0.0011356914,0.0
ERR139053,0.0025298963,0.00316758,0.0015434113,0.04385025,0.0017220585,0.9438865,0.0033002303,0.0
SRR5180180,0.0018980558,0.98295534,0.003079863,0.0033205585,0.0017705733,0.0011426249,0.0058330595,0.0
SRR1346107,0.8076595,0.014451715,0.046980478,0.007828191,0.0006906957,0.05180293,0.0705864,0.0
SRR5467925,0.00023246273,0.001264044,0.0016920848,0.99297434,0.0007330533,0.0019682439,0.0011357805,0.0
SRR6511215,0.0018980558,0.98295534,0.003079863,0.0033205585,0.0017705733,0.0011426249,0.0058330595,0.0
SRR1010970,0.0018980558,0.98295534,0.003079863,0.0033205585,0.0017705733,0.0011426249,0.0058330595,0.0
ERR833421,0.0018980558,0.98295534,0.003079863,0.0033205585,0.0017705733,0.0011426249,0.0058330595,0.0
SRR6931828,0.0002323735,0.001264163,0.0016921443,0.9929743,0.0007330533,0.0019682439,0.0011356913,0.0
SRR7901964,0.0012142956,0.3338362,0.10271329,0.0001257956,0.005829543,0.00019776821,0.24784416,0.30823898
DRR060090,0.0018980558,0.98295534,0.003079863,0.0033205585,0.0017705733,0.0011426249,0.0058330595,0.0
SRR7902298,0.0050000935,0.0036334568,0.009096714,0.0050869165,0.00084149075,0.00088847405,0.97545284,0.0
ERR2510951,0.00024011364,0.0012306976,0.0016564659,0.9928739,0.0007709929,0.0020167702,0.0012110079,0.0
SRR980670,0.007879335,0.007841948,0.9407302,0.006737949,0.009433328,6.168039e-05,0.027315583,0.0
ERR499159,0.00023249212,0.0012637445,0.0016914278,0.9929739,0.0007334686,0.0019682408,0.0011367603,0.0
SRR6932261,0.00023311556,0.0012601387,0.0016908834,0.9929587,0.000736945,0.0019783739,0.0011418111,0.0
SRR1949301,0.00023311467,0.0012611155,0.0016876645,0.9929707,0.0007358119,0.0019689072,0.0011427288,0.0
ERR719363,0.00023341163,0.00125912,0.0016879882,0.99295986,0.00073789246,0.0019764286,0.0011452845,0.0
SRR3361587,0.00024613284,0.0012070502,0.0016382883,0.99279374,0.0007983852,0.0020499867,0.0012664421,0.0
SRR6264893,0.00023278866,0.0012623118,0.0016899041,0.99297005,0.00073486374,0.001970375,0.001139671,0.0
SRR5003009,0.011320058,0.9627318,0.0030982026,0.00068429735,0.007039802,0.013068312,0.0020575388,0.0
SRR5915160,0.0018980558,0.98295534,0.003079863,0.0033205585,0.0017705733,0.0011426249,0.0058330595,0.0
ERR209755,0.00023278854,0.0012617758,0.0016907064,0.9929661,0.00073519064,0.0019734972,0.0011399083,0.0
SRR028690,0.00023252214,0.0012641625,0.0016921139,0.99297404,0.0007331125,0.0019683028,0.0011357503,0.0
ERR1383325,0.00024795762,0.0012048415,0.0016640256,0.9927074,0.000811595,0.0021064354,0.001257782,0.0
SRR5915607,0.0018980558,0.98295534,0.003079863,0.0033205585,0.0017705733,0.0011426249,0.0058330595,0.0
ERR1313467,0.00024192718,0.0012240016,0.0016599107,0.9928264,0.0007815788,0.0020450193,0.0012211463,0.0
ERR1691535,0.0050000935,0.0036334568,0.009096714,0.0050869165,0.00084149075,0.00088847405,0.97545284,0.0
ERR365931,0.0002432366,0.0012200199,0.0016650613,0.9927914,0.00078874925,0.0020659347,0.0012256115,0.0
ERR1314050,0.00023267037,0.0012634756,0.0016910989,0.9929735,0.0007337059,0.0019682986,0.0011372054,0.0
SRR7704489,0.00023782667,0.001240262,0.0016583324,0.99293566,0.0007559533,0.0019792318,0.0011927026,0.0
SRR6457335,0.0018980558,0.98295534,0.003079863,0.0033205585,0.0017705733,0.0011426249,0.0058330595,0.0
ERR543906,0.007879335,0.007841948,0.9407302,0.006737949,0.009433328,6.168039e-05,0.027315583,0.0
SRR3419431,0.00025303225,0.0011908397,0.00167103,0.9926283,0.00083068217,0.0021359038,0.0012902027,0.0
SRR6932146,0.0002323735,0.001264163,0.0016921443,0.9929743,0.0007330533,0.0019682439,0.0011356913,0.0
SRR6005077,0.0018980558,0.98295534,0.003079863,0.0033205585,0.0017705733,0.0011426249,0.0058330595,0.0
ERR441716,0.00023246267,0.0012641627,0.0016921142,0.9929741,0.00073314237,0.0019682434,0.0011357208,0.0
SRR3742125,0.0018980558,0.98295534,0.003079863,0.0033205585,0.0017705733,0.0011426249,0.0058330595,0.0
ERR983897,0.00023439113,0.0012538438,0.0016865453,0.99293894,0.0007433887,0.0019891418,0.0011537516,0.0
SRR6264117,0.0002325222,0.0012641033,0.0016920846,0.9929742,0.00073308294,0.0019682436,0.0011357804,0.0
SRR7901992,0.0034890473,0.34289873,0.00048404932,0.0034443736,0.0019289851,0.4931794,0.0071513057,0.1474241
ERR1691776,0.0050000935,0.0036334568,0.009096714,0.0050869165,0.00084149075,0.00088847405,0.97545284,0.0
SRR2168107,0.0018980558,0.98295534,0.003079863,0.0033205585,0.0017705733,0.0011426249,0.0058330595,0.0
ERR1385468,0.00023818809,0.0012377572,0.0016710644,0.9928867,0.00076206506,0.0020151404,0.0011890666,0.0
SRR8611001,0.0050000935,0.0036334568,0.009096714,0.0050869165,0.00084149075,0.00088847405,0.97545284,0.0
SRR5179967,0.0018980558,0.98295534,0.003079863,0.0033205585,0.0017705733,0.0011426249,0.0058330595,0.0
ERR498804,0.00024163898,0.0012256843,0.0016801404,0.9927712,0.0007847021,0.0020938178,0.0012028409,0.0
SRR640748,0.0012401342,0.042293698,0.26846176,0.00050494075,0.00087979436,0.00018158555,0.39107043,0.29536766
SRR1660219,0.00023246267,0.0012641032,0.0016921439,0.99297404,0.0007331721,0.0019682434,0.0011358099,0.0
SRR6028316,0.00023625576,0.00124734,0.0016667884,0.9929535,0.00074853486,0.0019713065,0.0011762818,0.0
SRR5915078,0.0018980558,0.98295534,0.003079863,0.0033205585,0.0017705733,0.0011426249,0.0058330595,0.0
SRR6264526,0.00025042627,0.0011917031,0.0016162174,0.9927625,0.00081497827,0.002051051,0.0013130354,0.0
SRR5525176,0.00023243282,0.0012639835,0.0016917861,0.9929741,0.00073323125,0.0019682723,0.0011361664,0.0
SRR1949006,0.00023243295,0.0012640439,0.0016920548,0.9929743,0.0007331127,0.0019682436,0.0011358398,0.0
SRR6028197,0.00023341102,0.0012599792,0.0016856041,0.9929698,0.00073684944,0.0019685708,0.0011457277,0.0
ERR1897563,0.0018980558,0.98295534,0.003079863,0.0033205585,0.0017705733,0.0011426249,0.0058330595,0.0
SRR5643941,0.00023255161,0.0012636851,0.0016917549,0.9929727,0.0007335876,0.0019691035,0.001136671,0.0
ERR532082,0.0002442607,0.0012132736,0.0016368115,0.9928433,0.00078676164,0.0020211511,0.0012544943,0.0
ERR1314772,0.00023928258,0.0012343352,0.0016579055,0.9928911,0.0007662694,0.0020072968,0.0012039081,0.0
ERR757082,0.0006806553,0.002525896,0.0036240818,0.48137954,0.0022719505,0.42251873,0.0005024374,0.08649672
SRR7145462,0.0018980558,0.98295534,0.003079863,0.0033205585,0.0017705733,0.0011426249,0.0058330595,0.0
DRR042861,0.00023249231,0.0012638944,0.0016919646,0.9929737,0.000733261,0.0019685102,0.0011361366,0.0
ERR107084,0.0002327592,0.001262819,0.0016906795,0.9929716,0.00073424,0.0019693957,0.001138542,0.0
ERR2762978,0.0077032186,0.0036560348,0.0007264739,0.009302581,0.0012580617,0.9723142,0.005039481,0.0
ERR1523153,0.0076967487,0.0036548618,0.00072712963,0.009294905,0.0012554453,0.9723436,0.0050272876,0.0
SRR7901905,0.0012142956,0.3338362,0.10271329,0.0001257956,0.005829543,0.00019776821,0.24784416,0.30823898
ERR1313921,0.00017803907,0.0017385185,0.0028642714,0.9468843,0.001327604,0.04363364,0.0020061731,0.0013675094
ERR878217,0.0077418936,0.003605216,0.00073105976,0.00943577,0.0012694332,0.9721917,0.0050249556,0.0
SRR3633467,0.0018980558,0.98295534,0.003079863,0.0033205585,0.0017705733,0.0011426249,0.0058330595,0.0
ERR1512324,0.0018980558,0.98295534,0.003079863,0.0033205585,0.0017705733,0.0011426249,0.0058330595,0.0
ERR1689415,0.0050000935,0.0036334568,0.009096714,0.0050869165,0.00084149075,0.00088847405,0.97545284,0.0
SRR2074948,0.0018980558,0.98295534,0.003079863,0.0033205585,0.0017705733,0.0011426249,0.0058330595,0.0
SRR8609791,0.0050000935,0.0036334568,0.009096714,0.0050869165,0.00084149075,0.00088847405,0.97545284,0.0
SRR8610133,0.0050000935,0.0036334568,0.009096714,0.0050869165,0.00084149075,0.00088847405,0.97545284,0.0
SRR5947935,0.00024721763,0.0011843726,0.0016433295,0.9925416,0.00083607313,0.0022473815,0.0012999668,0.0
SRR2145416,0.0002325222,0.0012641033,0.0016920846,0.9929742,0.00073308294,0.0019682436,0.0011357804,0.0
SRR6792280,0.0018980558,0.98295534,0.003079863,0.0033205585,0.0017705733,0.0011426249,0.0058330595,0.0
ERR1554596,0.009490043,0.12194422,0.014891505,0.0014037788,0.005585104,0.15388936,0.012370318,0.68042564
SRR5644037,0.00023278872,0.0012626393,0.001690083,0.99297184,0.000734507,0.001969007,0.0011390763,0.0
ERR500107,0.00023243293,0.0012641032,0.0016920547,0.99297416,0.0007331126,0.0019682434,0.0011358694,0.0
ERR1310776,0.00026423816,0.0011730866,0.0016635852,0.99238807,0.0009010566,0.0022570728,0.0013528935,0.0
SRR2006390,0.0003524721,0.0031800272,0.0017716588,0.8299617,0.00402692,0.11658827,0.0018505753,0.0422684
SRR8610600,0.0050000935,0.0036334568,0.009096714,0.0050869165,0.00084149075,0.00088847405,0.97545284,0.0
ERR520787,0.00025722058,0.0011909351,0.001691696,0.99255705,0.00084033125,0.0021535866,0.0013091811,0.0
ERR1521898,0.007696747,0.0036549487,0.00072724663,0.009294903,0.0012555035,0.97234344,0.0050272276,0.0
ERR765775,0.0050000935,0.0036334568,0.009096714,0.0050869165,0.00084149075,0.00088847405,0.97545284,0.0
ERR1523416,0.0037536924,0.35461953,0.00050318247,0.0031043594,0.0019248726,0.48754677,0.007675023,0.14087261
ERR1582222,0.0018980558,0.98295534,0.003079863,0.0033205585,0.0017705733,0.0011426249,0.0058330595,0.0
SRR5429423,0.0018980558,0.98295534,0.003079863,0.0033205585,0.0017705733,0.0011426249,0.0058330595,0.0
SRR924172,0.0018980558,0.98295534,0.003079863,0.0033205585,0.0017705733,0.0011426249,0.0058330595,0.0
ERR501381,0.00023246267,0.0012641627,0.0016920844,0.9929741,0.0007331126,0.0019682434,0.0011357802,0.0
ERR1759939,0.00024666317,0.0012052346,0.0017788187,0.9923395,0.00082518527,0.002449676,0.0011549322,0.0
ERR1689195,0.0050000935,0.0036334568,0.009096714,0.0050869165,0.00084149075,0.00088847405,0.97545284,0.0
SRR2126844,0.0018980558,0.98295534,0.003079863,0.0033205585,0.0017705733,0.0011426249,0.0058330595,0.0
SRR6444710,0.00024840143,0.0012156264,0.0016298072,0.99271524,0.00082309736,0.0020952327,0.0012726112,0.0
ERR1725961,0.8012981,0.026449658,0.044779383,0.005938139,0.0007358076,0.045770954,0.07502803,0.0
ERR792511,0.0018980558,0.98295534,0.003079863,0.0033205585,0.0017705733,0.0011426249,0.0058330595,0.0
SRR6444813,0.00024485603,0.0012125325,0.0016346734,0.9928246,0.0007918786,0.002033557,0.001257917,0.0
ERR866709,0.00023255167,0.0012637449,0.0016916066,0.9929737,0.0007334093,0.0019684497,0.0011365226,0.0
SRR3191069,0.0002357225,0.0012490466,0.0016714436,0.99295014,0.0007472031,0.0019756074,0.001170879,0.0
SRR7081212,0.00048711896,0.0070096254,0.028881967,0.15430504,0.0016078055,0.00184533,0.055386275,0.75047684
SRR5983363,0.00023391687,0.0012565298,0.0016871225,0.9929436,0.00074184727,0.0019873714,0.0011496253,0.0
ERR1382292,0.00021876849,0.0010790081,0.0021840879,0.9888045,0.001035308,0.005530957,0.0011472934,0.0
SRR3647874,0.00023474469,0.0012536473,0.0016777166,0.99295765,0.0007428426,0.0019734378,0.0011599517,0.0
ERR531449,0.00024459057,0.001212603,0.0016471498,0.99281824,0.0007892091,0.0020371147,0.0012510879,0.0
ERR487241,0.007696748,0.0036548614,0.00072715885,0.009295021,0.0012554452,0.97234356,0.0050272867,0.0
ERR537761,0.0076967487,0.0036548325,0.0007271589,0.009294935,0.0012554453,0.9723435,0.005027375,0.0
ERR923651,0.0050000935,0.0036334568,0.009096714,0.0050869165,0.00084149075,0.00088847405,0.97545284,0.0
ERR1897005,0.003754139,0.35452384,0.0005028546,0.0031055808,0.0019240379,0.48765972,0.0076797307,0.14085007
SRR5007214,0.0018980558,0.98295534,0.003079863,0.0033205585,0.0017705733,0.0011426249,0.0058330595,0.0
ERR531952,0.00023782761,0.0012401775,0.0016624138,0.9929283,0.0007559563,0.0019845339,0.0011906846,0.0
ERR139052,0.00024010644,0.001249315,0.001672327,0.9928003,0.0007848078,0.0020695794,0.0011835772,0.0
DRR018720,0.0002341532,0.0012557476,0.0016871701,0.9929483,0.0007412769,0.0019816463,0.0011517886,0.0
SRR5210803,0.007696748,0.0036548614,0.00072715885,0.009295021,0.0012554452,0.97234356,0.0050272867,0.0
ERR705795,0.00023596031,0.0012483619,0.0016721564,0.99294513,0.00074797607,0.0019788186,0.0011715327,0.0
SRR6408727,0.00023252214,0.001264103,0.0016920544,0.99297404,0.00073314225,0.0019682432,0.0011358396,0.0
ERR765748,0.0050000935,0.0036334568,0.009096714,0.0050869165,0.00084149075,0.00088847405,0.97545284,0.0
SRR7453627,0.00023246265,0.0012640733,0.001691995,0.99297416,0.00073320174,0.0019682432,0.0011359288,0.0
SRR6409065,0.00023252217,0.0012641032,0.0016921142,0.9929741,0.00073314237,0.0019682434,0.0011357802,0.0
SRR1631272,0.0002323735,0.001264163,0.0016921443,0.9929743,0.0007330533,0.0019682439,0.0011356913,0.0
SRR1302197,0.0018980558,0.98295534,0.003079863,0.0033205585,0.0017705733,0.0011426249,0.0058330595,0.0
SRR2002299,0.0018980558,0.98295534,0.003079863,0.0033205585,0.0017705733,0.0011426249,0.0058330595,0.0
SRR4300290,0.0018981433,0.982955,0.0030799205,0.0033205862,0.0017706314,0.0011426244,0.0058331746,0.0
ERR878270,0.0076995287,0.0036507014,0.00072748086,0.009304948,0.0012566164,0.97233325,0.0050274907,0.0
ERR209569,0.0002195833,0.0012173024,0.001900001,0.99166286,0.0008103549,0.003039448,0.0011504248,0.0
ERR1533500,0.007721109,0.00370083,0.00072175526,0.009227941,0.0012720267,0.97230774,0.0050485674,0.0
SRR2086750,0.00023243298,0.0012637168,0.0016924714,0.9929718,0.00073346973,0.001970088,0.0011360184,0.0
SRR943901,0.0018980558,0.98295534,0.003079863,0.0033205585,0.0017705733,0.0011426249,0.0058330595,0.0
ERR923797,0.0051117186,0.003403693,0.009074183,0.0055801575,0.00087455113,0.00085238286,0.97510326,0.0
SRR8610222,0.0050000935,0.0036334568,0.009096714,0.0050869165,0.00084149075,0.00088847405,0.97545284,0.0
ERR1690781,0.0050000935,0.0036334568,0.009096714,0.0050869165,0.00084149075,0.00088847405,0.97545284,0.0
ERR1384904,0.00024242385,0.001229431,0.0016941709,0.9927508,0.00078917143,0.0021028707,0.0011910894,0.0
SRR5165884,0.00023246273,0.0012640738,0.0016921443,0.9929742,0.00073308306,0.0019683035,0.001135721,0.0
ERR719310,0.0002346265,0.0012542761,0.0016792392,0.99295586,0.00074248813,0.0019754076,0.0011581411,0.0
ERR441630,0.00023243295,0.0012641033,0.0016921143,0.9929742,0.0007331127,0.0019682436,0.00113581,0.0
ERR1533783,0.0068167113,0.0038466211,0.0007634906,0.014831796,0.0016036496,0.9649437,0.00719402,0.0
ERR487542,0.0023666024,0.17226142,0.0009252727,0.13932768,0.0546875,0.49128675,0.0007686317,0.13837612
SRR8610973,0.0050000935,0.0036334568,0.009096714,0.0050869165,0.00084149075,0.00088847405,0.97545284,0.0
ERR579464,0.00023373713,0.0012580696,0.0016844064,0.9929631,0.0007387497,0.0019726665,0.0011492918,0.0
SRR3922950,0.007879335,0.007841948,0.9407302,0.006737949,0.009433328,6.168039e-05,0.027315583,0.0
SRR632565,0.0018980558,0.98295534,0.003079863,0.0033205585,0.0017705733,0.0011426249,0.0058330595,0.0
ERR1103068,0.0018980558,0.98295534,0.003079863,0.0033205585,0.0017705733,0.0011426249,0.0058330595,0.0
SRR1302198,0.0018980558,0.98295534,0.003079863,0.0033205585,0.0017705733,0.0011426249,0.0058330595,0.0
ERR209765,0.00023474575,0.0012527308,0.0016814423,0.9929449,0.0007440655,0.0019832922,0.0011588266,0.0
ERR2739208,0.0002343892,0.0012560049,0.0016793926,0.99296534,0.0007404974,0.0019689586,0.0011554079,0.0
ERR444148,0.0002352254,0.0012513229,0.0016878939,0.9929109,0.0007493422,0.0020086665,0.0011565844,0.0
SRR7449337,0.0002324626,0.001264073,0.0016920838,0.9929739,0.00073320157,0.001968332,0.0011359286,0.0
ERR1256567,0.0076965704,0.003654802,0.00072718796,0.00929581,0.0012554742,0.9723425,0.0050275493,0.0
ERR531984,0.00023394456,0.0012574409,0.0016826757,0.9929642,0.00073928264,0.0019711428,0.0011512511,0.0
ERR3006010,0.00023287749,0.0012621906,0.0016890087,0.9929724,0.0007348327,0.0019681999,0.001140472,0.0
ERR2002290,0.00023806498,0.0012383008,0.0016617555,0.9929172,0.0007586314,0.0019920245,0.0011939536,0.0
ERR499757,0.0002329368,0.0012619518,0.0016886506,0.9929722,0.0007350404,0.0019682283,0.0011410364,0.0
SRR5916502,0.0018980558,0.98295534,0.003079863,0.0033205585,0.0017705733,0.0011426249,0.0058330595,0.0
SRR3884269,0.0018980555,0.9829552,0.0030798332,0.003320558,0.0017705731,0.0011427132,0.005833,0.0
SRR4414597,0.007879335,0.007841948,0.9407302,0.006737949,0.009433328,6.168039e-05,0.027315583,0.0
ERR107108,0.00023246263,0.0012639541,0.001691965,0.9929739,0.0007332612,0.0019683025,0.0011360476,0.0
SRR2658189,0.00024225083,0.0012248463,0.0016653592,0.9928421,0.00077633286,0.0020260438,0.0012230321,0.0
ERR501188,0.00023391757,0.0012576341,0.0016875439,0.99294394,0.0007415818,0.0019873476,0.0011479927,0.0
ERR720061,0.00023361873,0.0012579836,0.001685779,0.9929593,0.0007389895,0.0019760325,0.0011483429,0.0
ERR2309099,0.00023480887,0.0012526313,0.0016935151,0.9929228,0.00074502884,0.0019992366,0.0011520329,0.0
SRR6931789,0.0002323735,0.001264163,0.0016921443,0.9929743,0.0007330533,0.0019682439,0.0011356913,0.0
SRR8610257,0.0050000935,0.0036334568,0.009096714,0.0050869165,0.00084149075,0.00088847405,0.97545284,0.0
SRR6931192,0.0002323735,0.001264163,0.0016921443,0.9929743,0.0007330533,0.0019682439,0.0011356913,0.0
ERR1109584,0.00023756862,0.00124174,0.0016894231,0.99288243,0.00075711426,0.002017504,0.0011742201,0.0
ERR923780,0.016476335,0.0013165319,0.0076409373,0.04551889,0.012441667,0.0010030972,0.91560256,0.0
SRR3094790,0.00024127316,0.0012252821,0.0016641066,0.9928432,0.000775899,0.002034731,0.0012154968,0.0
SRR7269897,0.0076968917,0.00365486,0.00072718784,0.009294989,0.0012554739,0.97234297,0.005027607,0.0
ERR1844996,0.007879335,0.007841948,0.9407302,0.006737949,0.009433328,6.168039e-05,0.027315583,0.0
SRR3503290,0.0002323735,0.001264163,0.0016921443,0.9929743,0.0007330533,0.0019682439,0.0011356913,0.0
ERR2511682,0.00024852407,0.0011973883,0.0016056375,0.9928221,0.00080424617,0.002017931,0.001304179,0.0
ERR1383990,0.00025490747,0.0011882002,0.0016598281,0.99257594,0.0008490373,0.0021690482,0.0013029992,0.0
ERR1844376,0.007879335,0.007841948,0.9407302,0.006737949,0.009433328,6.168039e-05,0.027315583,0.0
SRR5109973,0.0018980558,0.98295534,0.003079863,0.0033205585,0.0017705733,0.0011426249,0.0058330595,0.0
SRR7449507,0.00023243295,0.0012641033,0.0016920846,0.9929742,0.0007331127,0.0019682436,0.00113581,0.0
SRR4827046,0.0018980558,0.98295534,0.003079863,0.0033205585,0.0017705733,0.0011426249,0.0058330595,0.0
ERR450739,0.0002323735,0.001264163,0.0016921443,0.9929743,0.0007330533,0.0019682439,0.0011356913,0.0
SRR1602675,0.0018980558,0.98295534,0.003079863,0.0033205585,0.0017705733,0.0011426249,0.0058330595,0.0
ERR526062,0.00023341102,0.0012598305,0.0016858717,0.99296856,0.0007369684,0.0019695226,0.0011457277,0.0
ERR451390,0.0002323735,0.001264163,0.0016921443,0.9929743,0.0007330533,0.0019682439,0.0011356913,0.0
SRR6511710,0.0018980558,0.98295534,0.003079863,0.0033205585,0.0017705733,0.0011426249,0.0058330595,0.0
ERR2854461,0.00027338325,0.0012520393,0.0018306797,0.9919009,0.0009917807,0.0026151463,0.0011360316,0.0
SRR6764933,0.0050000935,0.0036334568,0.009096714,0.0050869165,0.00084149075,0.00088847405,0.97545284,0.0
DRR088656,0.0018980558,0.98295534,0.003079863,0.0033205585,0.0017705733,0.0011426249,0.0058330595,0.0
ERR1759918,0.00023252217,0.0012640734,0.0016921439,0.9929741,0.0007330829,0.0019682434,0.0011357802,0.0
SRR5506676,0.0018980558,0.98295534,0.003079863,0.0033205585,0.0017705733,0.0011426249,0.0058330595,0.0
SRR919613,0.0002323735,0.001264163,0.0016921443,0.9929743,0.0007330533,0.0019682439,0.0011356913,0.0
ERR1315567,0.00023317421,0.0012605805,0.0016883491,0.9929663,0.00073634746,0.0019722392,0.0011429968,0.0
SRR5465784,0.0018980558,0.98295534,0.003079863,0.0033204993,0.0017705733,0.0011426249,0.0058330595,0.0
SRR994718,0.0002323735,0.001264163,0.0016921443,0.9929743,0.0007330533,0.0019682439,0.0011356913,0.0
ERR579595,0.00024053181,0.0012299037,0.0016723013,0.99285764,0.00076977914,0.0020238936,0.0012059605,0.0
SRR3063185,0.007879335,0.007841948,0.9407302,0.006737949,0.009433328,6.168039e-05,0.027315583,0.0
SRR5983392,0.00023646445,0.0012454984,0.0016701826,0.99293417,0.00075115386,0.001985409,0.001177117,0.0
SRR6679595,0.007879335,0.007841948,0.9407302,0.006737949,0.009433328,6.168039e-05,0.027315583,0.0
ERR498554,0.00024046055,0.0012381457,0.0016842352,0.9927941,0.00078116957,0.0020771103,0.0011848423,0.0
SRR5640748,0.0018980558,0.98295534,0.003079863,0.0033205585,0.0017705733,0.0011426249,0.0058330595,0.0
SRR2098478,0.0018980558,0.98295534,0.003079863,0.0033205585,0.0017705733,0.0011426249,0.0058330595,0.0
ERR499965,0.0002329073,0.0012622208,0.0016892175,0.9929725,0.0007347437,0.0019682304,0.001140175,0.0
ERR498840,0.0002325222,0.0012641033,0.0016920846,0.9929742,0.00073308294,0.0019682436,0.0011357804,0.0
ERR2598688,0.0076968954,0.0036549203,0.0007271589,0.0092947,0.0012555332,0.9723435,0.0050272876,0.0
ERR441454,0.00023243295,0.0012641033,0.0016920846,0.9929742,0.0007331127,0.0019682436,0.0011357804,0.0
SRR4415433,0.007879335,0.007841948,0.9407302,0.006737949,0.009433328,6.168039e-05,0.027315583,0.0
ERR765751,0.0050000935,0.0036334568,0.009096714,0.0050869165,0.00084149075,0.00088847405,0.97545284,0.0
ERR765931,0.0050000935,0.0036334568,0.009096714,0.0050869165,0.00084149075,0.00088847405,0.97545284,0.0
SRR1648019,0.0012142956,0.3338362,0.10271329,0.0001257956,0.005829543,0.00019776821,0.24784416,0.30823898
SRR1923153,0.007879335,0.007841948,0.9407302,0.006737949,0.009433328,6.168039e-05,0.027315583,0.0
SRR6457112,0.0018980558,0.98295534,0.003079863,0.0033205585,0.0017705733,0.0011426249,0.0058330595,0.0
SRR1927899,0.0018980558,0.98295534,0.003079863,0.0033205585,0.0017705733,0.0011426249,0.0058330595,0.0
SRR851895,0.0018980558,0.98295534,0.003079863,0.0033205585,0.0017705733,0.0011426249,0.0058330595,0.0
ERR756549,0.007696748,0.0036548614,0.00072715885,0.009294992,0.0012555037,0.97234344,0.0050272867,0.0
SRR5177229,0.0018980558,0.98295534,0.003079863,0.0033205585,0.0017705733,0.0011426249,0.0058330595,0.0
SRR5156115,0.00023344065,0.0012598597,0.0016853058,0.99297,0.00073696807,0.0019683614,0.0011461138,0.0
ERR1511905,0.000107473985,0.0035265686,0.0036900642,0.8623702,0.00075051194,0.07560203,0.001586497,0.052366678
SRR1618160,0.00024601485,0.0012078877,0.0016385326,0.9927935,0.00079832884,0.002051006,0.0012647518,0.0
ERR1677304,0.0050000935,0.0036334568,0.009096714,0.0050869165,0.00084149075,0.00088847405,0.97545284,0.0
ERR532143,0.00024344525,0.0012182969,0.0016738385,0.9927839,0.0007877989,0.0020693291,0.0012233532,0.0
SRR3632993,0.0018980558,0.98295534,0.003079863,0.0033205585,0.0017705733,0.0011426249,0.0058330595,0.0
SRR1631450,0.0002323735,0.001264163,0.0016921443,0.9929743,0.0007330533,0.0019682439,0.0011356913,0.0
ERR1582623,0.0018980558,0.98295534,0.003079863,0.0033205585,0.0017705733,0.0011426249,0.0058330595,0.0
SRR5683505,0.0018980558,0.98295534,0.003079863,0.0033205585,0.0017705733,0.0011426249,0.0058330595,0.0
SRR1016851,0.007879336,0.007842008,0.9407302,0.006737832,0.009433242,6.1680505e-05,0.027315732,0.0
ERR1691490,0.0050000935,0.0036334568,0.009096714,0.0050869165,0.00084149075,0.00088847405,0.97545284,0.0
SRR8610144,0.0050000935,0.0036334568,0.009096714,0.0050869165,0.00084149075,0.00088847405,0.97545284,0.0
ERR1583304,0.0018980558,0.98295534,0.003079863,0.0033205585,0.0017705733,0.0011426249,0.0058330595,0.0
SRR6764931,0.0050000935,0.0036334568,0.009096714,0.0050869165,0.00084149075,0.00088847405,0.97545284,0.0
ERR107110,0.00023246263,0.0012640137,0.0016920542,0.9929737,0.00073317194,0.0019685999,0.0011359882,0.0
SRR5786390,0.0018980558,0.98295534,0.003079863,0.0033205585,0.0017705733,0.0011426249,0.0058330595,0.0
SRR2897143,0.007696982,0.003655535,0.0007270417,0.009293967,0.0012556502,0.97234356,0.0050272867,0.0
ERR2263523,0.007698036,0.0036552416,0.0007272759,0.009293644,0.0012555914,0.9723421,0.005028165,0.0
DRR042804,0.00023643485,0.0012461833,0.0016711651,0.99293804,0.000750143,0.0019820195,0.0011760767,0.0
SRR1617848,0.0002325812,0.0012635355,0.0016912183,0.9929736,0.0007336168,0.0019682692,0.0011371463,0.0
ERR2739195,0.0002393377,0.0012349077,0.001647525,0.9929359,0.00076069357,0.0019735917,0.0012079907,0.0
ERR1582176,0.0018980558,0.98295534,0.003079863,0.0033205585,0.0017705733,0.0011426249,0.0058330595,0.0
ERR2011939,0.00023246267,0.0012641032,0.0016921142,0.99297416,0.00073314237,0.0019682434,0.0011357802,0.0
ERR1226236,0.0045247767,0.024826309,0.0009907477,0.0077348268,0.0016110421,0.93613446,0.024177726,0.0
SRR1770746,0.007879335,0.007841948,0.9407302,0.006737949,0.009433328,6.168039e-05,0.027315583,0.0
SRR5165890,0.00023317388,0.0012609356,0.0016870081,0.9929713,0.0007359895,0.0019681316,0.0011435306,0.0
SRR1617807,0.0002323735,0.0012641035,0.0016920848,0.99297434,0.00073308306,0.0019682439,0.0011357805,0.0
ERR1256436,0.0010575204,0.001867998,0.0034161431,0.15367301,0.003009501,0.835381,0.0015948504,0.0
ERR982858,0.00769696,0.0036547184,0.0007272474,0.009294298,0.0012555341,0.9723436,0.005027555,0.0
SRR5180613,0.0018980558,0.98295534,0.003079863,0.0033205585,0.0017705733,0.0011426249,0.0058330595,0.0
SRR5595912,0.0018980558,0.98295534,0.003079863,0.0033205585,0.0017705733,0.0011426249,0.0058330595,0.0
ERR2169002,0.0018980558,0.98295534,0.003079863,0.0033205585,0.0017705733,0.0011426249,0.0058330595,0.0
ERR2302905,0.0018980558,0.98295534,0.003079863,0.0033205585,0.0017705733,0.0011426249,0.0058330595,0.0
ERR499041,0.00023305576,0.0012618921,0.0016887098,0.9929718,0.00073501054,0.0019685256,0.0011410363,0.0
DRR044258,0.0002323735,0.001264163,0.0016921443,0.9929743,0.0007330533,0.0019682439,0.0011356913,0.0
SRR1713843,0.00023237347,0.0012641033,0.0016921441,0.9929742,0.00073308294,0.0019682436,0.0011357804,0.0
SRR5699419,0.00023246267,0.0012641032,0.0016921142,0.99297416,0.00073314237,0.0019682434,0.0011357802,0.0
ERR450801,0.0002323735,0.001264163,0.0016921443,0.9929743,0.0007330533,0.0019682439,0.0011356913,0.0
SRR3742010,0.0018980558,0.98295534,0.003079863,0.0033205585,0.0017705733,0.0011426249,0.0058330595,0.0
ERR1677204,0.0050000935,0.0036334568,0.009096714,0.0050869165,0.00084149075,0.00088847405,0.97545284,0.0
SRR2143693,0.00023534,0.0012516864,0.0016781361,0.99293315,0.00074796,0.0019903067,0.0011634339,0.0
SRR5590512,0.0018980558,0.98295534,0.003079863,0.0033205585,0.0017705733,0.0011426249,0.0058330595,0.0
SRR3741955,0.0018980558,0.98295534,0.003079863,0.0033205585,0.0017705733,0.0011426249,0.0058330595,0.0
SRR6264379,0.00023672206,0.0012500936,0.001701912,0.9928569,0.0007582364,0.0020485471,0.0011475873,0.0
SRR5177376,0.0018980558,0.98295534,0.003079863,0.0033205585,0.0017705733,0.0011426249,0.0058330595,0.0
ERR1691744,0.0050000935,0.0036334568,0.009096714,0.0050869165,0.00084149075,0.00088847405,0.97545284,0.0
SRR7902311,0.0050000935,0.0036334568,0.009096714,0.0050869165,0.00084149075,0.00088847405,0.97545284,0.0
SRR1258282,0.0018980558,0.98295534,0.003079863,0.0033205585,0.0017705733,0.0011426249,0.0058330595,0.0
ERR500070,0.00023284796,0.0012624298,0.0016894565,0.99297255,0.00073459547,0.0019682911,0.0011398187,0.0
ERR531799,0.00024818158,0.001201294,0.0016455821,0.992755,0.00080604735,0.0020662565,0.0012775775,0.0
ERR444405,0.00023358915,0.0012584605,0.0016859586,0.99296045,0.00073860335,0.001975201,0.0011476893,0.0
SRR4826635,0.0018980558,0.98295534,0.0030798924,0.00332047,0.0017706323,0.0011426249,0.0058330004,0.0
DRR068231,0.00023812696,0.0012381651,0.0016667697,0.9928978,0.0007610485,0.0020067983,0.0011912297,0.0
ERR1310818,0.00023530766,0.0012514049,0.001673745,0.9929559,0.0007449476,0.0019727354,0.0011658898,0.0
SRR5431530,0.0002323735,0.001264163,0.0016921443,0.9929743,0.0007330533,0.0019682439,0.0011356913,0.0
DRR044290,0.00023385738,0.0012581361,0.0016903052,0.9929511,0.0007392594,0.0019799946,0.0011473646,0.0
ERR1512112,0.007696748,0.0036548614,0.00072715885,0.009295021,0.0012554452,0.97234356,0.0050272867,0.0
ERR1593508,0.0002707243,0.35376656,0.0013462007,0.30557305,0.0124411285,0.12790549,0.0008286536,0.19786823
ERR2784816,0.00023272978,0.0012626423,0.0016913363,0.9929692,0.00073450874,0.001971302,0.0011382462,0.0
ERR500717,0.00023252214,0.0012640435,0.0016920544,0.99297404,0.0007331125,0.0019682432,0.0011358991,0.0
ERR443560,0.00023272928,0.0012628181,0.0016899941,0.99297273,0.00073429896,0.0019684422,0.0011389874,0.0
SRR1279007,0.0018980558,0.98295534,0.003079863,0.0033205585,0.0017705733,0.0011426249,0.0058330595,0.0
ERR986433,0.0076977015,0.0036546348,0.00072745327,0.00929261,0.0012558285,0.9723436,0.0050282935,0.0
SRR2074931,0.0018980558,0.98295534,0.003079863,0.0033205585,0.0017705733,0.0011426249,0.0058330595,0.0
ERR498567,0.00023246265,0.0012640435,0.0016919652,0.9929741,0.000733172,0.0019682432,0.0011359288,0.0
ERR1398260,0.00023874438,0.0012403345,0.0017093753,0.9927694,0.0007723943,0.0021158892,0.0011537726,0.0
SRR1949162,0.00023249225,0.0012638049,0.001691756,0.99297404,0.00073329057,0.0019682718,0.0011363743,0.0
SRR6670929,0.007696748,0.0036548614,0.00072715885,0.009295021,0.0012554452,0.97234356,0.0050272867,0.0
ERR2709742,0.0050000935,0.0036334568,0.009096714,0.0050869165,0.00084149075,0.00088847405,0.97545284,0.0
ERR1533812,0.0009883571,0.0022037353,0.00327361,0.2186389,0.0071111876,0.7669601,0.0008240503,0.0
SRR3034392,0.00023587098,0.0012488371,0.0016717095,0.99294895,0.0007474106,0.0019756053,0.0011715917,0.0
ERR1311269,0.00023246267,0.0012640437,0.0016921142,0.99297416,0.00073314237,0.0019682434,0.0011358397,0.0
SRR2923085,0.0002707243,0.35376656,0.0013462007,0.30557305,0.0124411285,0.12790549,0.0008286536,0.19786823
ERR209227,0.0002265643,0.0015161146,0.0024962786,0.9681128,0.0015765297,0.02423079,0.001840924,0.0
SRR6663544,0.0018980558,0.98295534,0.003079863,0.0033205585,0.0017705733,0.0011426249,0.0058330595,0.0
DRR047907,0.00024018035,0.0012347203,0.0016878954,0.992845,0.0007671197,0.0020308401,0.0011942689,0.0
ERR1385527,0.00023385658,0.0012574476,0.0016855699,0.9929545,0.0007400005,0.001979244,0.0011494429,0.0
SRR7454118,0.00023246265,0.001263984,0.0016919652,0.9929742,0.000733172,0.0019682432,0.0011359586,0.0
SRR5803347,0.007879335,0.007841948,0.9407302,0.006737949,0.009433328,6.168039e-05,0.027315583,0.0
ERR675266,0.007696748,0.0036548614,0.00072715885,0.009295021,0.0012554452,0.97234356,0.0050272867,0.0
SRR935502,0.00023252214,0.001264103,0.0016921139,0.99297404,0.0007331125,0.0019682432,0.0011358396,0.0
SRR7449223,0.00023246267,0.0012641032,0.0016921142,0.9929741,0.00073314237,0.0019682434,0.0011358397,0.0
SRR8608172,0.0050000935,0.0036334568,0.009096714,0.0050869165,0.00084149075,0.00088847405,0.97545284,0.0
ERR1548754,0.0025429153,0.037591342,0.078646705,0.035610422,0.8053833,0.0066043963,0.03362083,0.0
SRR3884210,0.0018980558,0.98295534,0.003079863,0.0033205585,0.0017705733,0.0011426249,0.0058330595,0.0
SRR062219,0.0018980558,0.98295534,0.003079863,0.0033205585,0.0017705733,0.0011426249,0.0058330595,0.0
ERR3006020,0.00023530754,0.0012517909,0.0016724354,0.9929621,0.0007443226,0.0019680646,0.001165919,0.0
SRR5870029,0.0002323735,0.001264163,0.0016921443,0.9929743,0.0007330533,0.0019682439,0.0011356913,0.0
ERR2596263,0.0077136513,0.003634526,0.0007283462,0.00934994,0.0012599909,0.972285,0.0050285705,0.0
ERR1522303,0.0037542884,0.35451397,0.00050282484,0.0031054919,0.001924068,0.487693,0.007680149,0.14082624
SRR3624574,0.0012142956,0.3338362,0.10271329,0.0001257956,0.005829543,0.00019776821,0.24784416,0.30823898
ERR1551321,0.00023246281,0.0012641932,0.0016923234,0.9929731,0.00073311303,0.0019690478,0.0011357511,0.0
ERR567229,0.0075416355,0.0036847736,0.0007306804,0.009576175,0.0012538588,0.9720916,0.005121295,0.0
SRR5465780,0.0018981438,0.9829551,0.0030798917,0.0033204986,0.0017706908,0.0011427426,0.005832999,0.0
SRR3633010,0.0018980558,0.98295534,0.003079863,0.0033205585,0.0017705733,0.0011426249,0.0058330595,0.0
ERR1548890,0.0025429444,0.037591327,0.078646675,0.035610463,0.80538344,0.0066043134,0.033620868,0.0
ERR1897035,0.0018980558,0.98295534,0.003079863,0.0033205585,0.0017705733,0.0011426249,0.0058330595,0.0
SRR995342,0.0002323735,0.001264163,0.0016921443,0.9929743,0.0007330533,0.0019682439,0.0011356913,0.0
ERR500787,0.0002350118,0.0012517703,0.0016773555,0.9929482,0.0007450121,0.0019797685,0.0011628935,0.0
SRR3586909,0.0018980558,0.98295534,0.003079863,0.0033205585,0.0017705733,0.0011426249,0.0058330595,0.0
SRR3026470,0.0018980558,0.98295534,0.003079863,0.0033205585,0.0017705733,0.0011426249,0.0058330595,0.0
ERR2022799,0.0050000646,0.0036334274,0.009096656,0.005086858,0.00084149087,0.00088850386,0.97545296,0.0
SRR5156213,0.00023637466,0.001246715,0.0016676801,0.9929477,0.000749308,0.0019753508,0.0011768168,0.0
SRR7454012,0.0002325517,0.001263864,0.0016917556,0.9929738,0.0007333499,0.001968331,0.0011363741,0.0
ERR531960,0.00024266163,0.0012195241,0.0016467322,0.992853,0.0007803003,0.0020212384,0.0012366255,0.0
SRR5180569,0.0018980558,0.98295534,0.003079863,0.0033205585,0.0017705733,0.0011426249,0.0058330595,0.0
SRR3884238,0.0018980558,0.98295534,0.003079863,0.0033205585,0.0017705733,0.0011426249,0.0058330595,0.0
ERR906510,0.0076967487,0.0036548618,0.0007271589,0.009294963,0.0012554453,0.9723435,0.0050272876,0.0
DRR047625,0.00023691253,0.0012443485,0.0016809041,0.99290967,0.00075324206,0.0020001188,0.001174747,0.0
SRR2658731,0.00023246263,0.0012640137,0.0016919352,0.9929741,0.00073317194,0.001968243,0.0011360476,0.0
ERR391747,0.0018980558,0.98295534,0.003079863,0.0033205585,0.0017705733,0.0011426249,0.0058330595,0.0
ERR1690638,0.0050000935,0.0036334568,0.009096714,0.0050869165,0.00084149075,0.00088847405,0.97545284,0.0
SRR8610885,0.0050000935,0.0036334568,0.009096714,0.0050869165,0.00084149075,0.00088847405,0.97545284,0.0
SRR3741985,0.0018980558,0.98295534,0.003079863,0.0033205585,0.0017705733,0.0011426249,0.0058330595,0.0
ERR1310173,0.00024281784,0.0012200674,0.0016613868,0.99280924,0.00078558887,0.0020537798,0.0012272354,0.0
ERR441683,0.00023252214,0.0012640733,0.0016921436,0.992974,0.00073314225,0.0019682432,0.0011357801,0.0
SRR7584538,0.0076870583,0.0037224495,0.0007191552,0.009349398,0.0012907245,0.97216344,0.0050676805,0.0
ERR1913043,0.0002323735,0.001264163,0.0016921443,0.9929743,0.0007330533,0.0019682439,0.0011356913,0.0
SRR1949254,0.0002324329,0.0012640733,0.001691995,0.99297416,0.00073314225,0.0019682432,0.0011359288,0.0
ERR2263526,0.007697684,0.0036551831,0.0007272173,0.00929379,0.0012555035,0.9723424,0.0050283405,0.0
SRR7453836,0.00023252211,0.0012640732,0.0016920542,0.9929739,0.0007331422,0.0019683323,0.0011358989,0.0
ERR107148,0.0002327591,0.0012625508,0.0016905896,0.99297076,0.0007344777,0.00196996,0.0011388985,0.0
ERR579857,0.000308007,0.0028719902,0.0031331778,0.6986289,0.0015006363,0.20231783,0.0012489259,0.0899905
SRR575298,0.007930102,0.008196235,0.9396777,0.0064154933,0.00900087,6.2859064e-05,0.028716782,0.0
SRR1507059,0.00023302565,0.001261325,0.0016882909,0.9929699,0.00073569355,0.0019696527,0.0011421648,0.0
ERR2495288,0.0050000935,0.0036334568,0.009096714,0.0050869165,0.00084149075,0.00088847405,0.97545284,0.0
SRR1714188,0.0002323735,0.001264163,0.0016921443,0.9929743,0.0007330533,0.0019682439,0.0011356913,0.0
ERR531558,0.00024461298,0.001211942,0.0016251522,0.9928653,0.00078612217,0.002003715,0.001263125,0.0
ERR1226224,0.0010115453,0.0016062073,0.0039044002,0.17996666,0.0043643047,0.8080038,0.0011430302,0.0
SRR7448638,0.00023252206,0.0012639539,0.0016919349,0.99297386,0.00073323125,0.0019683319,0.0011361069,0.0
ERR525763,0.00026102824,0.001168204,0.0016380133,0.99253356,0.000867061,0.0021591182,0.0013730003,0.0
SRR3361748,0.000254085,0.0011845106,0.0016396571,0.992658,0.0008335974,0.002106342,0.0013238351,0.0
SRR7449347,0.00023261104,0.0012636253,0.0016913678,0.9929737,0.00073352794,0.0019683593,0.0011368493,0.0
SRR6309279,0.00023504149,0.0012518889,0.0016771766,0.99294955,0.0007448037,0.0019787864,0.0011627445,0.0
SRR2143959,0.00023320534,0.0012613018,0.0016892812,0.9929547,0.00073852326,0.0019808176,0.0011421707,0.0
ERR1382494,0.00024304439,0.0012180175,0.0016368617,0.9928645,0.00078135857,0.0020113024,0.0012449035,0.0
SRR387953,0.00023246267,0.0012639842,0.0016919654,0.99297416,0.00073320186,0.0019682732,0.0011359289,0.0
ERR1310003,0.00023252169,0.001263476,0.001691248,0.9929734,0.00073370605,0.0019685072,0.0011372354,0.0
DRR047389,0.00023326304,0.0012600428,0.0016885245,0.99296373,0.00073694106,0.0019731876,0.0011442441,0.0
ERR1314576,0.000233115,0.0012603143,0.0016891542,0.9929621,0.0007368837,0.0019755135,0.0011429387,0.0
ERR1690928,0.0050000935,0.0036334568,0.009096714,0.0050869165,0.00084149075,0.00088847405,0.97545284,0.0
SRR7902027,0.0050000935,0.0036334568,0.009096714,0.0050869165,0.00084149075,0.00088847405,0.97545284,0.0
SRR7454009,0.00023243282,0.0012639241,0.0016917266,0.99297404,0.00073323125,0.0019683319,0.0011362259,0.0
ERR2314523,0.0050000935,0.0036334568,0.009096714,0.0050869165,0.00084149075,0.00088847405,0.97545284,0.0
SRR8609316,0.0050000935,0.0036334568,0.009096714,0.0050869165,0.00084149075,0.00088847405,0.97545284,0.0
SRR5786130,0.0018980558,0.98295534,0.003079863,0.0033205585,0.0017705733,0.0011426249,0.0058330595,0.0
SRR6679569,0.007879335,0.007841948,0.9407302,0.006737949,0.009433328,6.168039e-05,0.027315583,0.0
SRR5180425,0.0018980558,0.98295534,0.003079863,0.0033205585,0.0017705733,0.0011426249,0.0058330595,0.0
SRR6411727,0.0002324627,0.0012641033,0.0016921143,0.9929742,0.0007330532,0.0019682436,0.0011358398,0.0
SRR5165771,0.0002323735,0.001264163,0.0016921443,0.9929743,0.0007330533,0.0019682439,0.0011356913,0.0
ERR1897711,0.0018980558,0.98295534,0.003079863,0.0033205585,0.0017705733,0.0011426249,0.0058330595,0.0
ERR2729885,0.807649,0.014486168,0.04697203,0.007819913,0.0006908421,0.05177811,0.07060385,0.0
SRR6264126,0.00023246265,0.0012640435,0.0016920544,0.9929741,0.00073314225,0.0019682432,0.0011358991,0.0
SRR6413962,0.00023246267,0.0012641032,0.0016920547,0.99297416,0.0007330829,0.0019682434,0.0011358397,0.0
ERR532074,0.00023281852,0.0012627288,0.0016902619,0.9929716,0.0007343882,0.0019692455,0.0011389279,0.0
ERR1582905,0.0018980558,0.98295534,0.003079863,0.0033205585,0.0017705733,0.0011426249,0.0058330595,0.0
SRR953010,0.0018980558,0.98295534,0.003079863,0.0033205585,0.0017705733,0.0011426249,0.0058330595,0.0
SRR7448532,0.00023841971,0.0012385572,0.0016571003,0.99293166,0.0007575537,0.0019792167,0.0011975416,0.0
SRR3502000,0.00023406307,0.0012565162,0.0016821071,0.99296165,0.0007400843,0.0019726856,0.0011529443,0.0
SRR6054505,0.00023837478,0.00123896,0.0016862324,0.99284863,0.00076583924,0.0020445678,0.0011773584,0.0
ERR1513257,0.007696748,0.0036548614,0.00072715885,0.009295021,0.0012554452,0.97234356,0.0050272867,0.0
ERR1313548,0.00023418177,0.0012563065,0.001681183,0.99296296,0.0007402321,0.0019715528,0.0011536567,0.0
SRR6931906,0.00023255167,0.0012637746,0.0016916066,0.99297374,0.0007334093,0.0019684199,0.0011365821,0.0
SRR5176106,0.0018980558,0.98295534,0.003079863,0.0033205585,0.0017705733,0.0011426249,0.0058330595,0.0
SRR1980793,0.0018980558,0.98295534,0.003079863,0.0033205585,0.0017705733,0.0011426249,0.0058330595,0.0
SRR7454089,0.0002324329,0.0012640435,0.0016919652,0.99297416,0.0007331125,0.0019682432,0.0011359586,0.0
ERR1581995,0.007879335,0.007841948,0.9407302,0.006737949,0.009433328,6.168039e-05,0.027315583,0.0
SRR5595824,0.0018980551,0.9829551,0.0030799208,0.0033205277,0.0017706316,0.0011426834,0.0058331164,0.0
SRR1602658,0.0018980558,0.98295534,0.003079863,0.0033205585,0.0017705733,0.0011426249,0.0058330595,0.0
ERR1690297,0.0050000935,0.0036334568,0.009096714,0.0050869165,0.00084149075,0.00088847405,0.97545284,0.0
SRR3062991,0.007879335,0.007841948,0.9407302,0.006737949,0.009433328,6.168039e-05,0.027315583,0.0
ERR1959272,0.0019797415,0.9829014,0.0030123591,0.00353579,0.0018603042,0.0012364279,0.0054740086,0.0
SRR6932257,0.0002323735,0.001264163,0.0016921443,0.9929743,0.0007330533,0.0019682439,0.0011356913,0.0
SRR6408808,0.0002325222,0.0012641033,0.0016920846,0.9929742,0.00073308294,0.0019682436,0.0011357804,0.0
ERR500963,0.00023252203,0.0012639537,0.0016918752,0.992974,0.00073326094,0.0019681829,0.0011362258,0.0
SRR1923795,0.0002323735,0.001264163,0.0016921443,0.9929743,0.0007330533,0.0019682439,0.0011356913,0.0
SRR1702740,0.007718315,0.0032835333,0.000788595,0.010785304,0.0014356195,0.97025895,0.0057297093,0.0
ERR526010,0.0002334404,0.0012581628,0.0016869995,0.99295723,0.00073863304,0.0019781159,0.0011473916,0.0
ERR1971203,0.0002411391,0.0012296101,0.0017040358,0.992797,0.0007742507,0.002068228,0.0011856774,0.0
SRR3144705,0.0018980558,0.98295534,0.003079863,0.0033205585,0.0017705733,0.0011426249,0.0058330595,0.0
ERR1466952,0.0002440862,0.0012154642,0.0016507865,0.99282676,0.0007858225,0.0020308793,0.0012462464,0.0
ERR1896839,0.003754139,0.35452384,0.0005028546,0.0031055808,0.0019240379,0.48765972,0.0076797307,0.14085007
SRR1175875,0.0050000935,0.0036334568,0.009096714,0.0050869165,0.00084149075,0.00088847405,0.97545284,0.0
ERR1382349,0.00023717707,0.0012419524,0.0016701738,0.992916,0.0007554033,0.0019964336,0.0011828812,0.0
SRR5566290,0.007696748,0.0036548614,0.00072715885,0.009295021,0.0012554452,0.97234356,0.0050272867,0.0
SRR3742019,0.0018980558,0.98295534,0.003079863,0.0033205585,0.0017705733,0.0011426249,0.0058330595,0.0
ERR500581,0.0002324329,0.0012640138,0.0016919057,0.9929742,0.00073320174,0.0019682432,0.0011360181,0.0
SRR6398174,0.0019091499,0.9829111,0.00308576,0.0033318955,0.0017735086,0.0011431787,0.005845373,0.0
ERR981252,0.0002323735,0.001264163,0.0016921443,0.9929743,0.0007330533,0.0019682439,0.0011356913,0.0
SRR1617781,0.00024630653,0.0012057779,0.0016280261,0.992814,0.00079732895,0.0020340958,0.0012745367,0.0
SRR6056132,0.0018980558,0.98295534,0.003079863,0.0033205585,0.0017705733,0.0011426249,0.0058330595,0.0
ERR500865,0.0002325222,0.0012641033,0.0016920846,0.9929742,0.00073308294,0.0019682436,0.0011357804,0.0
ERR579556,0.00073444843,0.002293408,0.0033644438,0.50124234,0.0024605095,0.4085368,0.0005508661,0.08081722
ERR499958,0.0002325222,0.0012641033,0.0016920846,0.9929742,0.00073308294,0.0019682436,0.0011357804,0.0
DRR060057,0.000104307124,0.29116917,0.007461965,0.4299907,0.008425504,0.0013716221,0.000106763284,0.26137
DRR050155,0.0012142956,0.3338362,0.10271329,0.0001257956,0.005829543,0.00019776821,0.24784416,0.30823898
SRR1145360,0.00023296838,0.001260861,0.001694256,0.9929556,0.000736474,0.0019815401,0.0011382493,0.0
ERR1297913,0.0050000935,0.0036334568,0.009096714,0.0050869165,0.00084149075,0.00088847405,0.97545284,0.0
ERR2739172,0.00023249225,0.0012638345,0.001691756,0.99297404,0.0007333203,0.001968242,0.0011363148,0.0
SRR6056017,0.0018980558,0.98295534,0.003079863,0.0033205585,0.0017705733,0.0011426249,0.0058330595,0.0
SRR1633136,0.0002323735,0.001264163,0.0016921443,0.9929743,0.0007330533,0.0019682439,0.0011356913,0.0
SRR7902142,0.0050000935,0.0036334568,0.009096714,0.0050869165,0.00084149075,0.00088847405,0.97545284,0.0
ERR1522111,0.007696748,0.0036548614,0.00072715885,0.009295021,0.0012554452,0.97234356,0.0050272867,0.0
ERR567223,0.0077139395,0.0036614216,0.0007280081,0.009270359,0.0012566458,0.97232467,0.005044918,0.0
ERR1690492,0.0050000935,0.0036334568,0.009096714,0.0050869165,0.00084149075,0.00088847405,0.97545284,0.0
ERR1689997,0.0050000935,0.0036334568,0.009096714,0.0050869165,0.00084149075,0.00088847405,0.97545284,0.0
ERR1905624,0.0050000935,0.0036334568,0.009096714,0.0050869165,0.00084149075,0.00088847405,0.97545284,0.0
SRR952911,0.0018980558,0.98295534,0.003079863,0.0033205585,0.0017705733,0.0011426249,0.0058330595,0.0
SRR2046579,0.00028909184,0.0011189415,0.0015869582,0.99205285,0.001015136,0.002333276,0.001603724,0.0
ERR1690407,0.0050000935,0.0036334568,0.009096714,0.0050869165,0.00084149075,0.00088847405,0.97545284,0.0
SRR943494,0.007879335,0.007841948,0.9407302,0.006737949,0.009433328,6.168039e-05,0.027315583,0.0
SRR6365018,0.00027571587,0.001655159,0.0022516896,0.991574,0.0007074602,0.0024370889,0.0010988719,0.0
SRR4414828,0.007879335,0.007841948,0.9407302,0.006737949,0.009433328,6.168039e-05,0.027315583,0.0
SRR2090110,0.0018980558,0.98295534,0.003079863,0.0033205585,0.0017705733,0.0011426249,0.0058330595,0.0
SRR6058717,0.0018980558,0.98295534,0.003079863,0.0033205585,0.0017705733,0.0011426249,0.0058330595,0.0
DRR018750,0.00024859747,0.001202392,0.0016504563,0.9927493,0.00080577814,0.0020651226,0.001278378,0.0
SRR3096248,0.0018979969,0.98295534,0.003079863,0.0033204993,0.0017706323,0.0011427134,0.005832971,0.0
ERR2028014,0.00023267027,0.0012632669,0.0016908899,0.99297327,0.0007338245,0.0019684464,0.0011377105,0.0
SRR6411726,0.00023246267,0.0012641627,0.0016921142,0.9929741,0.0007330829,0.0019682434,0.0011357802,0.0
SRR2924510,0.00024318624,0.0011720642,0.0017326685,0.99213487,0.00085512217,0.002591181,0.001270921,0.0
ERR1760065,0.00023243295,0.0012641033,0.0016920846,0.9929742,0.0007331424,0.0019682436,0.0011357209,0.0
SRR6412090,0.00023246265,0.001264103,0.0016920544,0.99297404,0.00073314225,0.0019682432,0.0011358693,0.0
SRR1632408,0.00023314438,0.0012613236,0.0016876346,0.9929715,0.0007356928,0.001968193,0.0011425801,0.0
ERR1385200,0.0002330259,0.001261475,0.0016888875,0.9929694,0.00073548616,0.0019702795,0.0011414521,0.0
SRR5467818,0.00023368112,0.0012577018,0.0016952589,0.99294144,0.0007397423,0.001989383,0.0011428244,0.0
SRR3098310,0.0018989022,0.9829519,0.0030802914,0.003321369,0.0017708307,0.0011427377,0.0058340062,0.0
ERR500919,0.0002325222,0.0012641033,0.0016920846,0.9929742,0.00073308294,0.0019682436,0.0011357804,0.0
ERR1811142,0.00023409365,0.0012555093,0.0016846117,0.9929487,0.00074178237,0.0019826274,0.0011526509,0.0
SRR3419378,0.00023480585,0.0012523475,0.0016831718,0.9929379,0.0007449003,0.0019885027,0.0011583538,0.0
ERR1689446,0.0050000935,0.0036334568,0.009096714,0.0050869165,0.00084149075,0.00088847405,0.97545284,0.0
SRR6975968,0.0018980558,0.98295534,0.003079863,0.0033205585,0.0017705733,0.0011426249,0.0058330595,0.0
SRR2034574,0.007879335,0.007841948,0.9407302,0.006737949,0.009433328,6.168039e-05,0.027315583,0.0
ERR443889,0.0002323735,0.001264163,0.0016921443,0.9929743,0.0007330533,0.0019682439,0.0011356913,0.0
SRR2897157,0.0076970416,0.0036550374,0.00072712963,0.009294436,0.0012555039,0.97234344,0.005027434,0.0
ERR1689272,0.0050000935,0.0036334568,0.009096714,0.0050869165,0.00084149075,0.00088847405,0.97545284,0.0
SRR6394206,0.00023305573,0.0012607318,0.0016903159,0.99296355,0.00073628954,0.0019743256,0.0011418095,0.0
SRR504980,0.0002468783,0.0012070895,0.0016383905,0.9927677,0.0008049048,0.0020667175,0.0012683258,0.0
ERR1533850,0.007708205,0.0036783994,0.0007242514,0.009261473,0.001264101,0.97232616,0.0050373664,0.0
ERR1310125,0.00027112156,0.0011415409,0.0015726477,0.992405,0.000924947,0.002195701,0.0014890725,0.0
ERR498615,0.00023264035,0.0012631172,0.0016904722,0.99297327,0.00073400245,0.001968326,0.0011381262,0.0
SRR1617782,0.005003718,0.003636295,0.009096118,0.0050860643,0.00084302353,0.0008895914,0.9754453,0.0
SRR6264213,0.00023249225,0.0012639833,0.0016918452,0.9929738,0.0007332311,0.0019683016,0.0011362851,0.0
DRR047976,0.00023394484,0.0012572936,0.0016837782,0.992962,0.0007393133,0.0019728406,0.0011508063,0.0
ERR1383119,0.00023394596,0.0012565262,0.0016879803,0.99294955,0.00074038765,0.0019822198,0.0011493543,0.0
SRR2006040,0.0018980844,0.982955,0.0030798616,0.0033206157,0.0017706314,0.0011426833,0.0058331746,0.0
SRR4414852,0.007879335,0.007841948,0.9407302,0.006737949,0.009433328,6.168039e-05,0.027315583,0.0
ERR1522886,0.007696509,0.0036670128,0.0007259631,0.009277483,0.0012587344,0.9723515,0.005022841,0.0
SRR7406683,0.0018980558,0.98295534,0.003079863,0.0033205585,0.0017705733,0.0011426249,0.0058330595,0.0
SRR3742016,0.0018980558,0.98295534,0.003079863,0.0033205585,0.0017705733,0.0011426249,0.0058330595,0.0
ERR2738668,0.00023441875,0.0012557659,0.0016789748,0.9929657,0.00074064545,0.0019684809,0.0011560018,0.0
ERR908135,0.0077186516,0.003652001,0.00073003705,0.009274355,0.0012614337,0.9723148,0.005048722,0.0
SRR3362255,0.00023732471,0.0012412032,0.0016676084,0.9929184,0.0007559055,0.001994045,0.0011854635,0.0
SRR6412173,0.00023267027,0.0012632966,0.0016909791,0.9929731,0.0007338245,0.0019685356,0.001137651,0.0
ERR2835962,0.0076968046,0.003654919,0.00072718796,0.009295019,0.001255562,0.9723432,0.005027315,0.0
SRR6411749,0.0002323735,0.001264163,0.0016921443,0.9929743,0.0007330533,0.0019682439,0.0011356913,0.0
ERR1313512,0.00023255152,0.0012636846,0.0016913379,0.99297374,0.00073355756,0.0019682401,0.0011368789,0.0
ERR1314533,0.00023445503,0.0012556819,0.0016907711,0.9929204,0.00074593106,0.0020045876,0.0011481515,0.0
ERR499569,0.00023019653,0.0012292119,0.0017457636,0.99263394,0.00076640956,0.0022422967,0.0011522319,0.0
SRR1600297,0.0018980558,0.98295534,0.003079863,0.0033205585,0.0017705733,0.0011426249,0.0058330595,0.0
SRR062169,0.0018980558,0.98295534,0.003079863,0.0033205585,0.0017705733,0.0011426249,0.0058330595,0.0
SRR943500,0.007879335,0.007841948,0.9407302,0.006737949,0.009433328,6.168039e-05,0.027315583,0.0
SRR1923994,0.0002323735,0.001264163,0.0016921443,0.9929743,0.0007330533,0.0019682439,0.0011356913,0.0
ERR1678323,0.0050000935,0.0036334568,0.009096714,0.0050869165,0.00084149075,0.00088847405,0.97545284,0.0
SRR7453446,0.00023237347,0.0012641033,0.0016921441,0.9929742,0.00073308294,0.0019682436,0.0011357804,0.0
SRR5178896,0.0018980558,0.98295534,0.003079863,0.0033205585,0.0017705733,0.0011426249,0.0058330595,0.0
ERR1522061,0.003754139,0.35452357,0.0005027652,0.0031056702,0.0019240379,0.48765978,0.0076797307,0.1408503
SRR6457369,0.001901875,0.9829432,0.0030855017,0.0033249278,0.0017713568,0.0011428822,0.0058303354,0.0
ERR1383550,0.00023504112,0.0012527496,0.0016758653,0.9929576,0.0007436425,0.0019725668,0.0011625643,0.0
SRR822870,0.00023255161,0.001263804,0.0016915764,0.9929737,0.00073340914,0.0019683302,0.0011366414,0.0
SRR3624226,0.0018980558,0.98295534,0.003079863,0.0033205585,0.0017705733,0.0011426249,0.0058330595,0.0
SRR8611053,0.0050000935,0.0036334568,0.009096714,0.0050869165,0.00084149075,0.00088847405,0.97545284,0.0
ERR1691623,0.0050000935,0.0036334568,0.009096714,0.0050869165,0.00084149075,0.00088847405,0.97545284,0.0
ERR443602,0.00023243293,0.0012641329,0.0016920547,0.99297416,0.00073314237,0.0019682434,0.0011357802,0.0
SRR6931385,0.00023246267,0.0012641627,0.0016921737,0.99297404,0.0007330829,0.001968303,0.0011357208,0.0
ERR500449,0.00023521912,0.0012513491,0.0016754752,0.9929521,0.0007450093,0.0019761915,0.001164644,0.0
SRR5590733,0.0018980558,0.98295534,0.003079863,0.0033205585,0.0017705733,0.0011426249,0.0058330595,0.0
ERR1398206,0.00023985215,0.0012320084,0.0016703097,0.99285024,0.0007714292,0.0020361852,0.0011999151,0.0
SRR3201894,0.0002324627,0.0012641033,0.0016921143,0.9929742,0.00073308294,0.0019682436,0.0011357209,0.0
SRR6418318,0.00023275928,0.0012627302,0.0016910371,0.9929703,0.00073435926,0.0019704076,0.0011384233,0.0
SRR1980876,0.0018980558,0.98295534,0.003079863,0.0033205585,0.0017705733,0.0011426249,0.0058330595,0.0
SRR3742042,0.0018980558,0.98295534,0.003079863,0.0033205585,0.0017705733,0.0011426249,0.0058330595,0.0
SRR5431405,0.0002323735,0.001264163,0.0016921443,0.9929743,0.0007330533,0.0019682439,0.0011356913,0.0
ERR443203,0.0002323735,0.001264163,0.0016921443,0.9929743,0.0007330533,0.0019682439,0.0011356913,0.0
ERR1522291,0.0037539606,0.3545203,0.00050285464,0.0031057303,0.0019240382,0.48765948,0.0076794038,0.14085431
ERR1263783,0.007696748,0.0036548614,0.00072715885,0.009295021,0.0012554452,0.97234356,0.0050272867,0.0
ERR2888348,0.0018994571,0.9829497,0.0030806954,0.0033219492,0.0017709731,0.0011427935,0.005834491,0.0
ERR923789,0.0090648895,0.00070732355,0.008164191,0.04976307,0.0026038925,0.00033679776,0.9293599,0.0
SRR1929536,0.0018980558,0.98295534,0.003079863,0.0033205585,0.0017705733,0.0011426249,0.0058330595,0.0
SRR5179032,0.0018980558,0.98295534,0.003079863,0.0033205585,0.0017705733,0.0011426249,0.0058330595,0.0
DRR047400,0.00023246265,0.0012640138,0.0016920841,0.9929738,0.00073320174,0.001968511,0.0011358991,0.0
ERR833462,0.0006047785,0.8885554,0.0032587051,0.009792447,0.0011317134,0.0017286539,0.0036292076,0.09129912
ERR1690166,0.0050000935,0.0036334568,0.009096714,0.0050869165,0.00084149075,0.00088847405,0.97545284,0.0
ERR2738670,0.00023613762,0.0012483557,0.0016682221,0.9929552,0.000747556,0.0019707484,0.0011738173,0.0
ERR1760114,0.0002323735,0.001264163,0.0016921443,0.9929743,0.0007330533,0.0019682439,0.0011356913,0.0
SRR7349780,0.00023270001,0.0012629991,0.0016915146,0.9929705,0.0007341517,0.0019703202,0.0011377998,0.0
ERR1533653,0.007714128,0.0036897387,0.00072281144,0.009246415,0.001268398,0.97231495,0.0050435713,0.0
ERR1736308,0.007696229,0.0036565054,0.0007273939,0.009298223,0.0012556515,0.97233284,0.005033091,0.0
ERR1811292,0.0002524751,0.0011866627,0.0016084358,0.9927141,0.0008302237,0.002077641,0.0013305645,0.0
SRR3951172,0.00023388655,0.0012565267,0.0016881594,0.99294937,0.0007404176,0.0019824882,0.0011491763,0.0
ERR1189735,0.0018980558,0.98295534,0.003079863,0.0033205585,0.0017705733,0.0011426249,0.0058330595,0.0
ERR3256934,0.0018980558,0.98295534,0.003079863,0.0033205585,0.0017705733,0.0011426249,0.0058330595,0.0
SRR5916590,0.0018980558,0.98295534,0.003079863,0.0033205585,0.0017705733,0.0011426249,0.0058330595,0.0
ERR538770,0.007879335,0.007841948,0.9407302,0.006737949,0.009433328,6.168039e-05,0.027315583,0.0
SRR934703,0.0002325222,0.0012641033,0.0016920846,0.9929742,0.00073308294,0.0019682436,0.0011357804,0.0
SRR5831870,0.00023450899,0.0012538378,0.0016843956,0.992945,0.00074290927,0.0019837783,0.0011555011,0.0
ERR139017,0.00023705665,0.0012439376,0.0016639474,0.9929395,0.00075269205,0.001979289,0.0011835283,0.0
ERR1582832,0.0018980558,0.98295534,0.003079863,0.0033205585,0.0017705733,0.0011426249,0.0058330595,0.0
ERR986473,0.0071718623,0.0033187561,0.0007441438,0.01248073,0.0013639514,0.96966934,0.005251194,0.0
SRR7448688,0.0002324329,0.001264103,0.0016921139,0.99297404,0.00073314225,0.0019682432,0.0011358396,0.0
SRR6057208,0.0018980558,0.98295534,0.003079863,0.0033205585,0.0017705733,0.0011426249,0.0058330595,0.0
ERR579726,0.0002324922,0.0012635665,0.0016919341,0.99297225,0.00073352834,0.0019696695,0.0011365525,0.0
ERR2806306,0.00024141156,0.0012272225,0.0016332531,0.99293286,0.0007677464,0.0019678448,0.0012296316,0.0
SRR3581205,0.00024159373,0.0012255759,0.0016528784,0.99287444,0.00077302265,0.0020070155,0.001225457,0.0
SRR6394200,0.00023338171,0.0012598627,0.0016876003,0.99296486,0.00073705905,0.0019722627,0.0011449268,0.0
ERR2495615,0.0050000935,0.0036334568,0.009096714,0.0050869165,0.00084149075,0.00088847405,0.97545284,0.0
ERR1689093,0.0050000935,0.0036334568,0.009096714,0.0050869165,0.00084149075,0.00088847405,0.97545284,0.0
SRR7453475,0.00023258105,0.0012632372,0.0016909497,0.9929732,0.00073385437,0.0019685358,0.001137681,0.0
SRR6309250,0.00028090135,0.0011383224,0.0015873245,0.9921611,0.0009902605,0.0023131547,0.0015288728,0.0
SRR3951224,0.00023267027,0.0012632669,0.0016911279,0.99297243,0.00073385425,0.0019690709,0.001137651,0.0
SRR5230524,0.0018980558,0.98295534,0.003079863,0.0033205585,0.0017705733,0.0011426249,0.0058330595,0.0
SRR5527153,0.0023635016,0.9811447,0.0033201044,0.0038142325,0.0018813758,0.0011639678,0.0063120844,0.0
DRR043103,0.00023569848,0.0012488688,0.001691205,0.9929112,0.000749006,0.0020035561,0.0011604372,0.0
ERR1701210,0.0002323735,0.001264163,0.0016921443,0.9929743,0.0007330533,0.0019682439,0.0011356913,0.0
ERR1263258,0.0076955543,0.003655099,0.0007272181,0.009296377,0.001255417,0.97234267,0.0050276723,0.0
ERR986293,0.007765184,0.0036118613,0.00073582167,0.009390359,0.0012747935,0.972186,0.0050359983,0.0
SRR6394161,0.00023272933,0.0012627887,0.0016902622,0.9929721,0.0007343289,0.0019689782,0.0011388091,0.0
ERR996090,0.007696748,0.0036548907,0.00072715885,0.009294816,0.001255533,0.97234356,0.0050272867,0.0
SRR7449278,0.00023246273,0.0012641333,0.0016919955,0.99297434,0.0007330533,0.0019682439,0.0011357805,0.0
ERR923884,0.0050000935,0.0036334568,0.009096714,0.0050869165,0.00084149075,0.00088847405,0.97545284,0.0
SRR3589518,0.0018980558,0.98295534,0.003079863,0.0033205585,0.0017705733,0.0011426249,0.0058330595,0.0
SRR5176053,0.0018980558,0.98295534,0.003079863,0.0033205585,0.0017705733,0.0011426249,0.0058330595,0.0
ERR1690039,0.0050000935,0.0036334568,0.009096714,0.0050869165,0.00084149075,0.00088847405,0.97545284,0.0
ERR2854454,0.00023418215,0.0012558624,0.0016826433,0.9929546,0.00074127445,0.001977862,0.0011535992,0.0
ERR1398190,0.00023869613,0.0012376505,0.0016878269,0.9928657,0.0007620727,0.0020245002,0.0011835163,0.0
SRR1950744,0.0002323735,0.001264163,0.0016921443,0.9929743,0.0007330533,0.0019682439,0.0011356913,0.0
ERR2511748,0.00023462629,0.0012543048,0.0016787619,0.99295866,0.00074219005,0.0019732048,0.0011582591,0.0
ERR1522819,0.003754139,0.35452384,0.0005028546,0.0031055808,0.0019240379,0.48765972,0.0076797307,0.14085007
SRR6931268,0.00023237347,0.0012641628,0.0016920846,0.9929742,0.0007330532,0.0019682436,0.00113581,0.0
ERR1522507,0.007696748,0.0036548614,0.00072715885,0.009295021,0.0012554452,0.97234356,0.005027228,0.0
SRR5457566,0.0018980558,0.98295534,0.003079863,0.0033205585,0.0017705733,0.0011426249,0.0058330595,0.0
ERR1583110,0.0018980558,0.98295534,0.003079863,0.0033205585,0.0017705733,0.0011426249,0.0058330595,0.0
ERR1309673,0.00023646383,0.0012459413,0.0016678879,0.9929412,0.0007506165,0.0019799904,0.0011779468,0.0
ERR1583145,0.0018980558,0.98295534,0.003079863,0.0033205585,0.0017705733,0.0011426249,0.0058330595,0.0
SRR5180064,0.0018980558,0.98295534,0.003079863,0.0033205585,0.0017705733,0.0011426249,0.0058330595,0.0
SRR6670818,0.007696748,0.0036548614,0.00072715885,0.009295021,0.0012554452,0.97234356,0.0050272867,0.0
ERR1313608,0.00023364823,0.0012588747,0.0016842899,0.9929678,0.0007378584,0.0019694865,0.0011480441,0.0
ERR1583480,0.0018980558,0.98295534,0.003079863,0.0033205585,0.0017705733,0.0011426249,0.0058330595,0.0
SRR4779913,0.0018980558,0.98295534,0.003079863,0.0033205585,0.0017705733,0.0011426249,0.0058330595,0.0
SRR3094791,0.00023412253,0.0012562781,0.0016823448,0.9929602,0.0007402924,0.0019737263,0.0011530333,0.0
SRR5178853,0.0018980558,0.98295534,0.003079863,0.0033205585,0.0017705733,0.0011426249,0.0058330595,0.0
ERR1582635,0.0018980558,0.9829554,0.0030798335,0.00332047,0.0017706323,0.0011426839,0.0058329417,0.0
ERR2730228,0.00023569306,0.0012497324,0.0016715053,0.99295205,0.00074675796,0.0019744798,0.0011698097,0.0
ERR1533842,0.0009692906,0.006967931,0.67559487,0.0041472013,0.0066383174,8.494564e-05,0.07124706,0.23435041
SRR1818146,0.0018980558,0.98295534,0.003079863,0.0033205585,0.0017705733,0.0011426249,0.0058330595,0.0
SRR6974363,0.0018980558,0.98295534,0.003079863,0.0033205585,0.0017705733,0.0011426249,0.0058330595,0.0
SRR2145326,0.00023542624,0.0012509864,0.0016727012,0.99295676,0.000745214,0.0019717803,0.0011670776,0.0
ERR1298465,0.0050000935,0.0036334568,0.009096714,0.0050869165,0.00084149075,0.00088847405,0.97545284,0.0
ERR487924,0.007696748,0.0036548614,0.00072715885,0.009295021,0.0012554452,0.97234356,0.0050272867,0.0
SRR1617815,0.00017595293,0.0016286972,0.00329575,0.9473357,0.0012074412,0.04372451,0.0012865962,0.0013453962
SRR8610765,0.0050000935,0.0036334568,0.009096714,0.0050869165,0.00084149075,0.00088847405,0.97545284,0.0
SRR4304019,0.00023296638,0.0012615046,0.0016888279,0.9929698,0.0007354563,0.0019698925,0.001141452,0.0
SRR6414078,0.00023249237,0.0012638649,0.0016919055,0.99297374,0.0007332612,0.0019686297,0.0011361071,0.0
SRR8609616,0.0050000935,0.0036334568,0.009096714,0.0050869165,0.00084149075,0.00088847405,0.97545284,0.0
ERR1311277,0.00023341118,0.0012601288,0.0016857242,0.9929704,0.0007366715,0.0019683044,0.0011453716,0.0
SRR7771375,0.0018980551,0.982955,0.0030798914,0.0033206162,0.0017706316,0.0011426834,0.0058331164,0.0
ERR1384357,0.00025774736,0.0011706869,0.0015835941,0.9926539,0.000855104,0.0020934986,0.0013854367,0.0
ERR1924321,0.005509231,0.004681478,0.0090563465,0.0046183397,0.0008747667,0.0008592927,0.9744006,0.0
SRR5181312,0.0018980558,0.98295534,0.003079863,0.0033205585,0.0017705733,0.0011426249,0.0058330595,0.0
ERR2249187,0.00024146502,0.0012315371,0.001677584,0.9927909,0.0007842408,0.0020750882,0.0011992644,0.0
ERR1760009,0.0002323735,0.001264163,0.0016921443,0.9929743,0.0007330533,0.0019682439,0.0011356913,0.0
ERR576327,0.0075783557,0.0036901606,0.00072746404,0.009473142,0.0012557219,0.972153,0.0051220953,0.0
SRR5259189,0.0018980558,0.98295534,0.003079863,0.0033205585,0.0017705733,0.0011426249,0.0058330595,0.0
ERR579859,0.00023302574,0.0012615336,0.0016882914,0.99297094,0.0007355154,0.0019689098,0.0011418082,0.0
ERR1523150,0.0076967487,0.0036548618,0.00072712963,0.009294905,0.0012554453,0.9723436,0.0050272876,0.0
SRR6457138,0.0018980558,0.98295534,0.003079863,0.0033205585,0.0017705733,0.0011426249,0.0058330595,0.0
SRR4054227,0.0018980558,0.98295534,0.003079863,0.0033205585,0.0017705733,0.0011426249,0.0058330595,0.0
SRR5178496,0.0018980558,0.98295534,0.003079863,0.0033205585,0.0017705733,0.0011426249,0.0058330595,0.0
SRR1617854,0.00012249686,0.0018074216,0.0039790277,0.9454333,0.0009542704,0.04558954,0.0011065007,0.0010074378
ERR695391,0.0076969257,0.0036549207,0.00072715903,0.009294496,0.0012554748,0.9723435,0.0050275517,0.0
ERR1533391,0.007698064,0.0036578185,0.0007268658,0.009290187,0.0012563821,0.97234285,0.005027901,0.0
ERR1905862,0.0050000935,0.0036334568,0.009096714,0.0050869165,0.00084149075,0.00088847405,0.97545284,0.0
SRR8608376,0.0050000935,0.0036334568,0.009096714,0.0050869165,0.00084149075,0.00088847405,0.97545284,0.0
SRR7453843,0.0002324627,0.0012640439,0.0016921143,0.9929742,0.0007331127,0.0019682436,0.00113581,0.0
ERR867178,0.00023252208,0.0012638945,0.0016918755,0.9929741,0.00073320157,0.0019682725,0.0011361367,0.0
SRR1618020,0.00026390137,0.0011538512,0.0017115676,0.9914328,0.0009702055,0.0030219457,0.0014457633,0.0
ERR466723,0.00769508,0.003651452,0.0007273264,0.009334778,0.0012575984,0.972293,0.005040791,0.0
SRR3884203,0.0018980558,0.98295534,0.003079863,0.0033205585,0.0017705733,0.0011426249,0.0058330595,0.0
SRR5180692,0.0018980558,0.98295534,0.003079863,0.0033205585,0.0017705733,0.0011426249,0.0058330595,0.0
ERR1310049,0.00013778252,0.0012360883,0.0037986545,0.9574723,0.0011535782,0.03510397,0.0010976861,0.0
SRR3094683,0.00023433333,0.001255489,0.0016937262,0.99293506,0.0007420556,0.001990584,0.0011487331,0.0
SRR1556858,0.00023305653,0.0012606173,0.0016910059,0.99295765,0.00073706545,0.0019795082,0.00114104,0.0
DRR018777,0.0002364344,0.0012460917,0.0016697343,0.9929406,0.00075014157,0.0019801417,0.0011768478,0.0
ERR1428441,0.0050000935,0.0036334568,0.009096714,0.0050869165,0.00084149075,0.00088847405,0.97545284,0.0
ERR2709713,0.0050000935,0.0036334568,0.009096714,0.0050869165,0.00084149075,0.00088847405,0.97545284,0.0
ERR1690191,0.0050000935,0.0036334568,0.009096714,0.0050869165,0.00084149075,0.00088847405,0.97545284,0.0
SRR7081074,0.0018980558,0.98295534,0.003079863,0.0033205585,0.0017705733,0.0011426249,0.0058330595,0.0
ERR531717,0.00024980525,0.0012010817,0.001680765,0.99265724,0.00081945874,0.0021348102,0.001256789,0.0
SRR8605690,0.0050000935,0.0036334568,0.009096714,0.0050869165,0.00084149075,0.00088847405,0.97545284,0.0
ERR866540,0.0002330857,0.0012605547,0.0016904365,0.9929613,0.0007365282,0.0019764395,0.0011416321,0.0
ERR2592268,0.80718833,0.01585273,0.046646543,0.0075077824,0.00069752295,0.05084707,0.07126,0.0
ERR2073289,0.0050001238,0.0036334572,0.0090967445,0.005086917,0.0008414019,0.0008883852,0.97545296,0.0
ERR1310773,0.00024012059,0.0012302573,0.0016808143,0.9928407,0.000770688,0.0020403557,0.0011971229,0.0
SRR1926179,0.0050000935,0.0036334568,0.009096714,0.0050869165,0.00084149075,0.00088847405,0.97545284,0.0
SRR5586726,0.0050000935,0.0036334568,0.009096714,0.0050869165,0.00084149075,0.00088847405,0.97545284,0.0
SRR1129820,0.007879335,0.007841948,0.9407302,0.006737949,0.009433328,6.168039e-05,0.027315583,0.0
SRR8605404,0.0050000935,0.0036334568,0.009096714,0.0050869165,0.00084149075,0.00088847405,0.97545284,0.0
ERR209321,0.00023166029,0.0012370683,0.0017373034,0.99269307,0.00076176017,0.0021976493,0.0011414653,0.0
SRR7902083,0.0012142956,0.3338362,0.10271329,0.0001257956,0.005829543,0.00019776821,0.24784416,0.30823898
SRR5914944,0.0018980558,0.98295534,0.003079863,0.0033205585,0.0017705733,0.0011426249,0.0058330595,0.0
SRR3951039,0.0002324329,0.0012640733,0.0016920544,0.99297386,0.000733172,0.0019684217,0.0011359288,0.0
SRR1622874,0.0002323735,0.001264163,0.0016921443,0.9929743,0.0007330533,0.0019682439,0.0011356913,0.0
SRR6932373,0.0002323735,0.001264163,0.0016921443,0.9929743,0.0007330533,0.0019682439,0.0011356913,0.0
SRR6931539,0.00023376757,0.0012569134,0.0016871183,0.99295217,0.0007400012,0.0019810009,0.0011489978,0.0
SRR6396223,0.0018980558,0.98295534,0.003079863,0.0033205585,0.0017705733,0.0011426249,0.0058330595,0.0
ERR2730285,0.00023258124,0.001263387,0.0016914865,0.9929716,0.00073385495,0.001969876,0.001137206,0.0
SRR6145484,0.0018980558,0.98295534,0.003079863,0.0033205585,0.0017705733,0.0011426249,0.0058330595,0.0
ERR1366558,0.007697275,0.0036551836,0.00072715885,0.009294201,0.0012554744,0.97234267,0.005027931,0.0
ERR560830,0.00024151831,0.0012320705,0.0016620742,0.99281263,0.0007845181,0.0020566534,0.0012105956,0.0
ERR924292,0.0050000935,0.0036334568,0.009096714,0.0050869165,0.00084149075,0.00088847405,0.97545284,0.0
SRR8611279,0.0050000935,0.0036334568,0.009096714,0.0050869165,0.00084149075,0.00088847405,0.97545284,0.0
SRR7092931,0.0018980558,0.98295534,0.003079863,0.0033205585,0.0017705733,0.0011426249,0.0058330595,0.0
SRR5724722,0.00030068765,0.0011372649,0.0015532656,0.991955,0.0010193371,0.002247878,0.0017865065,0.0
ERR1593556,0.007879335,0.007841948,0.9407302,0.006737949,0.009433328,6.168039e-05,0.027315583,0.0
ERR2168957,0.0018980558,0.98295534,0.003079863,0.0033205585,0.0017705733,0.0011426249,0.0058330595,0.0
ERR2001900,0.00023237347,0.0012641628,0.0016921441,0.9929742,0.0007330532,0.0019682436,0.00113581,0.0
ERR3506572,0.00769721,0.003655122,0.0007271582,0.009295189,0.0012555906,0.972341,0.005028747,0.0
DRR088613,0.0017702281,0.16290519,0.21379474,0.00023922324,0.002927512,0.00018119812,0.26555014,0.3526318
SRR5377222,0.0018980558,0.98295534,0.003079863,0.0033205585,0.0017705733,0.0011426249,0.0058330595,0.0
SRR5178091,0.0002324627,0.0012641033,0.0016921143,0.9929742,0.00073308294,0.0019682436,0.00113581,0.0
ERR526053,0.0002323735,0.001264163,0.0016921443,0.9929743,0.0007330533,0.0019682439,0.0011356913,0.0
SRR7584080,0.007848143,0.003417683,0.0007205847,0.010533208,0.0013359451,0.971197,0.004947476,0.0
SRR1747737,0.0018980558,0.98295534,0.003079863,0.0033205585,0.0017705733,0.0011426249,0.0058330595,0.0
SRR6746206,0.0018980558,0.98295534,0.003079863,0.0033205585,0.0017705733,0.0011426249,0.0058330595,0.0
ERR1583406,0.0018980558,0.98295534,0.003079863,0.0033205585,0.0017705733,0.0011426249,0.0058330595,0.0
ERR1523485,0.0076990225,0.0036978847,0.0007326642,0.009237374,0.0012517066,0.9722938,0.0050875535,0.0
SRR995390,0.0002323735,0.001264163,0.0016921443,0.9929743,0.0007330533,0.0019682439,0.0011356913,0.0
SRR5869415,0.0002323735,0.001264163,0.0016921443,0.9929743,0.0007330533,0.0019682439,0.0011356913,0.0
SRR3660142,0.0018980558,0.98295534,0.003079863,0.0033205585,0.0017705733,0.0011426249,0.0058330595,0.0
ERR1263416,0.00769712,0.003654564,0.000727158,0.009296592,0.0012557366,0.9723401,0.0050287456,0.0
SRR2145381,0.0002449958,0.0012124289,0.0016119523,0.9929045,0.00078298734,0.0019740928,0.0012691128,0.0
ERR441049,0.0002325222,0.0012641033,0.0016920846,0.9929742,0.00073308294,0.0019682436,0.0011357209,0.0
SRR7454177,0.00023243298,0.0012641333,0.0016919955,0.99297434,0.0007330533,0.0019682439,0.0011357805,0.0
ERR106982,0.00023578662,0.0012486251,0.0016884606,0.99291503,0.00074903225,0.0020002155,0.0011628412,0.0
ERR2528835,0.0077324137,0.0036383762,0.0007386772,0.00922623,0.0012718148,0.9723331,0.0050593736,0.0
SRR1010966,0.0018980558,0.98295534,0.003079863,0.0033205585,0.0017705733,0.0011426249,0.0058330595,0.0
SRR8609517,0.0050000935,0.0036334568,0.009096714,0.0050869165,0.00084149075,0.00088847405,0.97545284,0.0
SRR6004938,0.0018980558,0.98295534,0.003079863,0.0033205585,0.0017705733,0.0011426249,0.0058330595,0.0
SRR6451803,0.00023927851,0.0012352958,0.0016479731,0.9929376,0.0007600699,0.0019726423,0.0012070404,0.0
SRR1747798,0.0018980558,0.98295534,0.003079863,0.0033205585,0.0017705733,0.0011426249,0.0058330595,0.0
SRR2580814,0.0018980558,0.98295534,0.003079863,0.0033205585,0.0017705733,0.0011426249,0.0058330595,0.0
ERR1309954,0.00024804246,0.0012037198,0.0016541517,0.99271923,0.0008119673,0.0020969403,0.0012659385,0.0
SRR5467909,0.00023255197,0.0012635681,0.0016925012,0.99297124,0.0007334995,0.0019706236,0.0011360184,0.0
ERR425037,0.00021780071,0.0012874964,0.00220862,0.9822475,0.0012085991,0.011089927,0.001740115,0.0
SRR1980871,0.0018980558,0.98295534,0.003079863,0.0033205585,0.0017705733,0.0011426249,0.0058330595,0.0
ERR2511950,0.00023790877,0.0012428785,0.0017047154,0.9928349,0.0007630452,0.002059764,0.0011566745,0.0
ERR1310579,0.00026084582,0.0011749809,0.0016628288,0.9924697,0.00087737694,0.002215866,0.0013384296,0.0
ERR1383755,0.00021244095,0.0010867468,0.0024455965,0.9848353,0.0011540445,0.009079132,0.0011866387,0.0
SRR1618273,0.00023474466,0.0012535877,0.0016776272,0.99295807,0.00074275327,0.00197314,0.001160011,0.0
ERR1971149,0.00026600674,0.00105164,0.001901109,0.98798597,0.0013214787,0.0059050824,0.0015687121,0.0
SRR1715580,0.0002323735,0.001264163,0.0016921443,0.9929743,0.0007330533,0.0019682439,0.0011356913,0.0
SRR924051,0.0050000935,0.0036334568,0.009096714,0.0050869165,0.00084149075,0.00088847405,0.97545284,0.0
ERR1226141,0.0050000935,0.0036334568,0.009096714,0.0050869165,0.00084149075,0.00088847405,0.97545284,0.0
SRR3664344,0.0018980558,0.98295534,0.003079863,0.0033205585,0.0017705733,0.0011426249,0.0058330595,0.0
SRR6265646,0.00023717887,0.0012421403,0.0016729825,0.99290437,0.0007568962,0.002005491,0.0011808974,0.0
ERR1811322,0.00021720854,0.0011309239,0.002095588,0.99042404,0.0009002718,0.0041487333,0.0010833064,0.0
ERR368910,0.0002324627,0.0012640439,0.0016920548,0.9929743,0.0007331127,0.0019682734,0.0011358398,0.0
SRR6411668,0.00023776744,0.0012409176,0.0016595536,0.9929385,0.0007549428,0.0019768842,0.0011913654,0.0
SRR2897882,0.0076971003,0.0036550083,0.0007271589,0.009294319,0.0012555039,0.9723433,0.005027551,0.0
SRR8609974,0.0050000935,0.0036334568,0.009096714,0.0050869165,0.00084149075,0.00088847405,0.97545284,0.0
SRR6348598,0.0018980558,0.98295534,0.003079863,0.0033205585,0.0017705733,0.0011426249,0.0058330595,0.0
ERR1678178,0.0050000935,0.0036334568,0.009096714,0.0050869165,0.00084149075,0.00088847405,0.97545284,0.0
SRR2126815,0.0018980558,0.98295534,0.003079863,0.0033205585,0.0017705733,0.0011426249,0.0058330595,0.0
SRR6394213,0.000232522,0.0012638643,0.0016917858,0.9929739,0.00073329057,0.0019683314,0.0011362851,0.0
ERR1359970,0.007795727,0.0036182909,0.0007456443,0.009249083,0.0012899389,0.97220916,0.0050921803,0.0
SRR5150241,0.0018980558,0.98295534,0.003079863,0.0033205585,0.0017705733,0.0011426249,0.0058330595,0.0
SRR5240872,0.0018980558,0.98295534,0.003079863,0.0033205585,0.0017705733,0.0011426249,0.0058330595,0.0
SRR5031346,0.00036597255,0.77218884,0.00061059004,0.0810254,0.002078146,0.08550844,0.0034316482,0.054790977
SRR882146,0.0018980558,0.98295534,0.003079863,0.0033205585,0.0017705733,0.0011426249,0.0058330595,0.0
SRR4125138,0.007696748,0.0036548614,0.00072715885,0.009295021,0.0012554452,0.97234356,0.0050272867,0.0
SRR8609488,0.0050000935,0.0036334568,0.009096714,0.0050869165,0.00084149075,0.00088847405,0.97545284,0.0
ERR1533838,0.002245158,0.024168491,0.00039753318,0.03787577,0.0062892437,0.8926357,0.0047614872,0.031626582
ERR756893,0.0076989313,0.0036525119,0.0007272747,0.0093019465,0.0012562337,0.9723355,0.0050275414,0.0
ERR522467,0.00023302565,0.0012612358,0.00168838,0.9929691,0.00073578284,0.0019702476,0.0011421945,0.0
SRR6414203,0.0002323735,0.001264163,0.0016921443,0.9929743,0.0007330533,0.0019682439,0.0011356913,0.0
ERR1382331,0.00023347036,0.0012595621,0.0016857518,0.99296737,0.0007372952,0.0019702353,0.0011462624,0.0
ERR2716328,0.8076405,0.014515076,0.046964835,0.007812907,0.0006910629,0.051757354,0.0706183,0.0
SRR5827521,0.0018980558,0.98295534,0.003079863,0.0033205585,0.0017705733,0.0011426249,0.0058330595,0.0
ERR107118,0.00023979043,0.0012315211,0.0016741905,0.99286175,0.0007678826,0.0020246557,0.0012002311,0.0
DRR030549,0.00023255161,0.0012637149,0.001691517,0.9929736,0.00073349837,0.0019684194,0.001136671,0.0
ERR531835,0.00023782993,0.0012390594,0.0016678731,0.99290377,0.000759176,0.002003262,0.0011890009,0.0
ERR1462803,0.0015074812,0.07291522,0.0002960852,0.00861804,0.004540584,0.9080517,0.004070769,0.0
ERR2538467,0.0002323735,0.001264163,0.0016921443,0.9929743,0.0007330533,0.0019682439,0.0011356913,0.0
SRR6874464,0.00028160214,0.0030412376,0.0016670525,0.8871516,0.0039674044,0.079651445,0.0023630261,0.021876633
SRR7453715,0.00023246263,0.0012639839,0.0016922922,0.99297285,0.00073332066,0.0019691056,0.0011359287,0.0
ERR2528839,0.0076980377,0.003654216,0.00072795525,0.009289411,0.0012563921,0.97234523,0.0050287903,0.0
ERR1383395,0.00024158337,0.0012295409,0.0016803459,0.99279046,0.0007833167,0.00207541,0.00119941,0.0
SRR6038349,0.00023465956,0.0012531041,0.0016879783,0.9929289,0.0007450567,0.001996495,0.0011537552,0.0
DRR044159,0.00023441939,0.0012549662,0.0016827869,0.9929533,0.0007417481,0.001977529,0.0011552316,0.0
SRR6457085,0.0018980558,0.98295534,0.003079863,0.0033205585,0.0017705733,0.0011426249,0.0058330595,0.0
ERR1654741,0.007697277,0.0036550965,0.0007271883,0.009293969,0.0012554454,0.9723434,0.005027581,0.0
ERR2495530,0.0050000935,0.0036334568,0.009096714,0.0050869165,0.00084149075,0.00088847405,0.97545284,0.0
SRR028704,0.00023246265,0.0012640733,0.001691995,0.992974,0.000733172,0.0019684217,0.0011359586,0.0
ERR2249188,0.0002626904,0.0011648001,0.0016147697,0.99249893,0.00088542775,0.0021807107,0.0013926099,0.0
SRR5180867,0.0018980558,0.98295534,0.003079863,0.0033205585,0.0017705733,0.0011426249,0.0058330595,0.0
ERR1382664,0.00023450896,0.0012537782,0.001682938,0.9929431,0.0007437123,0.001985533,0.0011563636,0.0
SRR7449399,0.0002324627,0.0012641033,0.0016920548,0.9929742,0.0007331127,0.0019682734,0.0011357804,0.0
SRR2168183,0.0018980558,0.98295534,0.003079863,0.0033205585,0.0017705733,0.0011426249,0.0058330595,0.0
ERR1109403,0.00023593144,0.0012475039,0.0016762376,0.9929334,0.00074916857,0.001987065,0.0011707041,0.0
SRR943486,0.007879335,0.007841948,0.9407302,0.006737949,0.009433328,6.168039e-05,0.027315583,0.0
SRR5178846,0.0018980558,0.98295534,0.003079863,0.0033205585,0.0017705733,0.0011426249,0.0058330595,0.0
ERR1593428,0.007879335,0.007841948,0.9407302,0.006737949,0.009433328,6.168039e-05,0.027315583,0.0
ERR1428647,0.0050000935,0.0036334568,0.009096714,0.0050869165,0.00084149075,0.00088847405,0.97545284,0.0
ERR1311040,0.00023593177,0.0012482492,0.0016735035,0.9929318,0.00075029995,0.0019890012,0.001171152,0.0
SRR3742093,0.0018980558,0.98295534,0.003079863,0.0033205585,0.0017705733,0.0011426249,0.0058330595,0.0
SRR6899574,0.0070311883,0.0056347586,0.0006092067,0.008224949,0.0017014872,0.97211576,0.0046827686,0.0
SRR7449415,0.00023246265,0.0012640435,0.001691995,0.99297416,0.0007331125,0.0019682432,0.0011359288,0.0
ERR3506597,0.0076978463,0.0036551766,0.0007271282,0.009294916,0.001255765,0.9723399,0.005029181,0.0
ERR1678154,0.0050000935,0.0036334568,0.009096714,0.0050869165,0.00084149075,0.00088847405,0.97545284,0.0
ERR522254,0.0002324627,0.0012641033,0.0016921143,0.9929742,0.00073308294,0.0019682436,0.00113581,0.0
ERR2538481,0.0002323735,0.001264163,0.0016921443,0.9929743,0.0007330533,0.0019682439,0.0011356913,0.0
SRR5617489,0.0018980558,0.98295534,0.003079863,0.0033205585,0.0017705733,0.0011426249,0.0058330595,0.0
ERR1538983,0.001113534,0.00489825,0.009896457,0.028627485,0.0043367445,0.038158774,0.6174739,0.29549485
ERR499509,0.00023349977,0.001259471,0.0016846786,0.99296945,0.0007374131,0.0019683882,0.0011471532,0.0
SRR3624576,0.0012142956,0.3338362,0.10271329,0.0001257956,0.005829543,0.00019776821,0.24784416,0.30823898
SRR5467744,0.0002324922,0.0012636558,0.0016917556,0.9929734,0.0007334391,0.0019687174,0.0011365525,0.0
ERR2249177,0.00023296656,0.001261565,0.001689067,0.99296886,0.00073548657,0.0019707864,0.0011412743,0.0
ERR1529698,0.00023753071,0.0012436307,0.0016582237,0.9929464,0.0007539057,0.0019718974,0.0011884567,0.0
SRR6038427,0.00024227072,0.0012229823,0.0016294832,0.99291784,0.0007724349,0.00197558,0.0012394291,0.0
ERR520834,0.00019247769,0.0015130612,0.002638038,0.96822554,0.0012573183,0.024406672,0.0017669565,0.0
SRR2016362,0.007696748,0.0036549198,0.00072715885,0.009295021,0.0012555037,0.9723433,0.0050272867,0.0
ERR2738906,0.00023296638,0.0012617129,0.0016884411,0.99297154,0.0007353076,0.0019686136,0.001141452,0.0
SRR7453558,0.00023246265,0.0012640435,0.0016920544,0.99297404,0.00073308276,0.0019683326,0.0011358991,0.0
SRR921143,0.0002323735,0.001264163,0.0016921443,0.9929743,0.0007330533,0.0019682439,0.0011356913,0.0
ERR441871,0.00023249231,0.0012640134,0.0016918754,0.992974,0.0007332015,0.0019682425,0.0011361664,0.0
SRR6457239,0.0018980558,0.98295534,0.003079863,0.0033205585,0.0017705733,0.0011426249,0.0058330595,0.0
SRR6054510,0.00023773764,0.0012408281,0.0016588692,0.99293894,0.0007550319,0.0019770325,0.001191603,0.0
SRR6931872,0.0002323735,0.001264163,0.0016921443,0.9929743,0.0007330533,0.0019682439,0.0011356913,0.0
ERR1263810,0.0076967073,0.0036550472,0.00072712573,0.009305545,0.0012563465,0.9723236,0.005035637,0.0
ERR1690883,0.0050000935,0.0036334568,0.009096714,0.0050869165,0.00084149075,0.00088847405,0.97545284,0.0
SRR6745988,0.0018980558,0.98295534,0.003079863,0.0033205585,0.0017705733,0.0011426249,0.0058330595,0.0
SRR2097666,0.0018980558,0.98295534,0.003079863,0.0033205585,0.0017705733,0.0011426249,0.0058330595,0.0
SRR1647946,0.0018980558,0.98295534,0.003079863,0.0033205585,0.0017705733,0.0011426249,0.0058330595,0.0
SRR747839,0.008006024,0.008723353,0.93799317,0.0059861722,0.008423041,6.4550004e-05,0.030803794,0.0
SRR5181070,0.0018980558,0.98295534,0.003079863,0.0033205585,0.0017705733,0.0011426249,0.0058330595,0.0
SRR6932214,0.00014467636,0.00084007904,0.0040096734,0.96457016,0.0013355801,0.028187579,0.0009123439,0.0
SRR4414599,0.007879335,0.007841948,0.9407302,0.006737949,0.009433328,6.168039e-05,0.027315583,0.0
SRR3062912,0.007879335,0.007841948,0.9407302,0.006737949,0.009433328,6.168039e-05,0.027315583,0.0
ERR2511300,0.00023489325,0.0012528433,0.0016781616,0.9929524,0.0007437047,0.0019770355,0.0011609325,0.0
SRR5178984,0.0018980558,0.98295534,0.003079863,0.0033205585,0.0017705733,0.0011426249,0.0058330595,0.0
ERR719282,0.00023332261,0.0012597458,0.0016885847,0.9929621,0.00073720905,0.0019748244,0.0011442148,0.0
ERR1905817,0.0050000935,0.0036334568,0.009096714,0.0050869165,0.00084149075,0.00088847405,0.97545284,0.0
SRR1926180,0.0050000935,0.0036334568,0.009096714,0.0050869165,0.00084149075,0.00088847405,0.97545284,0.0
SRR3416646,0.0018980558,0.98295534,0.003079863,0.0033205585,0.0017705733,0.0011426249,0.0058330595,0.0
SRR2761387,0.00026477978,0.0011663812,0.0016247797,0.99242836,0.0009023151,0.002222021,0.0013913428,0.0
ERR2836014,0.009386518,0.0038823613,0.0008540247,0.0109277945,0.0020406886,0.9661256,0.006783014,0.0
SRR6931476,0.0002323735,0.001264163,0.0016921443,0.9929743,0.0007330533,0.0019682439,0.0011356913,0.0
ERR833605,0.0018980558,0.98295534,0.003079863,0.0033205585,0.0017705733,0.0011426249,0.0058330595,0.0
SRR6365023,0.00022913619,0.0013157399,0.0018049349,0.9918141,0.00078901544,0.002824902,0.0012221688,0.0
SRR2144135,0.0074714893,0.0037164392,0.000730234,0.009528401,0.0012479628,0.9722352,0.005070215,0.0
ERR498868,0.0002325222,0.0012641033,0.0016921143,0.9929742,0.0007331127,0.0019682436,0.0011357209,0.0
SRR5822368,0.0076037706,0.0037419833,0.00070995156,0.009625564,0.001305868,0.9717482,0.005264735,0.0
SRR6408623,0.00023237347,0.0012641033,0.0016921441,0.9929742,0.00073308294,0.0019682436,0.0011357804,0.0
SRR640635,0.007879335,0.007841948,0.9407302,0.006737949,0.009433328,6.168039e-05,0.027315583,0.0
SRR3633310,0.0018980558,0.98295534,0.003079863,0.0033205585,0.0017705733,0.0011426249,0.0058330595,0.0
SRR8605843,0.005000095,0.0036334577,0.009096775,0.005086918,0.00084140204,0.0008884743,0.975453,0.0
ERR500493,0.0002433122,0.0012173343,0.0016372494,0.99285597,0.000783203,0.0020168056,0.0012461534,0.0
SRR3951258,0.00023290775,0.0012619258,0.0016907675,0.99296683,0.0007351616,0.001972815,0.0011395228,0.0
ERR220366,0.0018980558,0.98295534,0.003079863,0.0033205585,0.0017705733,0.0011426249,0.0058330595,0.0
ERR499621,0.00023231281,0.0012536563,0.0017042718,0.9928466,0.000750302,0.0020667214,0.0011461857,0.0
SRR6511310,0.0018980558,0.98295534,0.003079863,0.0033205585,0.0017705733,0.0011426249,0.0058330595,0.0
SRR8608291,0.0050000935,0.0036334568,0.009096714,0.0050869165,0.00084149075,0.00088847405,0.97545284,0.0
ERR1194532,0.007696748,0.0036548614,0.00072715885,0.009295021,0.0012554452,0.97234356,0.0050272867,0.0
ERR1383078,0.0002387567,0.0012097263,0.0017331053,0.9925051,0.0008001487,0.0023267698,0.0011865259,0.0
ERR1583251,0.0018980558,0.98295534,0.003079863,0.0033205585,0.0017705733,0.0011426249,0.0058330595,0.0
ERR1298426,0.0050000935,0.0036334568,0.009096714,0.0050869165,0.00084149075,0.00088847405,0.97545284,0.0
ERR1256940,0.0006907881,0.002335489,0.003363103,0.51429915,0.0023693147,0.3928384,0.0005756319,0.08352817
ERR1582140,0.0018980558,0.98295534,0.003079863,0.0033205585,0.0017705733,0.0011426249,0.0058330595,0.0
SRR2922899,0.0050000935,0.0036334568,0.009096714,0.0050869165,0.00084149075,0.00088847405,0.97545284,0.0
ERR418289,0.0012304187,0.0032483637,0.004307121,0.36482403,0.002371937,0.3907985,0.0006073415,0.23261225
ERR1298083,0.0050000935,0.0036334568,0.009096714,0.0050869165,0.00084149075,0.00088847405,0.97545284,0.0
SRR3503182,0.00023243293,0.0012641032,0.0016920547,0.99297416,0.00073314237,0.0019682732,0.0011358099,0.0
ERR3256943,0.0018980558,0.98295534,0.003079863,0.0033205585,0.0017705733,0.0011426249,0.0058330595,0.0
ERR441623,0.0002324627,0.0012641033,0.0016921143,0.99297416,0.0007330532,0.0019682436,0.0011357804,0.0
SRR882208,0.0018980558,0.98295534,0.003079863,0.0033205585,0.0017705733,0.0011426249,0.0058330595,0.0
SRR3037248,8.861105e-05,0.004852861,0.004221767,0.810115,0.000572592,0.08742216,0.0012161434,0.09151089
ERR1522997,0.0076967506,0.0036553019,0.00072710053,0.00929438,0.001255592,0.97234374,0.005027171,0.0
SRR4826972,0.0018981728,0.982955,0.003079832,0.0033206453,0.0017706314,0.0011426833,0.0058330568,0.0
DRR050944,0.00023267037,0.001263327,0.0016911584,0.99297273,0.00073382485,0.0019689233,0.0011374137,0.0
ERR2709724,0.0050000935,0.0036334568,0.009096714,0.0050869165,0.00084149075,0.00088847405,0.97545284,0.0
SRR2061310,0.0018980558,0.98295534,0.003079863,0.0033205585,0.0017705733,0.0011426249,0.0058330595,0.0
DRR018679,0.00023418236,0.0012558635,0.0016848161,0.99295306,0.00074094784,0.0019784586,0.0011526484,0.0
SRR942594,0.007879335,0.007841948,0.9407302,0.006737949,0.009433328,6.168039e-05,0.027315583,0.0
ERR1665707,0.0018980558,0.98295534,0.003079863,0.0033205585,0.0017705733,0.0011426249,0.0058330595,0.0
SRR6028168,0.0002435768,0.0012160401,0.001632143,0.9928689,0.00078233064,0.0020058653,0.0012512234,0.0
ERR1310786,0.00024070205,0.0012281069,0.001644376,0.9929022,0.0007693662,0.0019934282,0.0012218016,0.0
ERR500718,0.0002324627,0.0012641033,0.0016920846,0.99297416,0.0007331722,0.0019682436,0.0011356911,0.0
SRR6188415,0.0018980558,0.98295534,0.003079863,0.0033205585,0.0017705733,0.0011426249,0.0058330595,0.0
SRR1949288,0.0002325222,0.0012641033,0.0016920846,0.9929742,0.00073308294,0.0019682436,0.0011357804,0.0
ERR1897444,0.0018980558,0.98295534,0.003079863,0.0033205585,0.0017705733,0.0011426249,0.0058330595,0.0
ERR1896773,0.007696723,0.0036553028,0.00072707137,0.009294295,0.0012555923,0.972344,0.005027114,0.0
SRR6264899,0.00023406438,0.0012558688,0.0016853587,0.992947,0.00074184337,0.0019841783,0.0011517312,0.0
ERR1896740,0.0041300436,0.162491,0.00057681877,0.0014798394,0.004059424,0.8152099,0.01205303,0.0
SRR5595923,0.0018980558,0.98295534,0.003079863,0.0033204993,0.0017705733,0.0011426249,0.0058330595,0.0
DRR060035,0.0018980558,0.98295534,0.003079863,0.0033205585,0.0017705733,0.0011426249,0.0058330595,0.0
SRR6408922,0.00023563394,0.0012497046,0.0016736792,0.9929486,0.00074669963,0.0019766244,0.0011691274,0.0
ERR1359953,0.007718216,0.0036408936,0.00072896364,0.009332282,0.0012606394,0.9722863,0.005032775,0.0
ERR2599179,0.0050000935,0.0036334568,0.009096714,0.0050869165,0.00084149075,0.00088847405,0.97545284,0.0
ERR579705,0.0002565186,0.00118651,0.0016492605,0.99258614,0.0008408671,0.0021432356,0.0013375188,0.0
SRR2658267,0.00023267079,0.0012629722,0.0016925298,0.9929679,0.0007342426,0.0019729126,0.0011368208,0.0
ERR2188014,0.0025429153,0.037591342,0.078646705,0.035610422,0.8053833,0.0066043963,0.03362083,0.0
SRR632468,0.0018980558,0.98295534,0.003079863,0.0033205585,0.0017705733,0.0011426249,0.0058330595,0.0
ERR3569047,0.007879335,0.007841948,0.9407302,0.006737949,0.009433328,6.168039e-05,0.027315583,0.0
SRR2658275,0.00024794237,0.0012010796,0.0016349565,0.992765,0.0008070544,0.002062469,0.0012814371,0.0
ERR2730231,0.00023637952,0.0012470975,0.0016761322,0.9929098,0.0007542907,0.0020043924,0.0011718736,0.0
SRR6314063,0.00321424,0.005469471,0.008433908,0.20408738,0.41973126,0.029137969,0.22387323,0.10605252
SRR4780244,0.0018980558,0.98295534,0.003079863,0.0033205585,0.0017705733,0.0011426249,0.0058330595,0.0
ERR1385420,0.00023255161,0.0012636554,0.0016914278,0.99297386,0.0007335281,0.0019682706,0.00113679,0.0
ERR500588,0.00023261088,0.0012635054,0.0016910692,0.9929736,0.00073367613,0.0019681796,0.0011373542,0.0
SRR6028611,0.00023246265,0.001263984,0.0016920246,0.99297416,0.00073320174,0.0019682432,0.0011359288,0.0
ERR499826,0.0002324626,0.0012640135,0.0016919648,0.992974,0.0007332611,0.0019682427,0.0011360177,0.0
ERR579668,0.00023255164,0.001263715,0.0016915767,0.9929738,0.0007334092,0.0019683305,0.0011366713,0.0
SRR505156,0.00024586756,0.0011885334,0.0016842836,0.99242896,0.0008396138,0.0023519655,0.0012608333,0.0
SRR3362101,0.0002436984,0.0012153989,0.001639239,0.99284345,0.0007855511,0.0020239993,0.0012487089,0.0
DRR042826,0.00023246263,0.0012640137,0.0016920542,0.9929739,0.0007332017,0.001968362,0.0011359287,0.0
ERR1665714,0.0018980558,0.98295534,0.003079863,0.0033205585,0.0017705733,0.0011426249,0.0058330595,0.0
ERR1896749,0.003754139,0.35452384,0.0005028546,0.0031055808,0.0019240379,0.48765978,0.0076797307,0.14085007
ERR1383651,0.00023809401,0.001238535,0.0016598172,0.99292475,0.0007577963,0.0019863376,0.0011946936,0.0
SRR920243,0.0002323735,0.001264163,0.0016921443,0.9929743,0.0007330533,0.0019682439,0.0011356913,0.0
ERR1912990,0.00023723982,0.0012417018,0.0016778114,0.99289566,0.0007571984,0.0020120768,0.0011783169,0.0
SRR996207,0.00023252211,0.0012640434,0.0016920542,0.992974,0.0007331422,0.0019683025,0.0011358989,0.0
SRR5178513,0.0018980558,0.98295534,0.003079863,0.0033205585,0.0017705733,0.0011426249,0.0058330595,0.0
ERR1398195,0.00023868667,0.001236382,0.0016573331,0.9929212,0.0007598415,0.001986111,0.0012004527,0.0
ERR1513302,0.0076968386,0.0036557412,0.00072710053,0.009294146,0.0012558263,0.9723434,0.005026937,0.0
SRR6414086,0.00023261101,0.0012634764,0.0016916057,0.9929725,0.00073361705,0.0019691922,0.0011369681,0.0
SRR6457168,0.0018980558,0.98295534,0.003079863,0.0033205585,0.0017705733,0.0011426249,0.0058330595,0.0
ERR1811245,0.0002485493,0.0012054804,0.0016780423,0.9927101,0.00080632046,0.0020934413,0.0012580336,0.0
SRR6412105,0.0002325813,0.0012632683,0.0016918735,0.9929715,0.0007338254,0.0019699063,0.0011370576,0.0
DRR047979,0.00023249225,0.0012639238,0.0016918452,0.9929736,0.0007333798,0.0019684504,0.0011362553,0.0
SRR1704510,0.0002323735,0.001264163,0.0016921443,0.9929743,0.0007330533,0.0019682439,0.0011356913,0.0
DRR060092,0.0018980558,0.98295534,0.003079863,0.0033205585,0.0017705733,0.0011426249,0.0058330595,0.0
SRR3094892,0.00022011869,0.0013569025,0.0017888661,0.9923071,0.0007262488,0.0024628828,0.0011378552,0.0
ERR1522262,0.007696748,0.0036548614,0.00072715885,0.009295021,0.0012554452,0.97234356,0.0050272867,0.0
ERR1109396,0.00023246265,0.0012641328,0.0016921139,0.99297404,0.0007331125,0.0019682432,0.0011358098,0.0
SRR2010443,0.00023249256,0.0012641337,0.0016917582,0.99297214,0.00073335104,0.0019693451,0.001136703,0.0
SRR8611008,0.0050000935,0.0036334568,0.009096714,0.0050869165,0.00084149075,0.00088847405,0.97545284,0.0
ERR1676993,0.0050000935,0.0036334568,0.009096714,0.0050869165,0.00084149075,0.00088847405,0.97545284,0.0
ERR1688997,0.0050000935,0.0036334568,0.009096714,0.0050869165,0.00084149075,0.00088847405,0.97545284,0.0
SRR5178748,0.0018980553,0.98295516,0.0030798917,0.0033205282,0.0017706908,0.0011426246,0.005833058,0.0
SRR2984258,0.0018980558,0.98295534,0.003079863,0.0033205585,0.0017705733,0.0011426249,0.0058330595,0.0
SRR2761411,0.0002440952,0.0012158065,0.0016699121,0.9927857,0.0007891232,0.0020634625,0.0012318674,0.0
SRR6444766,0.00023459867,0.0012532156,0.0016845178,0.99293715,0.00074448716,0.0019899393,0.0011560387,0.0
ERR923891,0.01645561,0.001314576,0.007642209,0.045533415,0.012400036,0.0010006482,0.9156534,0.0
SRR6145504,0.0018980558,0.98295534,0.003079863,0.0033205585,0.0017705733,0.0011426249,0.0058330595,0.0
ERR1582914,0.0018980558,0.98295534,0.003079863,0.0033205585,0.0017705733,0.0011426249,0.0058330595,0.0
DRR043195,0.00023344162,0.0012588833,0.0016901911,0.99295586,0.00073813123,0.0019786318,0.0011448396,0.0
SRR950729,0.007879335,0.007841948,0.9407302,0.006737949,0.009433328,6.168039e-05,0.027315583,0.0
ERR2097575,0.80765915,0.014451807,0.046980575,0.007828305,0.0006906935,0.051802848,0.07058662,0.0
ERR1314071,0.00023349992,0.0012595016,0.0016850365,0.99296916,0.00073723507,0.001968776,0.0011466779,0.0
ERR1297650,0.00023551559,0.0012501838,0.001673862,0.99295,0.0007461662,0.0019768674,0.0011674649,0.0
DRR024137,0.00023667229,0.0012447231,0.0016709832,0.9929308,0.0007517476,0.0019867742,0.0011782157,0.0
SRR1125394,0.007879335,0.007841948,0.9407302,0.006737949,0.009433328,6.168039e-05,0.027315583,0.0
SRR6412062,0.00023249231,0.0012639539,0.0016918754,0.9929739,0.00073323125,0.001968302,0.0011361366,0.0
SRR5822931,0.0058507742,0.15108556,0.00078576896,0.0013385044,0.002899297,0.82250035,0.015539763,0.0
SRR5915894,0.0018980558,0.98295534,0.003079863,0.0033205585,0.0017705733,0.0011426249,0.0058330595,0.0
DRR049464,0.0002325222,0.0012641033,0.0016920846,0.9929742,0.00073308294,0.0019682436,0.0011357804,0.0
SRR5827455,0.0018980558,0.98295534,0.003079863,0.0033205585,0.0017705733,0.0011426249,0.0058330595,0.0
SRR995296,0.0002323735,0.001264163,0.0016921443,0.9929743,0.0007330533,0.0019682439,0.0011356913,0.0
SRR6398195,0.0018980558,0.98295534,0.003079863,0.0033205585,0.0017705733,0.0011426249,0.0058330595,0.0
SRR6287335,0.0018980558,0.98295534,0.003079863,0.0033205585,0.0017705733,0.0011426249,0.0058330595,0.0
SRR6413828,0.00023255158,0.001263447,0.0016918738,0.99297166,0.0007337362,0.0019699065,0.0011368494,0.0
SRR996394,0.0002323735,0.001264163,0.0016921443,0.9929743,0.0007330533,0.0019682439,0.0011356913,0.0
ERR1691354,0.0050000935,0.0036334568,0.009096714,0.0050869165,0.00084149075,0.00088847405,0.97545284,0.0
ERR466691,0.00770307,0.0036669124,0.0007290302,0.009331211,0.0012633477,0.97219616,0.005110358,0.0
SRR5002160,0.0018980558,0.98295534,0.0030798924,0.00332047,0.0017706323,0.0011426249,0.005833089,0.0
ERR2729941,0.8058159,0.01892552,0.04600657,0.006927537,0.00071058114,0.049053695,0.07256024,0.0
SRR959102,0.0018980558,0.98295534,0.003079863,0.0033205585,0.0017705733,0.0011426249,0.0058330595,0.0
ERR1548777,0.0025429153,0.037591342,0.078646705,0.035610422,0.8053833,0.0066043963,0.03362083,0.0
SRR994546,0.00023252214,0.001264103,0.0016920544,0.99297404,0.00073308276,0.0019682432,0.0011358991,0.0
SRR1161470,0.0018980558,0.98295534,0.003079863,0.0033205585,0.0017705733,0.0011426249,0.0058330595,0.0
ERR1313531,0.00024833504,0.0012231423,0.001729302,0.99230516,0.00086051604,0.0024552685,0.0011782825,0.0
ERR1313730,0.0002325517,0.0012639235,0.0016916961,0.99297374,0.0007333499,0.0019682713,0.0011363741,0.0
SRR1948890,0.00023243298,0.0012641035,0.0016921443,0.99297416,0.0007331128,0.0019683333,0.0011356913,0.0
SRR5915870,0.0018980558,0.98295534,0.003079863,0.0033205585,0.0017705733,0.0011426249,0.0058330595,0.0
SRR803018,0.0018980558,0.98295534,0.003079863,0.0033205585,0.0017705733,0.0011426249,0.0058330595,0.0
ERR1467099,0.0002324627,0.0012641033,0.0016921143,0.9929742,0.0007331424,0.0019682436,0.0011357209,0.0
SRR5983301,0.00023338174,0.0012596545,0.0016872435,0.9929646,0.0007372079,0.0019728877,0.0011449864,0.0
ERR539094,0.007879335,0.007841948,0.9407302,0.006737949,0.009433328,6.168039e-05,0.027315583,0.0
ERR1912982,0.00024661468,0.0012076148,0.0016485887,0.9927554,0.0008043231,0.002076863,0.0012605245,0.0
ERR1256054,0.0006205636,0.0013419146,0.002888531,0.78738785,0.0029364554,0.20364794,0.001176809,0.0
SRR5327667,0.0018980558,0.98295534,0.003079863,0.0033205585,0.0017705733,0.0011426249,0.0058330595,0.0
SRR3094729,0.0002382154,0.001237328,0.0016679242,0.9928996,0.0007604214,0.002004531,0.0011919693,0.0
SRR062163,0.0018980558,0.98295534,0.003079863,0.0033205585,0.0017705733,0.0011426249,0.0058330595,0.0
ERR2169001,0.0018980558,0.98295534,0.003079863,0.0033205585,0.0017705733,0.0011426249,0.0058330595,0.0
SRR6443847,0.0002352791,0.0012508759,0.001676728,0.9929417,0.0007466766,0.0019838403,0.0011648844,0.0
ERR1311601,0.00023471762,0.001254197,0.0016823462,0.9929378,0.0007451712,0.0019891062,0.001156693,0.0
SRR4054190,0.0018980558,0.98295534,0.003079863,0.0033205585,0.0017705733,0.0011426249,0.0058330595,0.0
SRR1715574,0.00023246267,0.0012640437,0.0016919952,0.99297416,0.00073320186,0.0019682732,0.0011358397,0.0
SRR2145451,0.00023501177,0.0012523055,0.0016774148,0.9929524,0.0007441197,0.0019765855,0.00116212,0.0
ERR338511,0.0025720298,0.002598524,0.009658635,0.21556413,0.106184065,0.018101484,0.23248461,0.41283655
SRR3633450,0.001898144,0.9829552,0.0030798332,0.003320558,0.0017706321,0.0011426542,0.005833,0.0
ERR2784735,0.00023613762,0.0012474039,0.0016693226,0.99294627,0.0007488647,0.001977292,0.0011746502,0.0
ERR2716295,0.8076371,0.014526209,0.046962056,0.0078101675,0.0006911411,0.051749393,0.07062389,0.0
ERR2511851,0.00023350003,0.0012588775,0.0016860189,0.99296385,0.0007379196,0.0019729414,0.0011469164,0.0
SRR6932227,0.0002323735,0.001264163,0.0016921443,0.9929743,0.0007330533,0.0019682439,0.0011356913,0.0
ERR1896871,0.0018980558,0.98295534,0.003079863,0.0033205585,0.0017705733,0.0011426249,0.0058330595,0.0
SRR4414878,0.007879335,0.007841948,0.9407302,0.006737949,0.009433328,6.168039e-05,0.027315583,0.0
SRR2005642,0.0002323735,0.001264163,0.0016921443,0.9929743,0.0007330533,0.0019682439,0.0011356913,0.0
SRR8610226,0.0050000935,0.0036334568,0.009096714,0.0050869165,0.00084149075,0.00088847405,0.97545284,0.0
ERR450725,0.0002324627,0.0012641033,0.0016921143,0.9929742,0.00073308294,0.0019682436,0.0011357804,0.0
SRR6745842,0.0018980558,0.98295534,0.003079863,0.0033205585,0.0017705733,0.0011426249,0.0058330595,0.0
SRR7449013,0.00023379686,0.0012581008,0.0016857765,0.99296075,0.0007388695,0.0019738583,0.0011487873,0.0
SRR6038558,0.00028871463,0.0011217123,0.0016063616,0.9920487,0.0010090446,0.002340069,0.0015853739,0.0
SRR5647915,0.0018980558,0.98295534,0.003079863,0.0033205585,0.0017705733,0.0011426249,0.0058330595,0.0
ERR3006014,0.00025818506,0.001177118,0.0016237526,0.9925001,0.0008736718,0.0022173522,0.0013498064,0.0
ERR2511856,0.00024051026,0.0012294994,0.00168378,0.99281895,0.0007747726,0.0020569784,0.0011955019,0.0
ERR2013406,0.0025429153,0.037591342,0.078646705,0.035610422,0.8053833,0.0066043963,0.03362083,0.0
SRR5915101,0.0018980558,0.98295534,0.003079863,0.0033205585,0.0017705733,0.0011426249,0.0058330595,0.0
SRR5165640,0.0002319211,0.0011908972,0.0018150645,0.99202096,0.00083520747,0.0027446526,0.0011613307,0.0
SRR1426022,0.0076987213,0.003662278,0.0007267736,0.009296076,0.0012575461,0.97231185,0.0050467914,0.0
SRR1119120,0.007879335,0.007841948,0.9407302,0.006737949,0.009433328,6.168039e-05,0.027315583,0.0
ERR209511,0.00069314236,0.003514647,0.0022523103,0.59275204,0.0044271047,0.30050528,0.0010190605,0.0948364
DRR018692,0.0002408889,0.001227079,0.0016720943,0.9928419,0.00077361654,0.002035584,0.001208787,0.0
SRR943571,0.007879335,0.007841948,0.9407302,0.006737949,0.009433328,6.168039e-05,0.027315583,0.0
ERR441882,0.0002325222,0.0012641033,0.0016921143,0.9929742,0.0007330532,0.0019682436,0.0011357804,0.0
ERR2758347,0.0050000935,0.0036334568,0.009096714,0.0050869165,0.00084149075,0.00088847405,0.97545284,0.0
SRR1660116,0.00023302581,0.0012615935,0.0016884705,0.9929708,0.0007353074,0.0019690294,0.0011416897,0.0
SRR1556876,0.00023332256,0.0012594778,0.0016883166,0.99296135,0.00073747657,0.0019754188,0.0011446011,0.0
ERR1579316,0.0018980558,0.98295534,0.003079863,0.0033205585,0.0017705733,0.0011426249,0.0058330595,0.0
SRR6408548,0.00023317405,0.001260996,0.001687396,0.9929706,0.0007359305,0.0019689063,0.001143115,0.0
ERR3605932,0.00056287646,0.0049755573,0.0011356175,0.71479195,0.009191334,0.17427105,0.002005875,0.09306574
SRR7453754,0.0002324922,0.0012638343,0.0016916961,0.99297374,0.0007333499,0.0019683903,0.0011364336,0.0
DRR041896,0.00023269973,0.0012627299,0.0016907689,0.9929709,0.0007343591,0.001969961,0.001138661,0.0
SRR4415084,0.007879335,0.007841948,0.9407302,0.006737949,0.009433328,6.168039e-05,0.027315583,0.0
SRR6195090,0.0018980558,0.98295534,0.003079863,0.0033205585,0.0017705733,0.0011426249,0.0058330595,0.0
SRR2145594,0.00024093741,0.001228986,0.0016360605,0.99293554,0.0007659674,0.0019675316,0.0012249411,0.0
ERR006707,0.0002324627,0.0012641628,0.0016920846,0.9929741,0.0007331424,0.0019682734,0.0011357804,0.0
ERR499116,0.0002324626,0.001264073,0.0016919648,0.99297404,0.00073323137,0.0019682427,0.0011359582,0.0
SRR5827445,0.0018980558,0.98295534,0.003079863,0.0033204993,0.0017705733,0.0011426249,0.0058330595,0.0
SRR6409133,0.0002323735,0.001264163,0.0016921443,0.9929743,0.0007330533,0.0019682439,0.0011356913,0.0
ERR2738928,0.00024117663,0.0012300931,0.0016364559,0.9929069,0.0007718604,0.0019868447,0.0012266133,0.0
SRR2061234,0.0018980558,0.98295534,0.003079863,0.0033205585,0.0017705733,0.0011426249,0.0058330595,0.0
ERR924242,0.0012841821,0.31211942,0.11321995,0.00013518333,0.005434096,0.00019544363,0.24829358,0.31931818
SRR1783732,0.007879335,0.007841948,0.9407302,0.006737949,0.009433328,6.168039e-05,0.027315583,0.0
ERR1512272,0.007720943,0.0036584018,0.0007253074,0.00931249,0.0012636428,0.9722538,0.0050654076,0.0
SRR952774,0.007879335,0.007841948,0.9407302,0.006737949,0.009433328,6.168039e-05,0.027315583,0.0
SRR6932066,0.0002323735,0.001264163,0.0016921443,0.9929743,0.0007330533,0.0019682439,0.0011356913,0.0
SRR6444299,0.00023341135,0.0012589697,0.0016873317,0.99296105,0.00073792133,0.0019754148,0.0011458781,0.0
SRR994502,0.0002325222,0.0012641033,0.0016920846,0.9929742,0.00073308294,0.0019682436,0.0011357209,0.0
ERR1897503,0.0018980558,0.98295534,0.003079863,0.0033205585,0.0017705733,0.0011426249,0.0058330595,0.0
ERR444574,0.00023868597,0.0012330224,0.001720538,0.99257505,0.00079890195,0.0022743882,0.0011593999,0.0
ERR1311241,0.000234478,0.0012553184,0.0016789136,0.99296355,0.00074109086,0.0019699067,0.0011567145,0.0
SRR5467643,0.00023249237,0.0012638054,0.0016920542,0.99297285,0.0007334099,0.001969195,0.0011361666,0.0
SRR5451651,0.007696748,0.0036548614,0.00072715885,0.009295021,0.0012554452,0.97234356,0.0050272867,0.0
SRR5230541,0.0018980558,0.98295534,0.003079863,0.0033205585,0.0017705733,0.0011426249,0.0058330595,0.0
DRR029159,0.00024357218,0.0012221143,0.0017018821,0.9927625,0.0007843744,0.0020809672,0.0012046249,0.0
SRR1299256,0.0002345984,0.0012531844,0.0016851999,0.9929392,0.00074389135,0.001988063,0.0011558887,0.0
SRR5001984,0.0018983189,0.98295444,0.0030799182,0.0033207312,0.0017706597,0.0011426236,0.005833259,0.0
ERR2309172,0.00023317433,0.0012604323,0.0016894505,0.9929637,0.00073658576,0.001973876,0.0011428784,0.0
ERR2836011,0.008113335,0.00393279,0.0007067855,0.008954158,0.0014384578,0.9712974,0.005557137,0.0
ERR209452,0.00023246265,0.001264103,0.0016921139,0.992974,0.00073314225,0.0019683326,0.0011357801,0.0
ERR2739399,0.00023252211,0.0012640434,0.0016921137,0.9929739,0.00073311245,0.001968362,0.0011359287,0.0
SRR5617460,0.0018980558,0.98295534,0.003079863,0.0033205585,0.0017705733,0.0011426249,0.0058330595,0.0
SRR2135740,0.0019392911,0.9828519,0.0031280676,0.003204841,0.001822038,0.0011592642,0.005894558,0.0
ERR1905825,0.0050000935,0.0036334568,0.009096714,0.0050869165,0.00084149075,0.00088847405,0.97545284,0.0
ERR1583229,0.0018980558,0.98295534,0.003079863,0.0033205585,0.0017705733,0.0011426249,0.0058330595,0.0
ERR1384136,0.00023608637,0.001249827,0.0016818142,0.9928983,0.0007549291,0.0020145124,0.001164548,0.0
SRR1747578,0.0018980558,0.98295534,0.003079863,0.0033205585,0.0017705733,0.0011426249,0.0058330595,0.0
SRR1158611,0.0018980558,0.98295534,0.003079863,0.0033205585,0.0017705733,0.0011426249,0.0058330595,0.0
SRR1647965,0.0018980558,0.98295534,0.003079863,0.0033205585,0.0017705733,0.0011426249,0.0058330595,0.0
SRR6444330,0.00023284802,0.0012624003,0.0016895758,0.9929717,0.0007347146,0.0019690054,0.0011397596,0.0
ERR1690894,0.0050000935,0.0036334568,0.009096714,0.0050869165,0.00084149075,0.00088847405,0.97545284,0.0
SRR5177500,0.0018980558,0.98295534,0.003079863,0.0033205585,0.0017705733,0.0011426249,0.0058330595,0.0
SRR6444029,0.0002511708,0.0012076962,0.0017192886,0.9925716,0.0008308507,0.0021986072,0.0012207543,0.0
SRR8608280,0.0050000935,0.0036334568,0.009096714,0.0050869165,0.00084149075,0.00088847405,0.97545284,0.0
ERR1897595,0.0018980558,0.98295534,0.003079863,0.0033205585,0.0017705733,0.0011426249,0.0058330595,0.0
SRR943621,0.007879335,0.007841948,0.9407302,0.006737949,0.009433328,6.168039e-05,0.027315583,0.0
SRR6058720,0.0018980558,0.98295534,0.003079863,0.0033205585,0.0017705733,0.0011426249,0.0058330595,0.0
SRR3094809,0.00024007956,0.0012303779,0.0016488814,0.9929087,0.0007660715,0.0019907688,0.0012151202,0.0
ERR833393,0.0018980558,0.98295534,0.003079863,0.0033205585,0.0017705733,0.0011426249,0.0058330595,0.0
ERR924154,0.016454361,0.0013144973,0.007642266,0.045534145,0.012397573,0.0010005126,0.9156567,0.0
ERR309119,0.0066497615,0.003945666,0.0007775743,0.014509604,0.0015172146,0.9652265,0.00737373,0.0
SRR2074950,0.0018980558,0.98295534,0.003079863,0.0033205585,0.0017705733,0.0011426249,0.0058330595,0.0
ERR1298415,0.0050000935,0.0036334568,0.009096714,0.0050869165,0.00084149075,0.00088847405,0.97545284,0.0
SRR5177251,0.0018980558,0.98295534,0.003079863,0.0033205585,0.0017705733,0.0011426249,0.0058330595,0.0
SRR996930,0.0002323735,0.001264163,0.0016921443,0.9929743,0.0007330533,0.0019682439,0.0011356913,0.0
SRR6038381,0.00029597845,0.0011236242,0.0016564507,0.9918718,0.0010417812,0.0024260066,0.0015842993,0.0
ERR1263395,0.0073765437,0.0036998552,0.00072118005,0.010168832,0.0012826544,0.97134775,0.005403227,0.0
ERR209758,0.00025368252,0.0011940625,0.0016759404,0.9926308,0.0008273084,0.0021223682,0.0012959222,0.0
ERR3005985,0.00023409307,0.0012562498,0.0016833284,0.9929576,0.000740442,0.0019757515,0.0011525588,0.0
SRR1770879,0.007879335,0.007841948,0.9407302,0.006737949,0.009433328,6.168039e-05,0.027315583,0.0
SRR1617982,0.00019571187,0.0019717815,0.0035439136,0.89172345,0.0012582542,0.0860127,0.0011524261,0.014141799
SRR7902205,0.0050000935,0.0036334568,0.009096714,0.0050869165,0.00084149075,0.00088847405,0.97545284,0.0
ERR1896666,0.0018980558,0.98295534,0.003079863,0.0033205585,0.0017705733,0.0011426249,0.0058330595,0.0
SRR3633013,0.0018980558,0.98295534,0.003079863,0.0033205585,0.0017705733,0.0011426249,0.0058330595,0.0
SRR5001914,0.0018980555,0.9829553,0.0030798626,0.003320558,0.0017705731,0.0011427132,0.0058330293,0.0
SRR6413824,0.00023255161,0.0012636554,0.0016916954,0.992973,0.00073355786,0.0019688357,0.001136671,0.0
ERR986201,0.0077337073,0.0036514278,0.0007333551,0.009263771,0.0012626197,0.972314,0.005041165,0.0
SRR952111,0.007879335,0.007841948,0.9407302,0.006737949,0.009433328,6.168039e-05,0.027315583,0.0
SRR1778467,0.007879335,0.007841948,0.9407302,0.006737949,0.009433328,6.168039e-05,0.027315583,0.0
ERR2001867,0.00023237347,0.0012641033,0.0016921441,0.9929742,0.00073308294,0.0019682436,0.0011357804,0.0
SRR8605373,0.0050000935,0.0036334568,0.009096714,0.0050869165,0.00084149075,0.00088847405,0.97545284,0.0
ERR321949,0.0017282313,0.001207982,0.0025983597,0.20065121,0.0050308523,0.7868538,0.001929619,0.0
ERR2211112,0.0049995356,0.003633016,0.009098947,0.005084936,0.0008416102,0.0008890975,0.97545284,0.0
SRR6975915,0.0018980558,0.98295534,0.003079863,0.0033205585,0.0017705733,0.0011426249,0.0058330595,0.0
SRR6901947,0.0018980558,0.98295534,0.0030798335,0.00332047,0.0017706323,0.0011426249,0.005833089,0.0
ERR1384669,0.00024049773,0.0012281564,0.0016550205,0.9928769,0.0007709847,0.0020128225,0.0012156051,0.0
SRR1822431,0.0002386743,0.0012368886,0.001694546,0.99281526,0.0007688204,0.002073022,0.0011728177,0.0
ERR1689764,0.0050000935,0.0036334568,0.009096714,0.0050869165,0.00084149075,0.00088847405,0.97545284,0.0
ERR1398219,0.00020621644,0.0010833127,0.0024057792,0.9873509,0.001017051,0.0068703042,0.0010663682,0.0
ERR756849,0.00772465,0.0036189456,0.0007276199,0.0094216,0.0012629085,0.97221774,0.0050265347,0.0
ERR923453,0.0050000935,0.0036334568,0.009096714,0.0050869165,0.00084149075,0.00088847405,0.97545284,0.0
ERR1398102,0.00023599208,0.0012470043,0.0016781196,0.9929231,0.000750481,0.0019956115,0.0011696985,0.0
SRR6444891,0.00025483352,0.0011959745,0.0016736387,0.9925427,0.0008542633,0.0021964519,0.0012821385,0.0
ERR1384462,0.00023661295,0.0012447834,0.0016699133,0.9929306,0.00075210497,0.001987638,0.0011783057,0.0
ERR1691078,0.0050000935,0.0036334568,0.009096714,0.0050869165,0.00084149075,0.00088847405,0.97545284,0.0
SRR5827464,0.0018980558,0.98295534,0.003079863,0.0033205585,0.0017705733,0.0011426249,0.0058330595,0.0
ERR1428465,0.0050000935,0.0036334568,0.009096714,0.0050869165,0.00084149075,0.00088847405,0.97545284,0.0
SRR2056522,0.007879335,0.007841948,0.9407302,0.006737949,0.009433328,6.168039e-05,0.027315583,0.0
ERR1201941,0.7971421,0.038736016,0.04230489,0.0056546926,0.0008031637,0.043637995,0.0717211,0.0
SRR955677,0.007879335,0.007841948,0.9407302,0.006737949,0.009433328,6.168039e-05,0.027315583,0.0
SRR5178806,0.0018980558,0.98295534,0.003079863,0.0033205585,0.0017705733,0.0011426249,0.0058330595,0.0
DRR043709,0.0002367035,0.0012458314,0.0016772992,0.9929209,0.0007518117,0.001991605,0.0011758732,0.0
SRR3183722,0.0018980558,0.98295534,0.003079863,0.0033204993,0.0017705733,0.0011426249,0.0058330595,0.0
ERR1382393,0.00023498466,0.0012517544,0.0016828768,0.9929296,0.00074686453,0.001994425,0.001159456,0.0
SRR5640792,0.0018980558,0.98295534,0.003079863,0.0033205585,0.0017705733,0.0011426249,0.0058330595,0.0
SRR8610248,0.0050000935,0.0036334568,0.009096714,0.0050869165,0.00084149075,0.00088847405,0.97545284,0.0
SRR8605113,0.0050000935,0.0036334568,0.009096714,0.0050869165,0.00084149075,0.00088847405,0.97545284,0.0
SRR387999,0.00023255167,0.0012636556,0.0016916959,0.99297327,0.00073349854,0.001968747,0.0011365524,0.0
ERR923640,0.0050000935,0.0036334568,0.009096714,0.0050869165,0.00084149075,0.00088847405,0.97545284,0.0
ERR1582835,0.0018980558,0.98295534,0.003079863,0.0033205585,0.0017705733,0.0011426249,0.0058330595,0.0
ERR1745185,0.0050001247,0.0036333983,0.009096746,0.005086918,0.00084140204,0.0008884743,0.975453,0.0
SRR3884220,0.0018979966,0.9829552,0.0030798626,0.003320558,0.0017706321,0.0011426838,0.005833059,0.0
ERR1428394,0.007987984,0.006143282,0.008693898,0.0045346874,0.0028740678,0.0021506257,0.9676154,0.0
SRR2983141,0.0018980558,0.98295534,0.003079863,0.0033205585,0.0017705733,0.0011426249,0.0058330595,0.0
SRR6413932,0.0002330855,0.0012609997,0.0016903458,0.9929642,0.00073611113,0.001973731,0.0011415419,0.0
SRR3063333,0.007879335,0.007841948,0.9407302,0.006737949,0.009433328,6.168039e-05,0.027315583,0.0
SRR1704387,0.0009072721,0.01196298,0.012685299,0.8294667,0.0004670024,0.0038159788,0.0023979247,0.13829684
ERR1690930,0.0050000935,0.0036334568,0.009096714,0.0050869165,0.00084149075,0.00088847405,0.97545284,0.0
ERR1263787,0.007696748,0.0036548614,0.00072715885,0.009295021,0.0012554452,0.97234356,0.0050272867,0.0
SRR2016359,0.0077176895,0.003628908,0.00072647864,0.009391446,0.0012617386,0.9722399,0.0050338334,0.0
SRR6764984,0.0050000935,0.0036334568,0.009096714,0.0050869165,0.00084149075,0.00088847405,0.97545284,0.0
SRR8609649,0.0050000935,0.0036334568,0.009096714,0.0050869165,0.00084149075,0.00088847405,0.97545284,0.0
SRR5181189,0.0018980558,0.98295534,0.003079863,0.0033205585,0.0017705733,0.0011426249,0.0058330595,0.0
ERR1256751,0.007701001,0.0036535477,0.0007273882,0.009307171,0.0012570475,0.97231466,0.0050390563,0.0
ERR3344376,0.0018980558,0.98295534,0.003079863,0.0033205585,0.0017705733,0.0011426249,0.0058330595,0.0
ERR719534,0.00023278869,0.0012624309,0.0016899637,0.992971,0.00073465565,0.0019697505,0.0011394628,0.0
SRR5181100,0.0018980558,0.98295534,0.003079863,0.0033205585,0.0017705733,0.0011426249,0.0058330595,0.0
SRR6038254,0.00023296644,0.0012618024,0.001688501,0.99297184,0.0007351888,0.001968406,0.0011412441,0.0
ERR1912955,0.00023412233,0.0012568423,0.0016810942,0.99296606,0.0007396374,0.0019692334,0.0011530027,0.0
SRR1426690,0.0077941366,0.0036370687,0.0007378401,0.009395138,0.0012677974,0.9721635,0.005004502,0.0
ERR1385572,0.0002392809,0.0012335533,0.0016557227,0.99290216,0.0007645984,0.0019990143,0.0012056843,0.0
SRR7453801,0.000232522,0.0012638643,0.001691756,0.9929739,0.0007333203,0.0019682718,0.0011362553,0.0
SRR3951137,0.00023246273,0.0012640738,0.0016920848,0.9929743,0.00073308306,0.0019682439,0.0011357805,0.0
SRR5179008,0.0018980558,0.98295534,0.003079863,0.0033205585,0.0017705733,0.0011426249,0.0058330595,0.0
DRR043031,0.00023308529,0.0012612067,0.0016892437,0.99296695,0.0007359022,0.001971766,0.0011418681,0.0
SRR7091528,0.0018980558,0.98295534,0.003079863,0.0033205585,0.0017705733,0.0011426249,0.0058330595,0.0
SRR6413971,0.00023243295,0.0012641033,0.0016920548,0.9929743,0.0007331424,0.0019682436,0.0011357804,0.0
ERR1594157,0.0025429153,0.037591342,0.078646705,0.035610422,0.8053833,0.0066043963,0.03362083,0.0
SRR1770669,0.007879335,0.007841948,0.9407302,0.006737949,0.009433328,6.168039e-05,0.027315583,0.0
SRR656674,0.007879335,0.007841948,0.9407302,0.006737949,0.009433328,6.168039e-05,0.027315583,0.0
SRR6408718,0.0002330553,0.0012609971,0.0016882602,0.9929687,0.0007359312,0.0019704252,0.0011426699,0.0
SRR1948847,0.0002324627,0.0012641033,0.0016921143,0.9929742,0.00073308294,0.0019682436,0.0011357209,0.0
ERR487953,0.007696748,0.0036548614,0.00072715885,0.009295021,0.0012554452,0.97234356,0.0050272867,0.0
ERR501068,0.00012216628,0.0015432975,0.004114561,0.9503823,0.0009992704,0.0418311,0.001007304,0.0
ERR1111286,0.0002326997,0.001262938,0.0016903225,0.9929731,0.0007341805,0.0019683247,0.001138423,0.0
SRR2983139,0.0018980558,0.98295534,0.003079863,0.0033205585,0.0017705733,0.0011426249,0.0058330595,0.0
DRR066485,0.0018980558,0.98295534,0.003079863,0.0033205585,0.0017705733,0.0011426249,0.0058330595,0.0
DRR050242,0.0018980558,0.98295534,0.003079863,0.0033205585,0.0017705733,0.0011426249,0.0058330595,0.0
SRR3144703,0.0018980558,0.98295534,0.0030798335,0.0033204993,0.0017705733,0.0011426249,0.0058330595,0.0
ERR1533538,0.007700613,0.0036639557,0.0007259844,0.009282595,0.0012588083,0.9723377,0.0050302837,0.0
SRR7269912,0.001186192,0.0030099452,0.0015942752,0.5091323,0.008398682,0.39059168,0.0009978414,0.08508909
SRR1649628,0.0018980558,0.98295534,0.003079863,0.0033205585,0.0017705733,0.0011426249,0.0058330595,0.0
SRR7704535,0.00023468526,0.0012545101,0.001676795,0.9929647,0.0007418315,0.001968233,0.0011591786,0.0
SRR1922942,0.00023252217,0.0012641627,0.0016920844,0.9929741,0.0007331126,0.0019682434,0.0011357208,0.0
ERR1691735,0.0050000935,0.0036334568,0.009096714,0.0050869165,0.00084149075,0.00088847405,0.97545284,0.0
SRR3647878,0.00023750661,0.0012400314,0.0016773887,0.9928903,0.00075886113,0.0020145676,0.0011812869,0.0
SRR5915050,0.0018980558,0.98295534,0.003079863,0.0033205585,0.0017705733,0.0011426249,0.0058330595,0.0
ERR1313796,0.007696748,0.0036548614,0.00072715885,0.009295021,0.0012554452,0.97234356,0.0050272867,0.0
SRR5566562,0.007696748,0.0036548614,0.00072715885,0.009295021,0.0012554452,0.97234356,0.0050272867,0.0
SRR953012,0.0018980558,0.98295534,0.003079863,0.0033205585,0.0017705733,0.0011426249,0.0058330595,0.0
ERR498631,0.00023258102,0.0012632966,0.0016908601,0.9929735,0.0007338245,0.0019682976,0.0011376214,0.0
SRR1023698,0.0050000935,0.0036334568,0.009096714,0.0050869165,0.00084149075,0.00088847405,0.97545284,0.0
SRR3951233,0.00023255152,0.0012636846,0.0016914272,0.99297357,0.0007334981,0.0019684187,0.0011368492,0.0
ERR499111,0.00028150034,0.001137448,0.0016021852,0.992141,0.0009903352,0.002326451,0.0015210472,0.0
SRR769621,0.0018980558,0.98295534,0.003079863,0.0033205585,0.0017705733,0.0011426249,0.0058330595,0.0
SRR2546196,0.0018980558,0.98295534,0.003079863,0.0033205585,0.0017705733,0.0011426249,0.0058330595,0.0
ERR532137,0.00023504146,0.0012518293,0.0016774441,0.992949,0.00074480363,0.0019791133,0.0011627444,0.0
SRR5002010,0.0018981143,0.9829551,0.0030798623,0.0033205282,0.0017706319,0.0011426837,0.0058330875,0.0
SRR1631387,0.0002323735,0.001264163,0.0016921443,0.9929743,0.0007330533,0.0019682439,0.0011356913,0.0
SRR6444553,0.00023296672,0.0012610008,0.0016899903,0.9929641,0.0007361118,0.0019744465,0.0011413941,0.0
ERR3610819,0.0076348847,0.0037762432,0.0007177668,0.00922546,0.0012837728,0.9723435,0.005018392,0.0
ERR1328377,0.00024100905,0.0012266091,0.0016735599,0.99283487,0.00077475054,0.002041483,0.0012077221,0.0
SRR5823715,0.007700339,0.0036558516,0.00072736276,0.009295768,0.0012559119,0.9723334,0.0050313794,0.0
SRR6671064,0.007696748,0.0036548614,0.00072715885,0.009295021,0.0012554452,0.97234356,0.0050272867,0.0
SRR976690,0.0050000935,0.0036334568,0.009096714,0.0050869165,0.00084149075,0.00088847405,0.97545284,0.0
SRR4431488,0.0018980558,0.98295534,0.003079863,0.0033204993,0.0017705733,0.0011426249,0.0058330595,0.0
SRR2002317,0.0012142956,0.3338362,0.10271329,0.0001257956,0.005829543,0.00019776821,0.24784416,0.30823898
ERR1971296,0.0002541262,0.0011951725,0.0016999748,0.99254674,0.0008437264,0.0021982037,0.0012619758,0.0
SRR6418305,0.0002324627,0.0012641033,0.0016921143,0.99297416,0.0007330532,0.0019682436,0.0011357804,0.0
ERR1522179,0.007696748,0.0036548614,0.00072715885,0.009295021,0.0012554452,0.97234356,0.0050272867,0.0
SRR5983388,0.00023631548,0.0012471627,0.0016689019,0.99292713,0.0007524915,0.001990642,0.0011773835,0.0
ERR1855536,0.0077324864,0.003616487,0.0007262202,0.0094474815,0.0012676711,0.97216165,0.0050480166,0.0
ERR1522465,0.007696748,0.0036548614,0.00072715885,0.009295021,0.0012554452,0.97234356,0.0050272867,0.0
SRR6348053,0.0018980558,0.98295534,0.003079863,0.0033205585,0.0017705733,0.0011426249,0.0058330595,0.0
ERR1990491,0.0018980558,0.98295534,0.003079863,0.0033205585,0.0017705733,0.0011426249,0.0058330595,0.0
ERR1583369,0.0018980558,0.98295534,0.003079863,0.0033205585,0.0017705733,0.0011426249,0.0058330595,0.0
SRR2168077,0.0018980558,0.98295534,0.003079863,0.0033205585,0.0017705733,0.0011426249,0.0058330595,0.0
SRR2058017,0.007879335,0.007841948,0.9407302,0.006737949,0.009433328,6.168039e-05,0.027315583,0.0
DRR068317,0.00024489933,0.0012137893,0.001668938,0.99276304,0.00079501566,0.0020790864,0.0012352038,0.0
ERR499768,0.0002324627,0.0012641033,0.0016921143,0.9929742,0.0007331424,0.0019682436,0.0011357209,0.0
ERR1897593,0.0018980558,0.98295534,0.003079863,0.0033205585,0.0017705733,0.0011426249,0.0058330595,0.0
ERR1314631,0.00024698232,0.0012087381,0.001674477,0.9927112,0.00080688624,0.0021087187,0.0012429421,0.0
SRR5082702,0.007940981,0.003899824,0.0006830108,0.009269971,0.0014176308,0.9712873,0.005501205,0.0
ERR1310798,0.00024786853,0.001201575,0.0015949233,0.9928873,0.0007940417,0.0019736402,0.0013005738,0.0
SRR4384490,0.0018980558,0.98295534,0.003079863,0.0033205585,0.0017705733,0.0011426249,0.0058330595,0.0
ERR1523378,0.003754139,0.35452384,0.0005028546,0.0031055808,0.0019240379,0.48765972,0.0076797307,0.14085007
ERR1298026,0.0050000935,0.0036334568,0.009096714,0.0050869165,0.00084149075,0.00088847405,0.97545284,0.0
DRR047545,0.0002327593,0.0012618975,0.0016917512,0.99296546,0.0007351922,0.0019739475,0.001138959,0.0
SRR8608304,0.0050000935,0.0036334568,0.009096714,0.0050869165,0.00084149075,0.00088847405,0.97545284,0.0
ERR1310148,0.00023302581,0.0012616233,0.00168853,0.99297076,0.0007353669,0.001969089,0.0011416302,0.0
SRR5150134,0.0018980558,0.98295534,0.003079863,0.0033205585,0.0017705733,0.0011426249,0.0058330595,0.0
ERR719259,0.0002397273,0.0012326029,0.0016558435,0.9928872,0.0007680494,0.0020085936,0.0012080055,0.0
ERR1311147,0.00023275908,0.0012628185,0.0016903217,0.9929721,0.00073429913,0.0019689188,0.0011388091,0.0
SRR1617947,0.00024014659,0.0012298813,0.0016679986,0.99285674,0.0007708842,0.0020296462,0.0012047185,0.0
SRR7449212,0.00023249228,0.001263924,0.0016916669,0.99297404,0.0007332907,0.001968272,0.0011363447,0.0
SRR5823456,0.0018980558,0.98295534,0.003079863,0.0033205585,0.0017705733,0.0011426249,0.0058330595,0.0
ERR1214107,0.0018980558,0.98295534,0.003079863,0.0033205585,0.0017705733,0.0011426249,0.0058330595,0.0
SRR1294332,0.00023629318,0.0012466667,0.0016928099,0.9928988,0.0007514742,0.00201105,0.0011629051,0.0
ERR451214,0.0002323735,0.001264163,0.0016921443,0.9929743,0.0007330533,0.0019682439,0.0011356913,0.0
SRR2984188,0.0018980558,0.98295534,0.003079863,0.0033205585,0.0017705733,0.0011426249,0.0058330595,0.0
ERR1897745,0.0037544365,0.3545026,0.0005028247,0.0031051333,0.0019243059,0.48775098,0.0076806834,0.140779
SRR4414343,0.007879335,0.007841948,0.9407302,0.006737949,0.009433328,6.168039e-05,0.027315583,0.0
SRR6314074,0.0018980558,0.98295534,0.003079863,0.0033205585,0.0017705733,0.0011426249,0.0058330595,0.0
SRR408533,0.0002323735,0.001264163,0.0016921443,0.9929743,0.0007330533,0.0019682439,0.0011356913,0.0
ERR1896900,0.00016474724,0.00645113,0.0015167594,0.9680526,0.00064718723,0.0039080083,0.0010768175,0.018182755
SRR7584859,0.007695556,0.0036551584,0.0007272183,0.0092961155,0.001255388,0.9723431,0.0050275857,0.0
SRR8611146,0.0050000935,0.0036334568,0.009096714,0.0050869165,0.00084149075,0.00088847405,0.97545284,0.0
SRR2061275,0.0018980558,0.98295534,0.003079863,0.0033205585,0.0017705733,0.0011426249,0.0058330595,0.0
SRR2056513,0.007879335,0.007841948,0.9407302,0.006737949,0.009433328,6.168039e-05,0.027315583,0.0
ERR2739078,0.00023278854,0.0012625194,0.0016895464,0.9929728,0.0007345362,0.0019682918,0.0011394919,0.0
DRR047501,0.00024118596,0.0012306165,0.0016767317,0.99284375,0.00077132514,0.002027372,0.0012089339,0.0
ERR1263654,0.0076967496,0.003654862,0.00072715903,0.009294907,0.0012554454,0.9723436,0.0050272294,0.0
ERR705785,0.00023308529,0.0012612067,0.0016889462,0.992967,0.0007359022,0.0019719147,0.0011419572,0.0
ERR1583140,0.0018980558,0.98295534,0.003079863,0.0033205585,0.0017705733,0.0011426249,0.0058330595,0.0
SRR5180726,0.0018980558,0.98295534,0.003079863,0.0033205585,0.0017705733,0.0011426249,0.0058330595,0.0
ERR1298356,0.0050000935,0.0036334568,0.009096714,0.0050869165,0.00084149075,0.00088847405,0.97545284,0.0
DRR044136,0.00023735617,0.001241807,0.0016750564,0.9929093,0.0007554946,0.0019994432,0.0011815757,0.0
ERR2716326,0.8076554,0.014464519,0.046977393,0.007825232,0.0006908227,0.05179364,0.07059301,0.0
SRR3096023,0.0018980558,0.98295534,0.003079863,0.0033205585,0.0017705733,0.0011426249,0.0058330595,0.0
ERR2595790,0.0077688256,0.004015063,0.00073086075,0.010387506,0.001571431,0.9697795,0.0057466947,0.0
ERR719372,0.00023525293,0.001249824,0.0016870154,0.99291843,0.00074808585,0.0020020145,0.001159429,0.0
ERR1823596,0.00023765325,0.0012401395,0.0016708302,0.99290013,0.00075882475,0.0020070248,0.0011853811,0.0
ERR579718,0.00023444883,0.0012541912,0.0016822492,0.99295026,0.0007425799,0.001979757,0.0011564794,0.0
ERR1522527,0.007696841,0.0036665932,0.00072596123,0.009279305,0.0012588776,0.9723479,0.005024556,0.0
ERR1844436,0.007879335,0.007841948,0.9407302,0.006737949,0.009433328,6.168039e-05,0.027315583,0.0
ERR522367,0.00023249234,0.001263954,0.0016917863,0.99297416,0.00073320157,0.0019682427,0.001136226,0.0
ERR1987764,0.00023714517,0.0012439339,0.0016629609,0.9929454,0.00075206516,0.0019740483,0.0011845361,0.0
SRR1010980,0.0018980558,0.98295534,0.003079863,0.0033205585,0.0017705733,0.0011426249,0.0058330595,0.0
SRR5595826,0.0018980558,0.98295534,0.003079863,0.0033205585,0.0017705733,0.0011426249,0.0058330595,0.0
ERR1263289,0.0076997792,0.0036552197,0.0007276288,0.0092918165,0.001256004,0.9723391,0.005030518,0.0
SRR4436305,0.0018980558,0.98295534,0.003079863,0.0033205585,0.0017705733,0.0011426249,0.0058330595,0.0
ERR561489,0.0002482287,0.0012076538,0.0016605685,0.99269074,0.0008173464,0.002118242,0.001257234,0.0
SRR5150186,0.0018980558,0.98295534,0.003079863,0.0033205585,0.0017705733,0.0011426249,0.0058330595,0.0
SRR2145454,0.000250239,0.0011918097,0.0015883857,0.99284166,0.0008068609,0.001995816,0.0013252705,0.0
SRR3217223,0.0002323735,0.001264163,0.0016921443,0.9929743,0.0007330533,0.0019682439,0.0011356913,0.0
SRR2984241,0.0018980558,0.98295534,0.003079863,0.0033205585,0.0017705733,0.0011426249,0.0058330595,0.0
ERR531466,0.00023305527,0.0012609672,0.0016879329,0.99296963,0.00073590135,0.0019698895,0.0011426995,0.0
ERR833562,0.0018980558,0.98295534,0.003079863,0.0033205585,0.0017705733,0.0011426249,0.0058330595,0.0
SRR6932135,0.0002323735,0.001264163,0.0016921443,0.9929743,0.0007330533,0.0019682439,0.0011356913,0.0
ERR1523711,0.007693989,0.00366051,0.00072690024,0.009290897,0.001256889,0.9723445,0.0050262674,0.0
SRR5181363,0.0018980558,0.98295534,0.003079863,0.0033205585,0.0017705733,0.0011426249,0.0058330595,0.0
ERR1385438,0.0002519614,0.0011927126,0.0016533927,0.99264926,0.0008310087,0.0021293594,0.001292254,0.0
SRR4414399,0.007879335,0.007841948,0.9407302,0.006737949,0.009433328,6.168039e-05,0.027315583,0.0
SRR924043,0.0050000935,0.0036334568,0.009096714,0.0050869165,0.00084149075,0.00088847405,0.97545284,0.0
SRR2133843,0.0018980263,0.9829552,0.003079863,0.0033206174,0.0017706912,0.0011426839,0.0058329417,0.0
SRR5178693,0.0018980558,0.98295534,0.003079863,0.0033205585,0.0017705733,0.0011426249,0.0058330595,0.0
SRR7454180,0.0002324627,0.0012640735,0.0016919953,0.9929743,0.0007331127,0.0019682436,0.0011358695,0.0
SRR1556825,0.00023370955,0.0012577245,0.0016888542,0.99294645,0.0007405413,0.001986189,0.0011465362,0.0
SRR996327,0.00023264078,0.0012628817,0.0016923792,0.9929687,0.00073427154,0.001972018,0.0011372062,0.0
ERR2836016,0.008506975,0.0043621645,0.0007539052,0.010956859,0.0020046374,0.96706164,0.0063536875,0.0
SRR6318709,0.0018980558,0.98295534,0.003079863,0.0033205585,0.0017705733,0.0011426249,0.0058330595,0.0
ERR1315424,0.00024669967,0.0012072967,0.0016371697,0.9927709,0.00080463645,0.002064723,0.0012685924,0.0
ERR1538941,0.0050000935,0.0036334568,0.009096714,0.0050869165,0.00084149075,0.00088847405,0.97545284,0.0
SRR8611192,0.0050000935,0.0036334568,0.009096714,0.0050869165,0.00084149075,0.00088847405,0.97545284,0.0
SRR7406721,0.0018980558,0.98295534,0.003079863,0.0033205585,0.0017705733,0.0011426249,0.0058330595,0.0
ERR720132,0.00023278891,0.0012624024,0.001690709,0.9929692,0.0007346266,0.0019712693,0.0011389285,0.0
ERR500130,0.0002324627,0.0012641628,0.0016920846,0.9929742,0.00073308294,0.0019682436,0.0011357804,0.0
ERR719176,0.00023350077,0.0012586138,0.0016881659,0.9929566,0.00073857635,0.0019787182,0.001145879,0.0
SRR6148043,0.0018980558,0.98295534,0.003079863,0.0033205585,0.0017705733,0.0011426249,0.0058330595,0.0
ERR1315514,0.00023249225,0.001263775,0.0016918452,0.9929733,0.00073340954,0.0019687477,0.0011363743,0.0
SRR6764751,0.0050000935,0.0036334568,0.009096714,0.0050869165,0.00084149075,0.00088847405,0.97545284,0.0
SRR5915242,0.0018980558,0.98295534,0.003079863,0.0033205585,0.0017705733,0.0011426249,0.0058330595,0.0
ERR1384310,0.00023545635,0.0012502447,0.0016747562,0.9929474,0.00074628595,0.0019788626,0.0011669901,0.0
DRR042737,0.00023990923,0.001233513,0.0016762118,0.99286467,0.00076651387,0.0020193302,0.0011998139,0.0
SRR3355029,0.0018980548,0.982955,0.0030799499,0.0033205273,0.0017706314,0.0011427128,0.005833145,0.0
ERR1690858,0.0050000935,0.0036334568,0.009096714,0.0050869165,0.00084149075,0.00088847405,0.97545284,0.0
ERR1384924,0.00023667156,0.001245225,0.0016672302,0.9929397,0.00075120985,0.0019805813,0.0011794019,0.0
ERR2003100,0.0006354154,0.0021823945,0.0035207274,0.5669565,0.0022722485,0.35553703,0.0005308688,0.068364866
ERR2868524,0.00047206882,0.5591706,0.018142315,0.07558296,0.008502872,0.000810355,0.00043374303,0.33688518
ERR1529671,0.00023842252,0.0012369655,0.0016632767,0.9929006,0.0007618456,0.002003362,0.0011954736,0.0
ERR487917,0.0077001452,0.0036538376,0.0007268897,0.00930031,0.0012565486,0.97233135,0.0050309976,0.0
SRR5124591,0.009118566,0.36263123,0.5066327,0.00020347191,0.008265194,0.00014754914,0.113001235,0.0
ERR2595872,0.00039763201,0.002462829,0.002157272,0.94815105,0.0030692676,0.041364867,0.002397108,0.0
ERR1690829,0.0050000935,0.0036334568,0.009096714,0.0050869165,0.00084149075,0.00088847405,0.97545284,0.0
ERR1382849,0.00023833271,0.0012377655,0.0016614285,0.99290943,0.0007604755,0.001997111,0.0011954112,0.0
SRR6038474,0.00023418166,0.001256871,0.0016805278,0.99296725,0.0007397261,0.0019681016,0.001153448,0.0
SRR6511259,0.0018980558,0.98295534,0.003079863,0.0033205585,0.0017705733,0.0011426249,0.0058330595,0.0
SRR1631175,0.0018980558,0.98295534,0.003079863,0.0033205585,0.0017705733,0.0011426249,0.0058330595,0.0
SRR7535705,0.007696748,0.0036548614,0.00072715885,0.009295021,0.0012554452,0.97234356,0.0050272867,0.0
ERR500204,0.00023252206,0.0012640134,0.0016918754,0.9929739,0.00073323125,0.0019682425,0.0011361366,0.0
SRR2658050,0.00023861245,0.0012387502,0.001701192,0.9928478,0.0007619418,0.0020391818,0.0011724789,0.0
SRR6264929,0.00023258114,0.0012633865,0.0016910097,0.9929735,0.0007337356,0.001968358,0.0011374137,0.0
SRR2145316,0.0008875757,0.0012203264,0.0046738936,0.2383686,0.0041743163,0.74986,0.00081537187,0.0
ERR139249,0.00023246265,0.0012639543,0.0016919652,0.99297416,0.0007331125,0.0019683326,0.0011360478,0.0
SRR5823537,0.0018980558,0.98295534,0.003079863,0.0033205585,0.0017705733,0.0011426249,0.0058330595,0.0
SRR944467,0.007879335,0.007841948,0.9407302,0.006737949,0.009433328,6.168039e-05,0.027315583,0.0
SRR970255,0.007879418,0.007866602,0.9407219,0.0067282766,0.009455895,6.171748e-05,0.02728621,0.0
SRR6287215,0.0018980558,0.98295534,0.003079863,0.0033205585,0.0017705733,0.0011426249,0.0058330595,0.0
ERR1383629,0.0002390164,0.0012347891,0.001662437,0.9928908,0.00076448964,0.0020089156,0.0011995733,0.0
SRR7448618,0.0002324627,0.0012640439,0.0016919656,0.99297434,0.0007331127,0.0019682436,0.0011358695,0.0
ERR1512320,0.0018980558,0.98295534,0.003079863,0.0033205585,0.0017705733,0.0011426249,0.0058330595,0.0
ERR107152,0.00025517432,0.0011945217,0.0017298851,0.99251765,0.0008420545,0.0022139102,0.0012468117,0.0
ERR2286305,0.00023272936,0.0012626103,0.001690322,0.99297166,0.0007344182,0.0019693354,0.0011388985,0.0
ERR2042906,0.007879335,0.007841948,0.9407302,0.006737949,0.009433328,6.168039e-05,0.027315583,0.0
ERR1897295,0.0018980558,0.98295534,0.003079863,0.0033205585,0.0017705733,0.0011426249,0.0058330595,0.0
ERR441275,0.00023545578,0.001251253,0.0016718372,0.99296033,0.00074488623,0.0019689233,0.0011672551,0.0
SRR1917953,0.0018980558,0.98295534,0.003079863,0.0033205585,0.0017705733,0.0011426249,0.0058330595,0.0
ERR309139,0.007550919,0.0037002575,0.0007270936,0.009577197,0.0012641541,0.9719873,0.005193049,0.0
SRR1824366,0.0018980558,0.98295534,0.003079863,0.0033205585,0.0017705733,0.0011426249,0.0058330595,0.0
SRR5180240,0.0018980558,0.98295534,0.003079863,0.0033205585,0.0017705733,0.0011426249,0.0058330595,0.0
SRR4786254,0.0018980558,0.98295534,0.003079863,0.0033205585,0.0017705733,0.0011426249,0.0058330595,0.0
SRR1713807,0.00023547375,0.0012541148,0.0017081365,0.99290127,0.0007456867,0.0020226766,0.0011326596,0.0
SRR6746211,0.001898347,0.9829539,0.0030800046,0.0033208765,0.0017706584,0.0011427407,0.00583352,0.0
SRR3633342,0.0018980558,0.98295534,0.003079863,0.0033205585,0.0017705733,0.0011426249,0.0058330595,0.0
SRR2154949,0.00023252217,0.0012640734,0.0016921439,0.9929741,0.0007330829,0.0019682434,0.0011357802,0.0
SRR388095,0.00023270118,0.0012623213,0.0016942299,0.9929612,0.000735018,0.001978302,0.0011362885,0.0
DRR048201,0.00023290742,0.0012620727,0.0016899917,0.99296945,0.0007349821,0.0019705216,0.0011400565,0.0
ERR695310,0.007705519,0.0036523365,0.00072791334,0.009312827,0.0012571611,0.9723089,0.0050353515,0.0
SRR5590568,0.0018980558,0.98295534,0.003079863,0.0033205585,0.0017705733,0.0011426249,0.0058330595,0.0
DRR024157,0.00023613883,0.0012468154,0.0016740307,0.99293447,0.0007497014,0.0019860468,0.0011728418,0.0
ERR441458,0.00023246263,0.0012639839,0.001691965,0.9929741,0.00073317194,0.001968243,0.001136018,0.0
ERR1462812,0.00021346028,0.0011537622,0.0020440377,0.9909173,0.00086359656,0.0036997898,0.0011080484,0.0
SRR1783720,0.007879335,0.007841948,0.9407302,0.006737949,0.009433328,6.168039e-05,0.027315583,0.0
SRR5595853,0.0018980558,0.98295534,0.003079863,0.0033205585,0.0017705733,0.0011426249,0.0058330595,0.0
SRR6078524,0.0018980558,0.98295534,0.003079863,0.0033205585,0.0017705733,0.0011426249,0.0058330595,0.0
SRR1461374,0.00019106343,0.0010660203,0.0024583256,0.98802763,0.00095736777,0.006256948,0.0010425424,0.0
ERR1249579,0.0050000935,0.0036334568,0.009096714,0.0050869165,0.00084149075,0.00088847405,0.97545284,0.0
SRR4431456,0.0018980558,0.98295534,0.003079863,0.0033205585,0.0017705733,0.0011426249,0.0058330595,0.0
SRR6414091,0.0002326107,0.0012629393,0.0016912167,0.99297124,0.0007341218,0.0019697845,0.0011380672,0.0
SRR7449169,0.00023252203,0.0012639834,0.0016918454,0.992974,0.00073326094,0.0019682422,0.001136196,0.0
SRR5915047,0.0018980558,0.98295534,0.003079863,0.0033205585,0.0017705733,0.0011426249,0.0058330595,0.0
SRR5486575,0.001897997,0.98295546,0.0030798633,0.0033204998,0.0017705736,0.001142625,0.0058330013,0.0
SRR1632818,0.00023237347,0.0012641628,0.0016921441,0.9929742,0.0007330532,0.0019682436,0.00113581,0.0
SRR1980787,0.0018980558,0.98295534,0.003079863,0.0033205585,0.0017705733,0.0011426249,0.0058330595,0.0
ERR1689004,0.0050000935,0.0036334568,0.009096714,0.0050869165,0.00084149075,0.00088847405,0.97545284,0.0
ERR1987738,0.00025984645,0.001184505,0.0016627437,0.9925465,0.00085102837,0.002141488,0.0013538898,0.0
ERR499942,0.00023311455,0.0012610852,0.0016874556,0.9929707,0.000735871,0.001968728,0.0011430258,0.0
ERR2784844,0.00023907518,0.0012336851,0.0016635623,0.9928901,0.0007644278,0.0020084337,0.0012006701,0.0
SRR1041103,0.007879335,0.007841948,0.9407302,0.006737949,0.009433328,6.168039e-05,0.027315583,0.0
ERR522601,0.00020513,0.0014410211,0.0025690428,0.9624615,0.0014582564,0.029799923,0.0020651475,0.0
ERR719790,0.00023394453,0.0012577977,0.0016820211,0.9929678,0.0007388959,0.0019684061,0.001151132,0.0
ERR1581957,0.007879335,0.007841948,0.9407302,0.006737949,0.009433328,6.168039e-05,0.027315583,0.0
ERR443880,0.00025002175,0.0011491545,0.0016902637,0.99190915,0.0009230406,0.0027358173,0.0013425587,0.0
SRR994713,0.0002325222,0.0012641033,0.0016920846,0.9929742,0.00073308294,0.0019682436,0.0011357804,0.0
ERR500893,0.00023246267,0.0012640734,0.0016920844,0.9929741,0.00073314237,0.0019682434,0.0011358099,0.0
SRR1704250,0.0002323735,0.001264163,0.0016921443,0.9929743,0.0007330533,0.0019682439,0.0011356913,0.0
SRR5916599,0.0018980558,0.98295534,0.003079863,0.0033205585,0.0017705733,0.0011426249,0.0058330595,0.0
SRR3400394,0.00024935923,0.001202272,0.0016779104,0.9926653,0.0008181802,0.0021309447,0.0012559568,0.0
SRR5467928,0.0002324328,0.0012638645,0.0016917264,0.9929738,0.0007333799,0.0019684506,0.0011364042,0.0
SRR1923860,0.00023275916,0.0012628486,0.0016903521,0.9929724,0.0007342696,0.0019688897,0.0011385715,0.0
ERR1594134,0.007879335,0.007841948,0.9407302,0.006737949,0.009433328,6.168039e-05,0.027315583,0.0
SRR4414624,0.007879335,0.007841948,0.9407302,0.006737949,0.009433328,6.168039e-05,0.027315583,0.0
ERR1109410,0.0002324627,0.0012640439,0.0016920548,0.9929742,0.0007331127,0.001968333,0.0011358398,0.0
ERR444719,0.00023430008,0.0012559162,0.0016796612,0.99296486,0.0007405572,0.0019695247,0.00115523,0.0
SRR8609985,0.0050000935,0.0036334568,0.009096714,0.0050869165,0.00084149075,0.00088847405,0.97545284,0.0
SRR5874768,0.0018980558,0.98295534,0.003079863,0.0033205585,0.0017705733,0.0011426249,0.0058330595,0.0
ERR1583200,0.0018980558,0.98295534,0.003079863,0.0033205585,0.0017705733,0.0011426249,0.0058330595,0.0
ERR1522620,0.0076967496,0.0036550965,0.00072715903,0.009294526,0.0012555333,0.9723436,0.0050273174,0.0
SRR1767216,0.007879335,0.007841948,0.9407302,0.006737949,0.009433328,6.168039e-05,0.027315583,0.0
SRR5869880,0.0002323735,0.001264163,0.0016921443,0.9929743,0.0007330533,0.0019682439,0.0011356913,0.0
ERR500502,0.00023769152,0.0012442294,0.0016805871,0.99286336,0.0007641763,0.0020352057,0.0011747155,0.0
SRR5467764,0.00023311473,0.0012608779,0.001688587,0.99296737,0.00073613925,0.001971198,0.0011427887,0.0
SRR7303116,0.007683826,0.003840756,0.00071467506,0.009071405,0.0012972709,0.97236955,0.005022527,0.0
SRR1948988,0.00023249228,0.0012640429,0.0016919347,0.99297386,0.0007332312,0.001968272,0.0011361365,0.0
SRR7449099,0.00023343154,0.0014285927,0.0019748237,0.99269503,0.00077612116,0.0018648037,0.0010271999,0.0
SRR5869205,0.0002323735,0.001264163,0.0016921443,0.9929743,0.0007330533,0.0019682439,0.0011356913,0.0
SRR1426311,0.00769568,0.0036551184,0.0007270111,0.009298227,0.0012557358,0.97233844,0.005029826,0.0
SRR1617709,0.00019387495,0.0010877862,0.0024381343,0.9870849,0.0009946679,0.0070703276,0.0011301991,0.0
ERR1263522,0.0075967824,0.0036565405,0.00072931644,0.009567665,0.001260868,0.97209805,0.0050908043,0.0
ERR499250,0.00023246276,0.0012641037,0.001692085,0.9929744,0.00073305337,0.001968244,0.0011356914,0.0
SRR6309244,0.00026935647,0.0011511949,0.0016432261,0.99217224,0.00092331675,0.00240839,0.0014322961,0.0
SRR6931670,0.0002325517,0.0012638343,0.0016916663,0.9929738,0.0007333499,0.0019683011,0.0011364633,0.0
ERR521426,0.0003034772,0.0010154004,0.0015672877,0.988954,0.0013898264,0.0045496053,0.0022204332,0.0
ERR1103078,0.0018980558,0.98295534,0.003079863,0.0033205585,0.0017705733,0.0011426249,0.0058330595,0.0
ERR1725421,0.0050000935,0.0036334568,0.009096714,0.0050869165,0.00084149075,0.00088847405,0.97545284,0.0
ERR1548835,0.0025429153,0.037591342,0.078646705,0.035610422,0.8053833,0.0066043963,0.03362083,0.0
SRR920938,0.0002323735,0.001264163,0.0016921443,0.9929743,0.0007330533,0.0019682439,0.0011356913,0.0
ERR498810,0.0002324627,0.0012641033,0.0016921143,0.9929742,0.00073308294,0.0019682436,0.0011357804,0.0
DRR032928,0.0018980558,0.98295534,0.003079863,0.0033205585,0.0017705733,0.0011426249,0.0058330595,0.0
SRR2922874,0.0050000935,0.0036334568,0.009096714,0.0050869165,0.00084149075,0.00088847405,0.97545284,0.0
DRR042832,0.0002337384,0.0012573925,0.0016894427,0.9929508,0.00073961634,0.0019817792,0.0011471862,0.0
ERR2624795,0.0002324922,0.0012635665,0.001692053,0.9929717,0.0007336176,0.0019699668,0.001136612,0.0
ERR1690938,0.0050000935,0.0036334568,0.009096714,0.0050869165,0.00084149075,0.00088847405,0.97545284,0.0
ERR532053,0.00025011983,0.001197036,0.0016553412,0.99268526,0.0008207261,0.0021114456,0.0012800723,0.0
ERR1314900,0.00023628781,0.0012460435,0.0016747464,0.99292684,0.00075101096,0.0019916112,0.0011734081,0.0
ERR1522713,0.003754139,0.35452312,0.000502795,0.0031056404,0.0019240379,0.48765972,0.00767982,0.14085072
SRR6287331,0.0018980558,0.98295534,0.003079863,0.0033205585,0.0017705733,0.0011426249,0.0058330595,0.0
ERR883612,0.00023338149,0.0012602184,0.0016860816,0.99297005,0.0007366122,0.001968513,0.0011451042,0.0
SRR995021,0.0002323735,0.001264163,0.0016921443,0.9929743,0.0007330533,0.0019682439,0.0011356913,0.0
SRR617994,0.007879335,0.007841948,0.9407302,0.006737949,0.009433328,6.168039e-05,0.027315583,0.0
ERR2739249,0.00023379625,0.0012583057,0.0016827976,0.99296886,0.0007383619,0.0019680231,0.0011498254,0.0
ERR308711,0.006839902,0.0038470475,0.00073825684,0.010445992,0.0012249477,0.9715786,0.0053253197,0.0
ERR1676990,0.0050000935,0.0036334568,0.009096714,0.0050869165,0.00084149075,0.00088847405,0.97545284,0.0
ERR1297869,0.0050000935,0.0036334568,0.009096714,0.0050869165,0.00084149075,0.00088847405,0.97545284,0.0
ERR719469,0.00023543402,0.0012495702,0.0016928345,0.9929043,0.0007494328,0.002013013,0.0011554561,0.0
SRR2145302,0.00024307326,0.0012183702,0.0016339412,0.9928736,0.0007803446,0.0020048115,0.0012457913,0.0
SRR8610655,0.0050000935,0.0036334568,0.009096714,0.0050869165,0.00084149075,0.00088847405,0.97545284,0.0
ERR1522771,0.003754139,0.35452384,0.0005028546,0.0031055808,0.0019240379,0.48765972,0.0076797307,0.14085007
ERR1691462,0.0050000935,0.0036334568,0.009096714,0.0050869165,0.00084149075,0.00088847405,0.97545284,0.0
ERR441278,0.00023246263,0.0012639541,0.0016919352,0.9929741,0.0007332017,0.001968243,0.0011360476,0.0
ERR924336,0.0050000935,0.0036334568,0.009096714,0.0050869165,0.00084149075,0.00088847405,0.97545284,0.0
SRR1647975,0.0018980558,0.98295534,0.003079863,0.0033205585,0.0017705733,0.0011426249,0.0058330595,0.0
ERR451207,0.00023252214,0.001264103,0.0016921139,0.99297404,0.0007331125,0.0019682432,0.0011358098,0.0
SRR6413983,0.00023444855,0.0012547548,0.0016810574,0.9929563,0.00074183545,0.001975174,0.0011564781,0.0
SRR5180627,0.0018980558,0.98295534,0.003079863,0.0033205585,0.0017705733,0.0011426249,0.0058330595,0.0
ERR1897591,0.0018980558,0.98295534,0.003079863,0.0033205585,0.0017705733,0.0011426249,0.0058330595,0.0
SRR6414257,0.00023513557,0.0012557221,0.0016873543,0.99291843,0.0007452652,0.0019959605,0.0011620545,0.0
ERR1315533,0.00023252203,0.0012638943,0.0016918454,0.992974,0.00073326094,0.0019682422,0.001136196,0.0
ERR1691445,0.0050000935,0.0036334568,0.009096714,0.0050869165,0.00084149075,0.00088847405,0.97545284,0.0
SRR769640,0.0018980558,0.98295534,0.003079863,0.0033205585,0.0017705733,0.0011426249,0.0058330595,0.0
ERR2777851,0.007689173,0.003753428,0.00072367204,0.009160361,0.0012833059,0.9724078,0.00498225,0.0
SRR3030636,0.00024585752,0.00123253,0.0017423311,0.9922342,0.0008228865,0.00247446,0.0012477009,0.0
ERR1384741,0.00024127401,0.0012256434,0.0016632202,0.9928384,0.00077726995,0.002038813,0.0012154119,0.0
SRR1633133,0.0002323735,0.001264163,0.0016921443,0.9929743,0.0007330533,0.0019682439,0.0011356913,0.0
SRR7092936,0.0018980558,0.98295534,0.003079863,0.0033205585,0.0017705733,0.0011426249,0.0058330595,0.0
ERR1594220,0.007879335,0.007841948,0.9407302,0.006737949,0.009433328,6.168039e-05,0.027315583,0.0
ERR1583215,0.0018980558,0.98295534,0.003079863,0.0033205585,0.0017705733,0.0011426249,0.0058330595,0.0
SRR5431319,0.00024391814,0.0012206316,0.00165279,0.9927873,0.0007944813,0.002065467,0.0012354434,0.0
SRR8605378,0.0050000935,0.0036334568,0.009096714,0.0050869165,0.00084149075,0.00088847405,0.97545284,0.0
SRR1426989,0.0076963725,0.0036557133,0.00072701287,0.009294325,0.0012557096,0.9723436,0.0050272318,0.0
SRR640772,0.007879335,0.007841948,0.9407302,0.006737949,0.009433328,6.168039e-05,0.027315583,0.0
ERR1256801,0.002109773,0.0034642098,0.0014686815,0.053350933,0.0016701375,0.9335522,0.0043840455,0.0
SRR3923483,0.007879335,0.007841948,0.9407302,0.006737949,0.009433328,6.168039e-05,0.027315583,0.0
ERR579480,0.00027877092,0.0023615062,0.0036913455,0.7755558,0.0014097989,0.16553864,0.0008150041,0.050349116
ERR1713378,0.8016331,0.025943749,0.044849847,0.005991587,0.000734276,0.045956824,0.074890524,0.0
ERR2187977,0.0025429153,0.037591342,0.078646705,0.035610422,0.8053833,0.0066043963,0.03362083,0.0
SRR7453455,0.0002323735,0.001264163,0.0016921443,0.9929743,0.0007330533,0.0019682439,0.0011356913,0.0
ERR2738981,0.0002446404,0.0012138339,0.0016143114,0.99290633,0.0007815645,0.0019742236,0.0012651054,0.0
SRR6008372,0.0019045657,0.9829293,0.0030832668,0.0033272263,0.0017723705,0.0011430284,0.005840291,0.0
ERR1897232,0.0018980558,0.98295534,0.003079863,0.0033205585,0.0017705733,0.0011426249,0.0058330595,0.0
SRR1783011,0.007879335,0.007841948,0.9407302,0.006737949,0.009433328,6.168039e-05,0.027315583,0.0
ERR1844323,0.007879335,0.007841948,0.9407302,0.006737949,0.009433328,6.168039e-05,0.027315583,0.0
SRR6457148,0.0018980558,0.98295534,0.003079863,0.0033205585,0.0017705733,0.0011426249,0.0058330595,0.0
SRR6148384,0.00023246265,0.001263984,0.001691995,0.99297404,0.00073314225,0.0019684217,0.0011359288,0.0
ERR1523427,0.0037540197,0.35453597,0.0005028546,0.0031054318,0.0019241571,0.48764303,0.0076788366,0.14085567
SRR8609465,0.0050000935,0.0036334568,0.009096714,0.0050869165,0.00084149075,0.00088847405,0.97545284,0.0
SRR1023683,0.0050000935,0.0036334568,0.009096714,0.0050869165,0.00084149075,0.00088847405,0.97545284,0.0
ERR1690782,0.0050000935,0.0036334568,0.009096714,0.0050869165,0.00084149075,0.00088847405,0.97545284,0.0
ERR1689614,0.0050000935,0.0036334568,0.009096714,0.0050869165,0.00084149075,0.00088847405,0.97545284,0.0
ERR365930,0.00025084673,0.0011912171,0.0016248683,0.9927284,0.00082037435,0.0020747567,0.0013096073,0.0
SRR6444594,0.00023614535,0.0012467309,0.0016874622,0.9928967,0.00075314275,0.002016174,0.0011636829,0.0
SRR5915579,0.0018980558,0.98295534,0.003079863,0.0033205585,0.0017705733,0.0011426249,0.0058330595,0.0
SRR831139,0.0018980558,0.98295534,0.003079863,0.0033205585,0.0017705733,0.0011426249,0.0058330595,0.0
DRR047734,0.0002326404,0.0012631175,0.0016909783,0.99297196,0.0007341216,0.0019692783,0.0011379182,0.0
ERR1690647,0.0050000935,0.0036334568,0.009096714,0.0050869165,0.00084149075,0.00088847405,0.97545284,0.0
ERR498978,0.00023649624,0.001244944,0.0016769788,0.99291813,0.0007522609,0.0019971752,0.0011739447,0.0
ERR1382419,0.00023640737,0.0012452435,0.0016790039,0.9929173,0.00075190514,0.0019973568,0.0011727865,0.0
ERR2002366,0.00023593147,0.0012471471,0.001675286,0.992932,0.00074961485,0.0019887905,0.00117121,0.0
ERR1103103,0.0018980558,0.98295534,0.0030798335,0.00332047,0.0017706323,0.0011426249,0.005833089,0.0
DRR043154,0.00023311476,0.0012608483,0.0016883195,0.99296796,0.0007360798,0.0019709603,0.0011427293,0.0
SRR1426279,0.007697039,0.0036548898,0.00072712934,0.009294785,0.0012555327,0.972343,0.0050276374,0.0
SRR1660127,0.00023374277,0.0012633948,0.0017040794,0.99294597,0.0007360012,0.001982768,0.00113406,0.0
SRR3095185,0.00023619771,0.0012468122,0.0016712899,0.99293816,0.00074984814,0.001983454,0.0011742663,0.0
ERR1523461,0.007696748,0.0036548614,0.00072715885,0.009295021,0.0012554452,0.97234356,0.0050272867,0.0
ERR765716,0.0050000935,0.0036334568,0.009096714,0.0050869165,0.00084149075,0.00088847405,0.97545284,0.0
SRR2168216,0.0018980558,0.98295534,0.003079863,0.0033205585,0.0017705733,0.0011426249,0.0058330595,0.0
SRR5896006,0.0018980558,0.98295534,0.003079863,0.0033205585,0.0017705733,0.0011426249,0.0058330595,0.0
SRR6444788,0.00023441897,0.0012553209,0.0016801662,0.9929598,0.0007413303,0.0019731529,0.0011558542,0.0
SRR1461062,0.00023326323,0.0012610254,0.0016873659,0.992971,0.00073578156,0.0019684,0.001143085,0.0
ERR1513329,0.0076969787,0.0036549475,0.0007270999,0.0092950165,0.0012554738,0.97234285,0.0050276653,0.0
ERR2042947,0.007879335,0.007841948,0.9407302,0.006737949,0.009433328,6.168039e-05,0.027315583,0.0
ERR522321,0.0002591592,0.0011717624,0.0016354833,0.9925682,0.0008587789,0.0021462485,0.0013603255,0.0
ERR1535971,0.0018980558,0.98295534,0.003079863,0.0033205585,0.0017705733,0.0011426249,0.0058330595,0.0
ERR1135714,0.007698293,0.0036547994,0.0007273339,0.00929551,0.0012555026,0.9723417,0.005026843,0.0
ERR1523360,0.003754139,0.35452384,0.0005028546,0.0031055808,0.0019240379,0.48765972,0.0076797307,0.14085007
SRR6038509,0.00023427073,0.0012554722,0.0016813892,0.99295735,0.0007412723,0.001975358,0.0011548749,0.0
DRR044326,0.00023269992,0.0012627309,0.0016914544,0.99296933,0.00073441915,0.0019712418,0.0011381266,0.0
ERR1298127,0.0050000935,0.0036334568,0.009096714,0.0050869165,0.00084149075,0.00088847405,0.97545284,0.0
SRR3503353,0.0002323735,0.001264163,0.0016921443,0.9929743,0.0007330533,0.0019682439,0.0011356913,0.0
SRR3095743,0.007879335,0.007841948,0.9407302,0.006737949,0.009433328,6.168039e-05,0.027315583,0.0
ERR675510,0.0076968926,0.0036548898,0.0007271587,0.009294872,0.0012555034,0.9723431,0.0050274907,0.0
DRR043900,0.00023513041,0.0012517088,0.0016780073,0.99294895,0.0007448325,0.0019781592,0.0011633082,0.0
ERR1582177,0.0018980558,0.98295534,0.003079863,0.0033205585,0.0017705733,0.0011426249,0.0058330595,0.0
ERR1398097,0.00023466238,0.0012533868,0.0016978444,0.9929182,0.00074450055,0.0020040446,0.001147344,0.0
SRR2154893,0.0002323735,0.001264163,0.0016921443,0.9929743,0.0007330533,0.0019682439,0.0011356913,0.0
SRR6444058,0.00023397406,0.0012573205,0.0016817517,0.9929665,0.00073925214,0.0019692667,0.0011519043,0.0
ERR1311261,0.00030227634,0.001159311,0.0018548559,0.9913358,0.001089468,0.0029169875,0.0013412657,0.0
ERR1913249,0.00023604874,0.0012481791,0.0016693844,0.99294984,0.0007481222,0.0019750046,0.0011734025,0.0
SRR5595901,0.0018980558,0.98295534,0.003079863,0.0033205585,0.0017705733,0.0011426249,0.0058330595,0.0
SRR4414428,0.007879335,0.007841948,0.9407302,0.006737949,0.009433328,6.168039e-05,0.027315583,0.0
SRR2057940,0.007879335,0.007841948,0.9407302,0.006737949,0.009433328,6.168039e-05,0.027315583,0.0
SRR3624542,0.0012142956,0.3338362,0.10271329,0.0001257956,0.005829543,0.00019776821,0.24784416,0.30823898
SRR5177259,0.0018980558,0.98295534,0.003079863,0.0033205585,0.0017705733,0.0011426249,0.0058330595,0.0
ERR1690236,0.0050000935,0.0036334568,0.009096714,0.0050869165,0.00084149075,0.00088847405,0.97545284,0.0
SRR802865,0.0018980558,0.98295534,0.003079863,0.0033205585,0.0017705733,0.0011426249,0.0058330595,0.0
SRR3503301,0.00023249231,0.0012640134,0.0016918754,0.992974,0.0007332015,0.0019682425,0.0011361664,0.0
ERR1690687,0.0050000935,0.0036334568,0.009096714,0.0050869165,0.00084149075,0.00088847405,0.97545284,0.0
ERR1678221,0.0050000935,0.0036334568,0.009096714,0.0050869165,0.00084149075,0.00088847405,0.97545284,0.0
SRR5155546,0.0018980558,0.98295534,0.003079863,0.0033205585,0.0017705733,0.0011426249,0.0058330595,0.0
SRR944572,0.007879335,0.007841948,0.9407302,0.006737949,0.009433328,6.168039e-05,0.027315583,0.0
ERR2729902,0.80413043,0.021979704,0.045462288,0.006469068,0.0007218095,0.047571655,0.073665015,0.0
ERR209805,0.0002323735,0.001264163,0.0016921443,0.9929743,0.0007330533,0.0019682439,0.0011356913,0.0
SRR1778439,0.007879335,0.007841948,0.9407302,0.006737949,0.009433328,6.168039e-05,0.027315583,0.0
SRR3037150,0.00015805503,0.0009056565,0.0034616769,0.9753407,0.0012112237,0.017966297,0.0009563038,0.0
ERR2538306,0.0077128015,0.0036468303,0.00072654855,0.009337409,0.0012610847,0.9722721,0.0050432547,0.0
ERR1314808,0.00023519268,0.001250861,0.0016833514,0.9929255,0.0007476373,0.0019969812,0.0011604365,0.0
ERR2511462,0.00026457434,0.0011454978,0.0015347333,0.9926359,0.00087756384,0.0020662902,0.0014754798,0.0
SRR6457421,0.0018980558,0.98295534,0.003079863,0.0033205585,0.0017705733,0.0011426249,0.0058330595,0.0
SRR948175,0.001214534,0.33383936,0.10273585,0.00012585521,0.0058297813,0.0001977086,0.24782452,0.30823243
ERR1315160,0.0002324627,0.0012641033,0.0016921143,0.9929742,0.00073308294,0.0019682436,0.0011357804,0.0
ERR444706,0.00023329275,0.0012604293,0.0016872155,0.99296725,0.0007366435,0.001971135,0.001144125,0.0
ERR1523712,0.007696984,0.00365495,0.0007271297,0.009294526,0.001255504,0.9723434,0.005027493,0.0
ERR1428856,0.010059091,0.007942902,0.008447862,0.004275805,0.0052764043,0.0033386128,0.9606593,0.0
ERR1589268,0.007879335,0.007841948,0.9407302,0.006737949,0.009433328,6.168039e-05,0.027315583,0.0
ERR1367878,0.007696748,0.0036548614,0.0007271295,0.00929505,0.0012555037,0.9723434,0.0050273454,0.0
ERR923850,0.0050000935,0.0036334568,0.009096714,0.0050869165,0.00084149075,0.00088847405,0.97545284,0.0
ERR1384478,0.00023864913,0.0012400652,0.0016976125,0.99281645,0.00076883513,0.0020719313,0.001166534,0.0
ERR1582294,0.0018980558,0.98295534,0.003079863,0.0033205585,0.0017705733,0.0011426249,0.0058330595,0.0
ERR2599161,0.0050000935,0.0036334568,0.009096714,0.0050869165,0.00084149075,0.00088847405,0.97545284,0.0
ERR1558868,0.00024425305,0.0012211761,0.0017006105,0.9927565,0.0007863271,0.0020786496,0.0012125208,0.0
ERR1538947,0.0050000935,0.0036334568,0.009096714,0.0050869165,0.00084149075,0.00088847405,0.97545284,0.0
ERR1383843,0.00023281926,0.001262138,0.0016923792,0.9929638,0.0007351342,0.0019756767,0.0011380392,0.0
SRR2005720,0.0002323735,0.001264163,0.0016921443,0.9929743,0.0007330533,0.0019682439,0.0011356913,0.0
ERR2560581,0.007696835,0.0036548902,0.000727188,0.009294786,0.0012554743,0.9723432,0.00502755,0.0
SRR4341441,0.0018980558,0.98295534,0.003079863,0.0033205585,0.0017705733,0.0011426249,0.0058330595,0.0
SRR769737,0.0018980558,0.98295534,0.003079863,0.0033205585,0.0017705733,0.0011426249,0.0058330595,0.0
ERR982909,0.7914676,0.039932974,0.04317374,0.004887354,0.0007672348,0.041858234,0.07791284,0.0
SRR5940662,0.0018980558,0.98295534,0.003079863,0.0033205585,0.0017705733,0.0011426249,0.0058330595,0.0
ERR1593345,0.007879335,0.007841948,0.9407302,0.006737949,0.009433328,6.168039e-05,0.027315583,0.0
SRR8605285,0.0050000935,0.0036334568,0.009096714,0.0050869165,0.00084149075,0.00088847405,0.97545284,0.0
SRR6263987,0.00023278869,0.001262669,0.0016898151,0.9929729,0.0007343582,0.0019682334,0.0011392547,0.0
SRR7015951,0.0018980558,0.98295534,0.003079863,0.0033205585,0.0017705733,0.0011426249,0.0058330595,0.0
ERR525855,0.00023350003,0.001258818,0.0016859594,0.9929636,0.0007379791,0.001973209,0.0011470057,0.0
SRR6411544,0.00023249212,0.0012637149,0.001691517,0.9929738,0.0007334389,0.0019682706,0.0011367305,0.0
ERR1522150,0.0077110915,0.0036905797,0.0007220426,0.009262518,0.0012702888,0.97229135,0.00505216,0.0
SRR1600301,0.0018980558,0.98295534,0.003079863,0.0033205585,0.0017705733,0.0011426249,0.0058330595,0.0
ERR1359979,0.0077144247,0.0036414526,0.00073068053,0.0092980685,0.0012609636,0.9723162,0.005038172,0.0
SRR7901930,0.0050000935,0.0036334568,0.009096714,0.0050869165,0.00084149075,0.00088847405,0.97545284,0.0
ERR2211055,0.0050000935,0.0036334568,0.009096714,0.0050869165,0.00084149075,0.00088847405,0.97545284,0.0
ERR923672,0.0050000935,0.0036334568,0.009096714,0.0050869165,0.00084149075,0.00088847405,0.97545284,0.0
ERR2231385,0.0076967487,0.0036547738,0.00072721747,0.009294876,0.0012554453,0.9723435,0.0050272876,0.0
SRR5180277,0.0018980558,0.98295534,0.003079863,0.0033205585,0.0017705733,0.0011426249,0.0058330595,0.0
SRR3624413,0.0012142956,0.3338362,0.10271329,0.0001257956,0.005829543,0.00019776821,0.24784416,0.30823898
ERR1547066,0.0018980558,0.98295534,0.003079863,0.0033205585,0.0017705733,0.0011426249,0.0058330595,0.0
SRR5181087,0.0018980558,0.98295534,0.003079863,0.0033205585,0.0017705733,0.0011426249,0.0058330595,0.0
SRR5467892,0.0002334135,0.001259487,0.0016947243,0.9929502,0.00073786866,0.001983405,0.0011410104,0.0
ERR1759934,0.00023252203,0.0012638943,0.0016918454,0.9929739,0.00073326094,0.0019683316,0.001136196,0.0
SRR3095084,0.00023919031,0.0012338436,0.0016538692,0.99291587,0.0007624228,0.0019882955,0.0012064804,0.0
SRR5223441,0.007879335,0.007841948,0.9407302,0.006737949,0.009433328,6.168039e-05,0.027315583,0.0
ERR2122346,0.0018980558,0.98295534,0.003079863,0.0033205585,0.0017705733,0.0011426249,0.0058330595,0.0
ERR1582786,0.0018980558,0.98295534,0.003079863,0.0033205585,0.0017705733,0.0011426249,0.0058330595,0.0
SRR6670782,0.0076968377,0.0036548914,0.0007271883,0.009294789,0.0012554454,0.9723435,0.0050273174,0.0
ERR833357,0.0018980558,0.98295534,0.003079863,0.0033205585,0.0017705733,0.0011426249,0.0058330595,0.0
SRR6028543,0.00024579657,0.0012080462,0.0016129786,0.9928718,0.00078958244,0.0019942385,0.0012775473,0.0
ERR1548768,0.0025429153,0.037591342,0.078646705,0.035610422,0.8053833,0.0066043963,0.03362083,0.0
ERR1189728,0.0023418367,0.45313665,0.043417096,5.740501e-05,0.042027473,0.08512178,0.0111323,0.3627655
SRR3191065,0.00023705732,0.0012428407,0.001667313,0.9929283,0.00075376494,0.001987623,0.0011830856,0.0
SRR5180784,0.0018980558,0.98295534,0.003079863,0.0033205585,0.0017705733,0.0011426249,0.0058330595,0.0
ERR1328361,0.00025294302,0.0011907208,0.0016685318,0.99262923,0.00083124725,0.002136469,0.0012908571,0.0
SRR7448742,0.00023246238,0.0012636851,0.001691517,0.9929736,0.00073355786,0.0019684194,0.0011367603,0.0
ERR441977,0.00023252214,0.0012641328,0.0016920544,0.99297404,0.00073314225,0.0019682432,0.0011358693,0.0
SRR6348022,0.0018980558,0.98295534,0.003079863,0.0033205585,0.0017705733,0.0011426249,0.0058330595,0.0
SRR995471,0.0002323735,0.001264163,0.0016921443,0.9929743,0.0007330533,0.0019682439,0.0011356913,0.0
ERR209299,0.00021237442,0.0011025098,0.0023853772,0.9864952,0.0010719795,0.007597677,0.001134794,0.0
ERR1311059,0.0011828189,0.0002874292,0.0044333567,0.8036641,0.029397968,0.001190501,0.15984383,0.0
SRR5915123,0.0018980558,0.98295534,0.003079863,0.0033205585,0.0017705733,0.0011426249,0.0058330595,0.0
SRR3094961,0.00023379826,0.0012568589,0.0016887909,0.99294573,0.00074074784,0.0019863036,0.0011477829,0.0
SRR5983475,0.00023394512,0.0012567003,0.0016847618,0.992955,0.00074029574,0.001978316,0.001150897,0.0
ERR441931,0.00023252214,0.001264103,0.0016921139,0.99297404,0.0007331125,0.0019682432,0.0011358098,0.0
SRR6264082,0.0002335609,0.0012580224,0.0016896281,0.99294984,0.00073944096,0.0019839886,0.0011455549,0.0
ERR1354356,0.007696748,0.0036548614,0.00072715885,0.009295021,0.0012554452,0.97234356,0.0050272867,0.0
SRR980633,0.007879335,0.007841948,0.9407302,0.006737949,0.009433328,6.168039e-05,0.027315583,0.0
ERR522518,0.00019953372,0.0014563741,0.0029682678,0.93616474,0.0015324546,0.05586023,0.0018183492,0.0
SRR2053300,0.0018980558,0.98295534,0.003079863,0.0033205585,0.0017705733,0.0011426249,0.0058330595,0.0
SRR3503186,0.00023382658,0.0012566729,0.001686163,0.99295336,0.0007402079,0.0019797774,0.0011499771,0.0
SRR3923470,0.007879335,0.007841948,0.9407302,0.006737949,0.009433328,6.168039e-05,0.027315583,0.0
ERR309546,0.0044918936,0.0037474572,0.0009175423,0.022995615,0.0015514423,0.9604023,0.0058938037,0.0
ERR2560692,0.0076974933,0.0036550292,0.00072704017,0.009295236,0.0012558525,0.9723401,0.0050292094,0.0
SRR3194363,0.0018980558,0.98295534,0.003079863,0.0033205585,0.0017705733,0.0011426249,0.0058330595,0.0
ERR1924351,0.80908936,0.014138645,0.046233803,0.008387435,0.0006962109,0.05290928,0.06854526,0.0
ERR1383532,0.00024078337,0.001230568,0.0016905996,0.9927962,0.0007782404,0.0020745145,0.0011891337,0.0
SRR8610726,0.0050000935,0.0036334568,0.009096714,0.0050869165,0.00084149075,0.00088847405,0.97545284,0.0
ERR309613,0.007730946,0.0036323525,0.0007218962,0.009482901,0.0012764306,0.9720289,0.005126456,0.0
SRR8610145,0.0050000935,0.0036334568,0.009096714,0.0050869165,0.00084149075,0.00088847405,0.97545284,0.0
SRR6670566,0.007696748,0.0036548614,0.00072715885,0.009295021,0.0012554452,0.97234356,0.0050272867,0.0
SRR5150228,0.0018980558,0.98295534,0.003079863,0.0033205585,0.0017705733,0.0011426249,0.0058330595,0.0
SRR6975912,0.0018980558,0.98295534,0.003079863,0.0033205585,0.0017705733,0.0011426249,0.0058330595,0.0
ERR1314939,0.0002338856,0.0012575032,0.001683899,0.9929593,0.0007397305,0.001975163,0.0011505102,0.0
ERR1960635,0.0033580065,0.0014781654,0.015113294,0.36223236,0.24017155,0.030783772,0.28773862,0.05912423
ERR500359,0.00023459639,0.0012549285,0.0016773329,0.99296564,0.0007414162,0.001967879,0.0011582881,0.0
ERR1905591,0.0050000935,0.0036334568,0.009096714,0.0050869165,0.00084149075,0.00088847405,0.97545284,0.0
ERR2233279,0.0018980558,0.98295534,0.003079863,0.0033205585,0.0017705733,0.0011426249,0.0058330595,0.0
ERR1309791,0.00024263174,0.0012214566,0.0016398907,0.99285823,0.0007815787,0.0020179953,0.0012382605,0.0
SRR5947884,0.00023317403,0.0012607876,0.0016879312,0.9929677,0.00073622784,0.0019708395,0.0011432637,0.0
ERR1691580,0.0050000935,0.0036334568,0.009096714,0.0050869165,0.00084149075,0.00088847405,0.97545284,0.0
ERR1255916,0.007696833,0.0036546844,0.00072715856,0.009295779,0.0012555618,0.9723426,0.0050274315,0.0
ERR2538378,0.00023246265,0.0012641625,0.0016921139,0.99297404,0.0007331125,0.0019682432,0.0011358098,0.0
SRR6264859,0.00023421121,0.0012563346,0.0016804966,0.99296415,0.0007402906,0.0019703011,0.0011542204,0.0
ERR531459,0.00023471449,0.0012134897,0.0017452039,0.9925052,0.0007909382,0.002339233,0.0011712227,0.0
SRR6412153,0.00023243285,0.001263954,0.0016918755,0.99297404,0.0007332611,0.001968332,0.0011360772,0.0
ERR1689146,0.0050000935,0.0036334568,0.009096714,0.0050869165,0.00084149075,0.00088847405,0.97545284,0.0
ERR2511823,0.00024749647,0.0012094342,0.001697021,0.9926793,0.00080792536,0.0021305934,0.0012281429,0.0
SRR882204,0.0018980558,0.98295534,0.003079863,0.0033205585,0.0017705733,0.0011426249,0.0058330595,0.0
ERR2042883,0.007879335,0.007841948,0.9407302,0.006737949,0.009433328,6.168039e-05,0.027315583,0.0
ERR2511349,0.00023358878,0.0012589939,0.0016845877,0.9929673,0.00073776935,0.0019698737,0.0011478659,0.0
SRR6412132,0.00023243285,0.0012640135,0.0016919648,0.99297404,0.0007331718,0.0019682725,0.0011360177,0.0
ERR1298184,0.0050000935,0.0036334568,0.009096714,0.0050869165,0.00084149075,0.00088847405,0.97545284,0.0
SRR2897085,0.007696923,0.0036550073,0.0007272173,0.009294668,0.001255445,0.9723433,0.0050274036,0.0
ERR1303844,0.0076966635,0.0036561224,0.0007271885,0.009295377,0.0012555922,0.97233856,0.0050304523,0.0
ERR1384696,0.00024014461,0.0012296629,0.0016628691,0.99286586,0.0007706102,0.0020226995,0.0012081588,0.0
SRR6367252,0.00023802549,0.0012420636,0.0017117489,0.99284244,0.0007594982,0.0020506126,0.0011555926,0.0
ERR1263457,0.007697828,0.0036549475,0.00072721706,0.009294314,0.0012556788,0.9723417,0.005028251,0.0
ERR1315529,0.00023640392,0.0012464745,0.001666249,0.9929495,0.00074954436,0.0019737408,0.0011780339,0.0
ERR1474577,0.0002498722,0.0013782245,0.0016989106,0.992109,0.000812397,0.0023760768,0.0013754871,0.0
ERR2808666,0.8076588,0.014452799,0.046980362,0.007828047,0.0006907182,0.05180211,0.070587106,0.0
ERR923437,0.0050000935,0.0036334568,0.009096714,0.0050869165,0.00084149075,0.00088847405,0.97545284,0.0
SRR995733,0.0002323735,0.001264163,0.0016921443,0.9929743,0.0007330533,0.0019682439,0.0011356913,0.0
SRR505243,0.0002324627,0.0012641033,0.0016921143,0.99297416,0.0007330532,0.0019682436,0.0011357804,0.0
SRR7902275,0.0050000935,0.0036334568,0.009096714,0.0050869165,0.00084149075,0.00088847405,0.97545284,0.0
SRR5915197,0.0018980558,0.98295534,0.003079863,0.0033205585,0.0017705733,0.0011426249,0.0058330595,0.0
SRR5165633,0.00023237338,0.0012640732,0.001691965,0.9929741,0.0007332017,0.001968243,0.0011359882,0.0
ERR1226544,0.0050000935,0.0036334568,0.009096714,0.0050869165,0.00084149075,0.00088847405,0.97545284,0.0
SRR388040,0.0002323735,0.001264163,0.0016921443,0.9929743,0.0007330533,0.0019682439,0.0011356913,0.0
ERR1529633,0.00023934184,0.0012393012,0.0016496949,0.9928736,0.00077209825,0.0020187162,0.0012071787,0.0
SRR1583644,0.00024077727,0.0012344036,0.0016965949,0.99282515,0.0007690595,0.0020418328,0.0011921375,0.0
ERR1511857,0.0077075544,0.0036591305,0.0007245803,0.00930702,0.0012619823,0.9722855,0.005054343,0.0
ERR1905523,0.0050000935,0.0036334568,0.009096714,0.0050869165,0.00084149075,0.00088847405,0.97545284,0.0
ERR561584,0.00023249215,0.0012635067,0.0016916065,0.9929726,0.0007336174,0.001969312,0.0011368794,0.0
ERR1313915,0.0002359892,0.0012476137,0.0016709903,0.9929433,0.00074850867,0.00198015,0.0011734023,0.0
ERR3344389,0.0018980558,0.98295534,0.003079863,0.0033205585,0.0017705733,0.0011426249,0.0058330595,0.0
ERR1313384,0.00023252208,0.0012641028,0.0016921135,0.9929738,0.0007331718,0.0019683617,0.0011358988,0.0
SRR996419,0.0002323735,0.001264163,0.0016921443,0.9929743,0.0007330533,0.0019682439,0.0011356913,0.0
ERR1897402,0.0018980558,0.98295534,0.003079863,0.0033205585,0.0017705733,0.0011426249,0.0058330595,0.0
SRR6931432,0.00023572292,0.0012499115,0.0016719522,0.99295306,0.0007463419,0.001973856,0.0011692154,0.0
ERR2043136,0.007879335,0.007841948,0.9407302,0.006737949,0.009433328,6.168039e-05,0.027315583,0.0
SRR3053247,0.0002377126,0.0012403767,0.0016692826,0.99289924,0.0007596571,0.0020073508,0.0011863024,0.0
ERR1315181,0.00023249231,0.0012639539,0.0016918754,0.992974,0.000733261,0.0019682425,0.0011361069,0.0
ERR525829,0.00023252214,0.0012640733,0.0016921436,0.992974,0.00073314225,0.0019682432,0.0011357801,0.0
ERR924066,0.0050000935,0.0036334568,0.009096714,0.0050869165,0.00084149075,0.00088847405,0.97545284,0.0
SRR6264688,0.00023252175,0.0012634762,0.001691427,0.9929726,0.0007337062,0.0019691025,0.0011371167,0.0
SRR575252,0.007879335,0.007841948,0.9407302,0.006737949,0.009433328,6.168039e-05,0.027315583,0.0
ERR2211048,0.0050000357,0.003633428,0.009096983,0.0050865915,0.0008414909,0.0008885039,0.97545296,0.0
SRR6745433,0.0018980558,0.98295534,0.003079863,0.0033205585,0.0017705733,0.0011426249,0.0058330595,0.0
ERR2261890,0.0002360797,0.0012473526,0.0016726351,0.9929323,0.0007504758,0.0019882508,0.0011729327,0.0
ERR418207,0.004304256,0.023474546,0.0009803517,0.008282352,0.0015667306,0.93909293,0.022298845,0.0
SRR6264081,0.0002324627,0.0012641033,0.0016921143,0.9929742,0.0007331127,0.0019682734,0.0011357804,0.0
ERR2237854,0.0018980558,0.98295534,0.003079863,0.0033205585,0.0017705733,0.0011426249,0.0058330595,0.0
ERR560620,0.00023415264,0.0012560124,0.001683567,0.99295455,0.00074088847,0.001978102,0.0011527675,0.0
SRR1950749,0.0002323735,0.001264163,0.0016921443,0.9929743,0.0007330533,0.0019682439,0.0011356913,0.0
ERR539044,0.007879335,0.007841948,0.9407302,0.006737949,0.009433328,6.168039e-05,0.027315583,0.0
ERR1255775,0.00023811594,0.0012437952,0.0017196106,0.99284244,0.00075756863,0.0020485409,0.0011499766,0.0
ERR1548733,0.0025429153,0.037591342,0.078646705,0.035610422,0.8053833,0.0066043963,0.03362083,0.0
ERR1897011,0.0076722438,0.004656339,0.000647906,0.008113781,0.0015158041,0.9726837,0.004710158,0.0
SRR1767215,0.007879335,0.007841948,0.9407302,0.006737949,0.009433328,6.168039e-05,0.027315583,0.0
SRR6457128,0.0018980558,0.98295534,0.003079863,0.0033205585,0.0017705733,0.0011426249,0.0058330595,0.0
DRR030461,0.00023246265,0.0012640138,0.0016919652,0.9929743,0.00073308276,0.0019682432,0.0011359586,0.0
SRR2984227,0.0018980558,0.98295534,0.003079863,0.0033205585,0.0017705733,0.0011426249,0.0058330595,0.0
ERR2511306,0.00023664195,0.0012445713,0.0016680937,0.99293363,0.0007521919,0.0019850144,0.0011798785,0.0
DRR024093,0.00024156569,0.0012244246,0.0016577081,0.9928602,0.0007746639,0.0020180044,0.0012234134,0.0
ERR1522264,0.0076967515,0.003655068,0.00072712987,0.009294615,0.001255475,0.97234386,0.005027172,0.0
SRR8608312,0.0050000935,0.0036334568,0.009096714,0.0050869165,0.00084149075,0.00088847405,0.97545284,0.0
ERR2511514,0.0002509058,0.0011920183,0.001617877,0.99273044,0.0008223953,0.002074129,0.0013122222,0.0
SRR2058014,0.007879335,0.007841948,0.9407302,0.006737949,0.009433328,6.168039e-05,0.027315583,0.0
SRR6239922,0.00023688117,0.0012507945,0.0016626298,0.9929359,0.00075002457,0.001977708,0.0011860417,0.0
SRR3624361,0.0018980558,0.98295534,0.003079863,0.0033205585,0.0017705733,0.0011426249,0.0058330595,0.0
SRR6265625,0.0002325222,0.0012641033,0.0016920846,0.9929742,0.00073308294,0.0019682436,0.0011357804,0.0
ERR1924352,0.80730784,0.015531363,0.046719916,0.0075780367,0.0006960075,0.05105812,0.07110878,0.0
ERR1226536,0.0050000935,0.0036334568,0.009096714,0.0050869165,0.00084149075,0.00088847405,0.97545284,0.0
SRR980648,0.007879335,0.007841948,0.9407302,0.006737949,0.009433328,6.168039e-05,0.027315583,0.0
ERR1333503,0.0018980558,0.98295534,0.003079863,0.0033205585,0.0017705733,0.0011426249,0.0058330595,0.0
DRR048103,0.00023388551,0.0012569971,0.0016846717,0.99295837,0.0007397005,0.001975549,0.0011507476,0.0
SRR4414467,0.007879335,0.007841948,0.9407302,0.006737949,0.009433328,6.168039e-05,0.027315583,0.0
SRR5179744,0.0018980558,0.98295534,0.003079863,0.0033205585,0.0017705733,0.0011426249,0.0058330595,0.0
ERR500918,0.0002324627,0.0012641033,0.0016921143,0.9929742,0.00073308294,0.0019682436,0.00113581,0.0
ERR1103339,0.0018980558,0.98295534,0.003079863,0.0033205585,0.0017705733,0.0011426249,0.0058330595,0.0
SRR6444631,0.00024150417,0.0012301572,0.0017094474,0.9927691,0.00077921455,0.0020938788,0.0011767044,0.0
ERR500914,0.0002323735,0.001264163,0.0016921443,0.9929743,0.0007330533,0.0019682439,0.0011356913,0.0
ERR1314230,0.0002345099,0.001254051,0.0016840751,0.9929378,0.0007444589,0.001989854,0.0011552974,0.0
SRR6054466,0.00024615406,0.001206146,0.0016175625,0.9928461,0.00079368846,0.0020112246,0.0012791565,0.0
SRR1631114,0.0002323735,0.001264163,0.0016921443,0.9929743,0.0007330533,0.0019682439,0.0011356913,0.0
SRR5506673,0.0018980558,0.98295534,0.003079863,0.0033205585,0.0017705733,0.0011426249,0.0058330595,0.0
SRR8610840,0.0050000935,0.0036334568,0.009096714,0.0050869165,0.00084149075,0.00088847405,0.97545284,0.0
ERR1428652,0.0050000935,0.0036334568,0.009096714,0.0050869165,0.00084149075,0.00088847405,0.97545284,0.0
SRR6394231,0.00023243282,0.0012639241,0.0016918754,0.99297374,0.00073329074,0.0019685102,0.0011361961,0.0
SRR2061251,0.0018980558,0.98295534,0.003079863,0.0033205585,0.0017705733,0.0011426249,0.0058330595,0.0
ERR441249,0.00023237347,0.0012641033,0.0016921441,0.9929742,0.00073308294,0.0019682436,0.0011357804,0.0
SRR8609597,0.0050000935,0.0036334568,0.009096714,0.0050869165,0.00084149075,0.00088847405,0.97545284,0.0
ERR1367857,0.006647131,0.004080367,0.00072845793,0.010604042,0.0012500999,0.97105587,0.0056340373,0.0
ERR522418,0.0002491897,0.001203718,0.0016487145,0.9927484,0.00080594834,0.0020596292,0.0012844318,0.0
ERR1678286,0.0050000935,0.0036334568,0.009096714,0.0050869165,0.00084149075,0.00088847405,0.97545284,0.0
ERR441269,0.0002325222,0.0012641033,0.0016920846,0.9929742,0.00073308294,0.0019682436,0.0011357209,0.0
ERR1467036,0.0002323735,0.001264163,0.0016921443,0.9929743,0.0007330533,0.0019682439,0.0011356913,0.0
SRR5180012,0.0018980558,0.98295534,0.003079863,0.0033205585,0.0017705733,0.0011426249,0.0058330595,0.0
SRR2442986,0.004129173,0.10077788,0.015427359,0.00041844702,0.013811384,0.0003310243,0.8651047,0.0
SRR7449058,0.00023246265,0.0012640733,0.0016919355,0.9929741,0.000733172,0.0019682432,0.0011359586,0.0
SRR5155786,0.00023441881,0.001255558,0.0016793917,0.99296343,0.0007408836,0.0019702958,0.001156002,0.0
SRR1948875,0.0002324627,0.0012641033,0.0016920846,0.99297416,0.0007330532,0.0019682436,0.00113581,0.0
SRR6413817,0.000232611,0.0012635358,0.0016914865,0.99297285,0.00073364674,0.0019688944,0.0011370275,0.0
ERR1226655,0.0050000935,0.0036334568,0.009096714,0.0050869165,0.00084149075,0.00088847405,0.97545284,0.0
SRR5431287,0.0002323735,0.001264163,0.0016921443,0.9929743,0.0007330533,0.0019682439,0.0011356913,0.0
DRR049473,0.0002323735,0.001264163,0.0016921443,0.9929743,0.0007330533,0.0019682439,0.0011356913,0.0
SRR5176052,0.0018980558,0.98295534,0.003079863,0.0033205585,0.0017705733,0.0011426249,0.0058330595,0.0
SRR1660143,0.00023456807,0.0012535679,0.0016831433,0.992945,0.00074332434,0.0019838046,0.0011566591,0.0
ERR1691320,0.0050000935,0.0036334568,0.009096714,0.0050869165,0.00084149075,0.00088847405,0.97545284,0.0
SRR6409030,0.00023358881,0.0012583991,0.0016854802,0.99296325,0.00073836435,0.0019726995,0.0011482527,0.0
SRR1175844,0.0002323735,0.001264163,0.0016921443,0.9929743,0.0007330533,0.0019682439,0.0011356913,0.0
ERR443772,0.0002323735,0.001264163,0.0016921443,0.9929743,0.0007330533,0.0019682439,0.0011356913,0.0
ERR498773,0.00031742055,0.0010715356,0.0014467663,0.9916583,0.0011651131,0.002380966,0.0019599865,0.0
ERR1583466,0.0018980558,0.98295534,0.003079863,0.0033205585,0.0017705733,0.0011426249,0.0058330595,0.0
ERR1315709,0.00024621017,0.0012083004,0.0016027899,0.9929081,0.0007863618,0.0019660532,0.0012821129,0.0
ERR719248,0.00023691208,0.0012427993,0.001676231,0.99290663,0.00075523346,0.0020046062,0.0011775704,0.0
SRR3095150,0.00058621174,0.001976967,0.003026754,0.653876,0.002451867,0.29311043,0.00092518335,0.044046644
SRR4300279,0.0018980558,0.98295534,0.003079863,0.0033205585,0.0017705733,0.0011426249,0.0058330595,0.0
SRR6679564,0.007879335,0.007841948,0.9407302,0.006737949,0.009433328,6.168039e-05,0.027315583,0.0
ERR1384525,0.00025670617,0.0011876713,0.0017099767,0.9925144,0.00084920344,0.0022050678,0.0012769579,0.0
ERR1428910,0.005000095,0.0036334577,0.0090967165,0.005086918,0.00084140204,0.00088838534,0.9754531,0.0
ERR765872,0.0050000935,0.0036334568,0.009096714,0.0050869165,0.00084149075,0.00088847405,0.97545284,0.0
ERR1690566,0.0050000935,0.0036334568,0.009096714,0.0050869165,0.00084149075,0.00088847405,0.97545284,0.0
SRR996591,0.0002325222,0.0012641033,0.0016920846,0.9929742,0.00073308294,0.0019682436,0.0011357209,0.0
SRR6931793,0.0002323735,0.001264163,0.0016921443,0.9929743,0.0007330533,0.0019682439,0.0011356913,0.0
ERR996084,0.007696748,0.0036548614,0.00072715885,0.009295021,0.0012554452,0.97234356,0.0050272867,0.0
SRR5564413,0.007696748,0.0036548614,0.00072715885,0.009295021,0.0012554452,0.97234356,0.0050272867,0.0
SRR1299247,0.00023705822,0.0012421911,0.0016716918,0.99291754,0.0007547494,0.0019948287,0.0011820194,0.0
SRR6511763,0.0018980558,0.98295534,0.003079863,0.0033205585,0.0017705733,0.0011426249,0.0058330595,0.0
ERR539242,0.007879335,0.007841948,0.9407302,0.006737949,0.009433328,6.168039e-05,0.027315583,0.0
ERR501035,0.0002325222,0.0012641033,0.0016920846,0.9929742,0.00073308294,0.0019682436,0.0011357804,0.0
ERR1896955,0.0018980558,0.98295534,0.003079863,0.0033205585,0.0017705733,0.0011426249,0.0058330595,0.0
ERR2286253,0.00023246265,0.0012640138,0.0016919652,0.9929742,0.00073314225,0.0019682432,0.0011360181,0.0
DRR050819,0.00023445321,0.0012540064,0.0016954578,0.99292535,0.00074369437,0.001998593,0.0011483805,0.0
ERR2716347,0.80764985,0.014482863,0.046972886,0.007820719,0.00069085177,0.051780537,0.07060219,0.0
ERR443457,0.0002417422,0.0012259613,0.0016532632,0.9928724,0.00077323,0.0020068944,0.0012265561,0.0
ERR1135276,0.007910961,0.0036209177,0.0007488716,0.0095656775,0.001329466,0.97158,0.0052440926,0.0
SRR8610635,0.014821433,0.010051723,0.0027947698,0.014260736,0.049948554,0.0009098152,0.9072129,0.0
SRR6408919,0.0002324329,0.001264103,0.0016921139,0.9929741,0.00073314225,0.0019683028,0.0011358396,0.0
ERR2211270,0.0050000935,0.0036334568,0.009096714,0.0050869165,0.00084149075,0.00088847405,0.97545284,0.0
SRR6411682,0.00023243288,0.0012641029,0.0016921732,0.9929739,0.0007331422,0.0019682727,0.0011358989,0.0
ERR883515,0.00023504166,0.001252217,0.001677267,0.9929491,0.0007447448,0.0019791746,0.0011624479,0.0
SRR2761043,0.000290447,0.0011365433,0.0017086954,0.9919235,0.0010134721,0.0024371918,0.001490206,0.0
SRR6932201,0.0002323735,0.001264163,0.0016921443,0.9929743,0.0007330533,0.0019682439,0.0011356913,0.0
SRR3191032,0.00023382642,0.0012572074,0.0016851207,0.99295694,0.0007397315,0.001977188,0.001150006,0.0
ERR1855285,0.0018980558,0.98295534,0.003079863,0.0033205585,0.0017705733,0.0011426249,0.0058330595,0.0
SRR5617439,0.0018980558,0.98295534,0.003079863,0.0033205585,0.0017705733,0.0011426249,0.0058330595,0.0
SRR1461663,0.00023317405,0.0012611744,0.001687396,0.9929714,0.0007357818,0.0019681924,0.001142877,0.0
ERR1713368,0.80153835,0.02616524,0.044802032,0.005977678,0.00073524995,0.045893572,0.074887894,0.0
ERR500895,0.00023243288,0.0012640732,0.0016920245,0.992974,0.00073317194,0.0019683323,0.0011359287,0.0
ERR1313386,0.00023302571,0.0012615038,0.0016880829,0.9929713,0.0007354855,0.0019686716,0.0011418974,0.0
ERR923465,0.0050000935,0.0036334568,0.009096714,0.0050869165,0.00084149075,0.00088847405,0.97545284,0.0
ERR1912960,0.00023480417,0.0012532012,0.0016780735,0.99295515,0.00074319955,0.0019752819,0.0011603384,0.0
SRR8356245,0.0016286075,0.007117361,0.0012448132,0.34237415,0.012431532,0.36662084,0.0010325909,0.2675501
ERR576306,0.007696748,0.0036548614,0.00072715885,0.009295021,0.0012554452,0.97234356,0.0050272867,0.0
ERR983859,0.0002323735,0.001264163,0.0016921443,0.9929743,0.0007330533,0.0019682439,0.0011356913,0.0
ERR1971236,0.00023418163,0.0012560083,0.0016813009,0.992961,0.00074058864,0.0019728309,0.0011541023,0.0
SRR1617704,0.00023243295,0.0012641033,0.0016921143,0.9929742,0.0007331127,0.0019682436,0.0011356911,0.0
ERR2608889,0.00066274405,0.0024841726,0.0037047267,0.48743004,0.0021715462,0.40916446,0.00044339895,0.09393889
ERR1897396,0.0018980558,0.98295534,0.003079863,0.0033205585,0.0017705733,0.0011426249,0.0058330595,0.0
ERR2260424,0.8076398,0.014517694,0.04696419,0.007812178,0.0006910272,0.05175554,0.07061962,0.0
SRR3210058,0.00023237347,0.0012641033,0.0016921441,0.9929742,0.00073308294,0.0019682436,0.0011357804,0.0
SRR5176149,0.0018980558,0.98295534,0.003079863,0.0033205585,0.0017705733,0.0011426249,0.0058330595,0.0
SRR8608579,0.0050000935,0.0036334568,0.009096714,0.0050869165,0.00084149075,0.00088847405,0.97545284,0.0
SRR1950768,0.0002323735,0.001264163,0.0016921443,0.9929743,0.0007330533,0.0019682439,0.0011356913,0.0
SRR5001955,0.0018980546,0.98295486,0.0030799496,0.0033206153,0.0017706902,0.0011427127,0.005833115,0.0
ERR2739079,0.00023252172,0.0012636546,0.0016912483,0.9929737,0.0007335574,0.0019682993,0.0011369976,0.0
DRR029213,0.00023412342,0.0012554798,0.0016864858,0.99294835,0.00074142555,0.0019821518,0.0011520265,0.0
ERR1691524,0.0050000935,0.0036334568,0.009096714,0.0050869165,0.00084149075,0.00088847405,0.97545284,0.0
ERR2739198,0.00023284812,0.0012626388,0.0016897254,0.9929726,0.00073444727,0.0019684115,0.0011393734,0.0
DRR042740,0.00023670273,0.0012448161,0.0016747358,0.99292386,0.00075219595,0.0019906468,0.0011770295,0.0
ERR499185,0.00023255155,0.0012635955,0.0016913381,0.99297386,0.00073352794,0.0019682404,0.0011369386,0.0
ERR2511324,0.0002494442,0.0011942572,0.0016077374,0.9927994,0.00080899853,0.0020296336,0.0013105039,0.0
ERR538969,0.007879335,0.007841948,0.9407302,0.006737949,0.009433328,6.168039e-05,0.027315583,0.0
ERR500304,0.00023278863,0.0012626091,0.0016897254,0.99297273,0.0007344175,0.001968322,0.0011394329,0.0
ERR1736299,0.007709253,0.0036692277,0.00072677515,0.009272461,0.0012589548,0.9723136,0.005049819,0.0
ERR1811136,0.00017250667,0.0013489724,0.0029414468,0.97437775,0.0011065113,0.018805964,0.0012467473,0.0
ERR2738971,0.00023883476,0.0012372116,0.0016517371,0.9929256,0.00076102925,0.0019826854,0.0012028884,0.0
ERR719411,0.00023498974,0.0012518706,0.0016941571,0.9929088,0.0007476243,0.0020119585,0.0011506764,0.0
ERR1538940,0.0050000935,0.0036334568,0.009096714,0.0050869165,0.00084149075,0.00088847405,0.97545284,0.0
ERR1691130,0.0050000935,0.0036334568,0.009096714,0.0050869165,0.00084149075,0.00088847405,0.97545284,0.0
ERR539260,0.007879335,0.007841948,0.9407302,0.006737949,0.009433328,6.168039e-05,0.027315583,0.0
SRR2168103,0.0018980558,0.98295534,0.003079863,0.0033205585,0.0017705733,0.0011426249,0.0058330595,0.0
SRR2097680,0.0018980558,0.98295534,0.003079863,0.0033205585,0.0017705733,0.0011426249,0.0058330595,0.0
SRR5415572,0.00023326326,0.0012594789,0.00168924,0.9929597,0.00073747715,0.00197664,0.0011441858,0.0
SRR6028645,0.00024431487,0.0012145557,0.0016183668,0.99289733,0.00078159943,0.0019822072,0.0012615748,0.0
ERR2495636,0.0050000935,0.0036334568,0.009096714,0.0050869165,0.00084149075,0.00088847405,0.97545284,0.0
SRR3098309,0.0018980558,0.98295534,0.003079863,0.0033205585,0.0017705733,0.0011426249,0.0058330595,0.0
SRR5181076,0.0018980558,0.98295534,0.0030798924,0.00332047,0.0017706323,0.0011426249,0.0058330004,0.0
SRR8609687,0.0050000935,0.0036334568,0.009096714,0.0050869165,0.00084149075,0.00088847405,0.97545284,0.0
ERR2233250,0.0018980558,0.98295534,0.003079863,0.0033205585,0.0017705733,0.0011426249,0.0058330595,0.0
SRR6457252,0.0018980558,0.98295534,0.003079863,0.0033205585,0.0017705733,0.0011426249,0.0058330595,0.0
SRR4779909,0.0018980558,0.98295534,0.003079863,0.0033205585,0.0017705733,0.0011426249,0.0058330595,0.0
SRR6663524,0.0018980558,0.98295534,0.003079863,0.0033205585,0.0017705733,0.0011426249,0.0058330595,0.0
ERR1523858,0.007696748,0.0036548614,0.00072715885,0.009295021,0.0012554452,0.97234356,0.0050272867,0.0
SRR6931982,0.0002324627,0.0012641033,0.0016920548,0.9929742,0.0007331127,0.0019682436,0.0011357804,0.0
ERR1383635,0.0002367058,0.001243464,0.0016810633,0.9929018,0.00075464475,0.0020089059,0.0011734754,0.0
ERR1385380,0.00027588246,0.0011519089,0.0016819969,0.99218553,0.0009358832,0.0023382213,0.001430527,0.0
ERR1897062,0.0018980558,0.98295534,0.003079863,0.0033205585,0.0017705733,0.0011426249,0.0058330595,0.0
SRR1031049,0.000479877,0.7113894,0.02147758,0.0010027885,0.0059934556,0.0008530915,0.035175323,0.22362852
SRR5902423,0.0018980558,0.98295534,0.003079863,0.0033205585,0.0017705733,0.0011426249,0.0058330595,0.0
SRR1980847,0.0018980558,0.98295534,0.003079863,0.0033205585,0.0017705733,0.0011426249,0.0058330595,0.0
DRR043835,0.00023246263,0.0012640732,0.001691965,0.99297404,0.0007331422,0.0019683025,0.0011359882,0.0
SRR5180664,0.0018980558,0.98295534,0.003079863,0.0033205585,0.0017705733,0.0011426249,0.0058330595,0.0
SRR7448764,0.0002324329,0.0012641328,0.0016921139,0.99297404,0.00073314225,0.0019682432,0.0011358098,0.0
ERR1428619,0.0050000935,0.0036334568,0.009096714,0.0050869165,0.00084149075,0.00088847405,0.97545284,0.0
SRR7597007,0.0018980558,0.98295534,0.003079863,0.0033205585,0.0017705733,0.0011426249,0.0058330595,0.0
SRR7349784,0.0019005655,0.9829451,0.0030811774,0.0033230782,0.0017714043,0.0011428158,0.00583587,0.0
SRR388023,0.0002323735,0.001264163,0.0016921443,0.9929743,0.0007330533,0.0019682439,0.0011356913,0.0
SRR6004988,0.0018980558,0.98295534,0.003079863,0.0033205585,0.0017705733,0.0011426249,0.0058330595,0.0
SRR1030264,0.00027918085,0.0011390222,0.0016404476,0.99220425,0.000953972,0.0022861017,0.0014970812,0.0
ERR444149,0.00023487138,0.0012524986,0.0016948457,0.99290866,0.00074738835,0.0020124395,0.0011492516,0.0
ERR1315637,0.00023599023,0.0012477381,0.0016722172,0.992939,0.0007491961,0.0019835494,0.0011723366,0.0
ERR906503,0.0076967487,0.0036548618,0.0007271589,0.009294963,0.0012554453,0.9723435,0.0050272876,0.0
ERR309604,0.007656605,0.0036575517,0.000725969,0.009440028,0.0012621791,0.9721634,0.005094377,0.0
ERR1689099,0.0050000935,0.0036334568,0.009096714,0.0050869165,0.00084149075,0.00088847405,0.97545284,0.0
ERR2757318,0.00475262,0.035987295,0.0036920533,0.0012699189,0.005114651,0.0008643751,0.948319,0.0
ERR1382542,0.00023699933,0.001243265,0.0016694057,0.99291843,0.00075501896,0.001995488,0.0011813382,0.0
SRR2145433,0.00023744295,0.0012407234,0.0016662945,0.9929182,0.0007565278,0.001993563,0.0011872444,0.0
ERR441622,0.00023545577,0.001251104,0.0016718073,0.9929605,0.00074491586,0.001968804,0.0011673442,0.0
ERR720057,0.000233945,0.0012569673,0.0016842851,0.9929573,0.00073999795,0.0019766197,0.0011508666,0.0
ERR2002111,0.0002324627,0.0012641033,0.0016921143,0.9929742,0.00073308294,0.0019682436,0.00113581,0.0
SRR6931602,0.0002323735,0.001264163,0.0016921443,0.9929743,0.0007330533,0.0019682439,0.0011356913,0.0
ERR1310987,0.00023557423,0.001250566,0.0016709708,0.9929597,0.0007454794,0.001969008,0.0011686801,0.0
SRR6394133,0.0002324627,0.0012640439,0.0016921441,0.99297386,0.0007331424,0.0019685114,0.0011357506,0.0
SRR5181220,0.0018980558,0.98295534,0.003079863,0.0033205585,0.0017705733,0.0011426249,0.0058330595,0.0
SRR7760817,0.0018980558,0.98295534,0.003079863,0.0033205585,0.0017705733,0.0011426249,0.0058330595,0.0
SRR831158,0.0018980558,0.98295534,0.003079863,0.0033205585,0.0017705733,0.0011426249,0.0058330595,0.0
SRR6145500,0.0018980558,0.98295534,0.003079863,0.0033205585,0.0017705733,0.0011426249,0.0058330595,0.0
SRR6004956,0.0018980558,0.98295534,0.003079863,0.0033205585,0.0017705733,0.0011426249,0.0058330595,0.0
SRR388057,0.0002323735,0.001264163,0.0016921443,0.9929743,0.0007330533,0.0019682439,0.0011356913,0.0
ERR2495283,0.0050000935,0.0036334568,0.009096714,0.0050869165,0.00084149075,0.00088847405,0.97545284,0.0
SRR5720274,0.0018980558,0.98295534,0.003079863,0.0033205585,0.0017705733,0.0011426249,0.0058330595,0.0
ERR500981,0.00023252203,0.0012639537,0.0016918752,0.9929738,0.0007332312,0.0019683316,0.001136196,0.0
ERR501389,0.00023255167,0.0012637449,0.0016916066,0.9929739,0.0007333498,0.0019682413,0.0011364929,0.0
SRR1704303,0.0002323735,0.001264163,0.0016921443,0.9929743,0.0007330533,0.0019682439,0.0011356913,0.0
ERR765865,0.0050000935,0.0036334568,0.009096714,0.0050869165,0.00084149075,0.00088847405,0.97545284,0.0
ERR1736265,0.0076978942,0.0036933338,0.0007274549,0.009293509,0.0012615134,0.9722111,0.005115088,0.0
SRR6412077,0.00023252217,0.0012641032,0.0016921439,0.9929741,0.0007330829,0.0019682434,0.0011358099,0.0
ERR543866,0.007879335,0.007841948,0.9407302,0.006737949,0.009433328,6.168039e-05,0.027315583,0.0
ERR2095556,0.0002897632,0.00107662,0.0014155932,0.99237275,0.0009849452,0.0020797218,0.0017806871,0.0
DRR048119,0.00023827741,0.0012375197,0.0016777276,0.99288434,0.00076078635,0.002014219,0.0011871634,0.0
ERR719838,0.0002334117,0.0012592691,0.0016880482,0.99295974,0.0007378927,0.0019765482,0.0011450767,0.0
SRR1426174,0.0076967496,0.003654862,0.00072715903,0.009294907,0.0012554454,0.9723436,0.0050272294,0.0
SRR5460269,0.0018980558,0.98295534,0.003079863,0.0033205585,0.0017705733,0.0011426249,0.0058330595,0.0
ERR1691496,0.0050000935,0.0036334568,0.009096714,0.0050869165,0.00084149075,0.00088847405,0.97545284,0.0
ERR499954,0.00023249237,0.0012639541,0.0016919352,0.99297416,0.00073317194,0.001968243,0.0011360775,0.0
SRR2924499,0.00024302847,0.0012201391,0.0016766614,0.9927976,0.0007835742,0.0020588564,0.0012201986,0.0
ERR1311578,0.00024490058,0.0012140633,0.0016771852,0.9927596,0.0007932649,0.0020798405,0.001231076,0.0
SRR2168191,0.0018980558,0.98295534,0.003079863,0.0033205585,0.0017705733,0.0011426249,0.0058330595,0.0
ERR2188035,0.0025429153,0.037591342,0.078646705,0.035610422,0.8053833,0.0066043963,0.03362083,0.0
SRR7584021,0.007675587,0.003660343,0.0007272885,0.009331881,0.0012562869,0.9723179,0.005030742,0.0
SRR1200792,0.0018980558,0.98295534,0.003079863,0.0033205585,0.0017705733,0.0011426249,0.0058330595,0.0
SRR6465484,0.0002359943,0.0012468375,0.0016843224,0.99291086,0.00075114245,0.0020048213,0.0011659915,0.0
ERR2784792,0.00023963989,0.001231363,0.0016649574,0.99287474,0.0007676686,0.0020176806,0.0012040291,0.0
ERR720133,0.00023338021,0.0012503064,0.0016978217,0.99288505,0.0007463943,0.0020356965,0.0011513444,0.0
ERR139445,0.00020216893,0.0012218216,0.002177586,0.9896761,0.0008617919,0.0047496306,0.0011108281,0.0
ERR500256,0.00023308476,0.0012610849,0.0016872766,0.9929713,0.0007358411,0.001968281,0.001143085,0.0
ERR2709715,0.001219213,0.33620107,0.10269487,0.00012531877,0.0058391094,0.00019747019,0.24815843,0.30556452
SRR5349108,0.0018980558,0.98295534,0.003079863,0.0033205585,0.0017705733,0.0011426249,0.0058330595,0.0
DRR043800,0.00023284815,0.0012623416,0.0016902611,0.9929703,0.000734715,0.0019700774,0.0011394627,0.0
SRR2849341,0.007879335,0.007841948,0.9407302,0.006737949,0.009433328,6.168039e-05,0.027315583,0.0
ERR441180,0.00023243295,0.0012641033,0.0016920846,0.9929742,0.0007331424,0.0019682436,0.0011357209,0.0
ERR1677173,0.0050000935,0.0036334568,0.009096714,0.0050869165,0.00084149075,0.00088847405,0.97545284,0.0
SRR5176191,0.0018980558,0.98295534,0.003079863,0.0033205585,0.0017705733,0.0011426249,0.0058330595,0.0
ERR2211134,0.0050000935,0.0036334568,0.009096714,0.0050869165,0.00084149075,0.00088847405,0.97545284,0.0
SRR3922911,0.007879335,0.007841948,0.9407302,0.006737949,0.009433328,6.168039e-05,0.027315583,0.0
ERR765752,0.0050000935,0.0036334568,0.009096714,0.0050869165,0.00084149075,0.00088847405,0.97545284,0.0
ERR542859,0.007879335,0.007841948,0.9407302,0.006737949,0.009433328,6.168039e-05,0.027315583,0.0
ERR1677138,0.0050000935,0.0036334568,0.009096714,0.0050869165,0.00084149075,0.00088847405,0.97545284,0.0
SRR2145645,0.00024301103,0.0012201705,0.0016237515,0.99291867,0.00077486347,0.0019718362,0.0012477104,0.0
ERR443431,0.00023255161,0.0012635959,0.0016914873,0.99297374,0.0007335281,0.0019683598,0.0011368198,0.0
ERR1383328,0.00023758975,0.0012409514,0.0016611652,0.9929339,0.0007551832,0.0019812034,0.0011899415,0.0
ERR2187934,0.0025429153,0.037591342,0.078646705,0.035610422,0.8053833,0.0066043963,0.03362083,0.0
SRR6932448,0.0002323735,0.001264163,0.0016921443,0.9929743,0.0007330533,0.0019682439,0.0011356913,0.0
SRR495221,0.0018980558,0.98295534,0.003079863,0.0033205585,0.0017705733,0.0011426249,0.0058330595,0.0
SRR6414019,0.00023293716,0.001261805,0.0016904081,0.99296767,0.00073530927,0.0019716818,0.0011402053,0.0
SRR575261,0.007879335,0.007841948,0.9407302,0.006737949,0.009433328,6.168039e-05,0.027315583,0.0
ERR1535976,0.0018980558,0.98295534,0.003079863,0.0033205585,0.0017705733,0.0011426249,0.0058330595,0.0
ERR1523354,0.0076987892,0.003658606,0.00072671863,0.009289006,0.001256703,0.9723415,0.005028687,0.0
ERR1582097,0.0018980558,0.98295534,0.003079863,0.0033205585,0.0017705733,0.0011426249,0.0058330595,0.0
SRR1027954,0.007879335,0.007841948,0.9407302,0.006737949,0.009433328,6.168039e-05,0.027315583,0.0
SRR6931972,0.0002325517,0.001263864,0.0016917556,0.99297357,0.0007333499,0.0019685093,0.0011363443,0.0
SRR656647,0.007879335,0.007841948,0.9407302,0.006737949,0.009433328,6.168039e-05,0.027315583,0.0
ERR883499,0.00023717647,0.0012421277,0.0016682958,0.9929211,0.0007549552,0.0019925323,0.0011837111,0.0
SRR7453778,0.0002323735,0.001264163,0.0016921443,0.9929743,0.0007330533,0.0019682439,0.0011356913,0.0
ERR1428965,0.0050000935,0.0036334568,0.009096714,0.0050869165,0.00084149075,0.00088847405,0.97545284,0.0
ERR2599230,0.0050000935,0.0036334568,0.009096714,0.0050869165,0.00084149075,0.00088847405,0.97545284,0.0
SRR2897452,0.0076967496,0.003654862,0.00072715903,0.009294907,0.0012554454,0.9723436,0.0050272294,0.0
SRR578758,0.0018979969,0.9829554,0.0030798335,0.003320529,0.0017706323,0.0011426249,0.0058330004,0.0
SRR1718849,0.00014781952,0.0077983737,0.0026269853,0.9483767,0.00049850345,0.0039509833,0.0009537339,0.035646856
ERR1310213,0.0002539496,0.0011809549,0.0015862334,0.9927346,0.00083345425,0.002055178,0.0013556567,0.0
ERR1214122,0.0018980558,0.98295534,0.003079863,0.0033205585,0.0017705733,0.0011426249,0.0058330595,0.0
ERR719522,0.00023370724,0.0012578905,0.0016838701,0.99296397,0.00073880877,0.0019720108,0.0011497373,0.0
ERR2001891,0.00023237347,0.0012641628,0.0016921441,0.9929742,0.0007330532,0.0019682436,0.00113581,0.0
ERR308426,0.0076968367,0.0036548618,0.00072712963,0.009294817,0.0012554453,0.9723435,0.0050274045,0.0
ERR833426,0.0018980555,0.9829552,0.0030798626,0.003320499,0.0017706321,0.0011427132,0.0058329706,0.0
SRR5626885,0.0018980558,0.98295534,0.003079863,0.0033205585,0.0017705733,0.0011426249,0.0058330595,0.0
ERR2784824,0.0002519779,0.0012216913,0.0017531059,0.9925161,0.00083777454,0.0022459354,0.0011734972,0.0
ERR1844733,0.007879335,0.007841948,0.9407302,0.006737949,0.009433328,6.168039e-05,0.027315583,0.0
ERR675542,0.007589327,0.0036215573,0.00072595733,0.009906452,0.0012791011,0.9716656,0.0052120215,0.0
SRR6874435,0.0002669394,0.0035701394,0.001483351,0.89054656,0.0045760274,0.07286358,0.00265944,0.024033964
ERR537764,0.007699194,0.0036545324,0.0007273918,0.009296907,0.0012556771,0.97233963,0.0050266036,0.0
DRR066461,0.0018980558,0.98295534,0.003079863,0.0033205585,0.0017705733,0.0011426249,0.0058330595,0.0
SRR6931690,0.00030095776,0.00078373257,0.0017426893,0.96908844,0.0036308323,0.021301398,0.0031519253,0.0
SRR6264682,0.00023902283,0.0012348223,0.0016783352,0.9928573,0.000766741,0.0020344602,0.0011893141,0.0
ERR1513354,0.0076975534,0.0036551473,0.0007270403,0.009295092,0.001255765,0.972341,0.005028361,0.0
SRR5180657,0.0018980558,0.98295534,0.003079863,0.0033205585,0.0017705733,0.0011426249,0.0058330595,0.0
ERR1689089,0.0050000935,0.0036334568,0.009096714,0.0050869165,0.00084149075,0.00088847405,0.97545284,0.0
SRR6056034,0.0018980558,0.98295534,0.003079863,0.0033205585,0.0017705733,0.0011426249,0.0058330595,0.0
SRR6414399,0.0002325222,0.0012641033,0.0016920846,0.9929742,0.00073308294,0.0019682436,0.0011357804,0.0
ERR2738754,0.00023512995,0.0012528365,0.0016740181,0.9929633,0.000743314,0.0019679528,0.0011634545,0.0
ERR2511759,0.00024268568,0.0012207149,0.0016287599,0.99290717,0.00077504764,0.0019816952,0.001244002,0.0
ERR560596,0.00023252208,0.0012638945,0.0016917863,0.99297416,0.00073323137,0.0019682725,0.0011361665,0.0
SRR6408732,0.00023249237,0.0012639541,0.0016919055,0.9929741,0.0007332612,0.0019683025,0.001136018,0.0
SRR8609665,0.0050000935,0.0036334568,0.009096714,0.0050869165,0.00084149075,0.00088847405,0.97545284,0.0
ERR2013465,0.0025429153,0.037591342,0.078646705,0.035610422,0.8053833,0.0066043963,0.03362083,0.0
ERR1382454,0.0002430197,0.0012181917,0.0016512015,0.9928347,0.0007832188,0.002033145,0.0012366018,0.0
ERR1314922,0.00023335169,0.0012596232,0.0016861705,0.9929671,0.00073711766,0.001970803,0.0011456988,0.0
SRR5180915,0.0018980558,0.98295534,0.003079863,0.0033205585,0.0017705733,0.0011426249,0.0058330595,0.0
ERR500558,0.0002342521,0.00126981,0.0016819153,0.9926265,0.00080243615,0.0022126783,0.0011724206,0.0
SRR6058726,0.0018980558,0.98295534,0.003079863,0.0033205585,0.0017705733,0.0011426249,0.0058330595,0.0
ERR539462,0.007879335,0.007841948,0.9407302,0.006737949,0.009433328,6.168039e-05,0.027315583,0.0
ERR1384458,0.00023646586,0.0012446729,0.0016750706,0.9929205,0.00075243734,0.001995415,0.0011753989,0.0
ERR1745153,0.010525836,0.0069449088,0.008409067,0.0051796488,0.005715604,0.0030660834,0.9601588,0.0
ERR1383062,0.00026233654,0.0011817339,0.0017219628,0.99238074,0.0008840028,0.0022797403,0.0012894941,0.0
SRR5165757,0.0002323735,0.001264163,0.0016921443,0.9929743,0.0007330533,0.0019682439,0.0011356913,0.0
ERR2002311,0.00023444813,0.0012552285,0.0016785855,0.9929637,0.00074123923,0.0019696676,0.001157041,0.0
ERR1384511,0.00024332493,0.0012191528,0.0016650552,0.9927919,0.0007886571,0.0020648565,0.0012270346,0.0
ERR500467,0.0002324627,0.0012641033,0.0016921143,0.9929742,0.0007331424,0.0019682436,0.0011357209,0.0
SRR2761224,0.00022461478,0.0011314899,0.0019226823,0.99101436,0.00089941075,0.0035622246,0.0012452396,0.0
SRR5180653,0.0018980558,0.98295534,0.003079863,0.0033205585,0.0017705733,0.0011426249,0.0058330595,0.0
SRR5406959,0.0018980558,0.98295534,0.003079863,0.0033205585,0.0017705733,0.0011426249,0.0058330595,0.0
ERR532095,0.00024619547,0.0012075712,0.001650741,0.9927789,0.00079780066,0.0020590841,0.0012597368,0.0
ERR2260438,0.797882,0.034867283,0.048450507,0.0055083213,0.00090719917,0.045021392,0.067363314,0.0
SRR2057952,0.007879335,0.007841948,0.9407302,0.006737949,0.009433328,6.168039e-05,0.027315583,0.0
ERR574413,0.79731405,0.032949872,0.043868992,0.00544116,0.00075736264,0.043833327,0.07583531,0.0
ERR1462846,0.0076915734,0.003724467,0.00072021363,0.0092210425,0.0012761685,0.9723616,0.0050048535,0.0
SRR2143720,0.00023249231,0.0012639539,0.0016918754,0.9929739,0.000733261,0.0019683319,0.0011361069,0.0
ERR1467011,0.0002323735,0.001264163,0.0016921443,0.9929743,0.0007330533,0.0019682439,0.0011356913,0.0
SRR1027873,0.0070272447,0.887748,0.0057558627,0.0002019029,0.010187625,0.08724808,0.001831161,0.0
ERR1226346,0.0050000935,0.0036334568,0.009096714,0.0050869165,0.00084149075,0.00088847405,0.97545284,0.0
SRR5156166,0.00023435926,0.0012557956,0.0016790343,0.9929656,0.0007406752,0.0019685999,0.0011559126,0.0
SRR6028254,0.000242567,0.0012220547,0.0016275722,0.9929183,0.0007731451,0.0019741135,0.0012421893,0.0
SRR6932501,0.0002324627,0.0012640735,0.0016921441,0.99297416,0.00073308294,0.0019683032,0.0011357209,0.0
SRR1770795,0.007879335,0.007841948,0.9407302,0.006737949,0.009433328,6.168039e-05,0.027315583,0.0
SRR6331626,0.0018980558,0.98295534,0.003079863,0.0033205585,0.0017705733,0.0011426249,0.0058330595,0.0
SRR6511721,0.0018980558,0.98295534,0.003079863,0.0033204993,0.0017705733,0.0011426249,0.0058330595,0.0
ERR1382932,0.0002324626,0.0012640135,0.0016920243,0.9929739,0.0007332611,0.001968332,0.0011359582,0.0
ERR2738985,0.00023717461,0.0012439323,0.0016610253,0.9929491,0.00075200474,0.0019715177,0.0011851889,0.0
DRR042848,0.00023264046,0.0012632665,0.0016908895,0.9929726,0.00073397305,0.001968803,0.0011377698,0.0
ERR2263515,0.007696779,0.00365495,0.00072715903,0.009294848,0.0012554454,0.9723436,0.005027288,0.0
ERR1263244,0.007696661,0.0036548618,0.00072712963,0.009295081,0.0012555039,0.97234344,0.0050272876,0.0
ERR765647,0.005000095,0.0036334577,0.0090967165,0.005086918,0.00084140204,0.00088838534,0.9754531,0.0
ERR1691116,0.0050000935,0.0036334568,0.009096714,0.0050869165,0.00084149075,0.00088847405,0.97545284,0.0
SRR6414198,0.00023261107,0.0012636255,0.0016915763,0.99297327,0.000733528,0.0019686273,0.0011367602,0.0
SRR6408660,0.0002323735,0.001264163,0.0016921443,0.9929743,0.0007330533,0.0019682439,0.0011356913,0.0
SRR4414824,0.007879335,0.007841948,0.9407302,0.006737949,0.009433328,6.168039e-05,0.027315583,0.0
ERR2739193,0.00023818226,0.0012397196,0.0016552596,0.9929412,0.00075621676,0.0019738968,0.0011955214,0.0
SRR5588010,0.0018980558,0.98295534,0.003079863,0.0033205585,0.0017705733,0.0011426249,0.0058330595,0.0
ERR2002271,0.0002481625,0.0012096436,0.0016785767,0.99272215,0.0008022454,0.002082376,0.0012568134,0.0
SRR953006,0.0018980558,0.98295534,0.003079863,0.0033205585,0.0017705733,0.0011426249,0.0058330595,0.0
ERR1720639,0.0050000935,0.0036334568,0.009096714,0.0050869165,0.00084149075,0.00088847405,0.97545284,0.0
ERR443084,0.0002323735,0.001264163,0.0016921443,0.9929743,0.0007330533,0.0019682439,0.0011356913,0.0
ERR2599244,0.0050000935,0.0036334568,0.009096714,0.0050869165,0.00084149075,0.00088847405,0.97545284,0.0
SRR7449253,0.00023255167,0.0012638341,0.0016916066,0.99297386,0.0007333498,0.0019683307,0.0011364929,0.0
ERR1103228,0.0018980558,0.98295534,0.003079863,0.0033205585,0.0017705733,0.0011426249,0.0058330595,0.0
ERR444750,0.0002583244,0.0012387849,0.001717591,0.9923576,0.0009020677,0.002311026,0.0012145679,0.0
ERR1313412,0.00023287752,0.0012621015,0.0016892767,0.9929709,0.0007350113,0.00196939,0.0011404424,0.0
DRR068154,0.00024387696,0.0012153698,0.0016381097,0.9928382,0.000787217,0.0020273314,0.00124981,0.0
SRR6078466,0.0018980558,0.98295534,0.003079863,0.0033205585,0.0017705733,0.0011426249,0.0058330595,0.0
ERR3596486,0.00023237352,0.0012641037,0.0016921444,0.99297434,0.0007330831,0.0019683037,0.0011356914,0.0
SRR7081246,0.0018980558,0.98295534,0.003079863,0.0033205585,0.0017705733,0.0011426249,0.0058330595,0.0
SRR6444537,0.00025011928,0.0011923115,0.0015833552,0.99286115,0.00080462813,0.0019822198,0.0013261882,0.0
ERR2169011,0.0018980558,0.98295534,0.003079863,0.0033205585,0.0017705733,0.0011426249,0.0058330595,0.0
SRR5165825,0.00023258144,0.001263745,0.0016916663,0.9929739,0.0007333499,0.0019682415,0.001136493,0.0
SRR4434596,0.0018980558,0.98295534,0.003079863,0.0033205585,0.0017705733,0.0011426249,0.0058330595,0.0
SRR952757,0.007879335,0.007841948,0.9407302,0.006737949,0.009433328,6.168039e-05,0.027315583,0.0
SRR7453384,0.00023243293,0.0012641032,0.0016920547,0.9929741,0.0007330829,0.0019683328,0.0011358099,0.0
ERR1523259,0.007696748,0.0036548614,0.00072715885,0.009295021,0.0012554452,0.97234356,0.0050272867,0.0
ERR1383859,0.00023907577,0.0012341342,0.0016628526,0.99288636,0.00076544104,0.0020116214,0.0012004649,0.0
SRR3624381,0.0018980558,0.98295534,0.003079863,0.0033205585,0.0017705733,0.0011426249,0.0058330595,0.0
SRR632567,0.0018980558,0.98295534,0.003079863,0.0033205585,0.0017705733,0.0011426249,0.0058330595,0.0
SRR5306494,0.0018980558,0.98295534,0.003079863,0.0033205585,0.0017705733,0.0011426249,0.0058330595,0.0
ERR719859,0.00024695345,0.001210408,0.001669397,0.9927084,0.0008093875,0.0021112245,0.0012441659,0.0
ERR982859,0.0077013858,0.003655011,0.0007283076,0.009285644,0.0012567451,0.97234374,0.0050292355,0.0
ERR1313912,0.00023350003,0.0012591154,0.0016858404,0.99296534,0.0007376519,0.0019717515,0.0011467974,0.0
SRR1556895,0.0019015587,0.98294127,0.0030817227,0.0033241531,0.0017715136,0.0011428692,0.005836991,0.0
ERR1522701,0.0036884844,0.35064986,0.00049877167,0.0031919181,0.0019213855,0.4893391,0.0075450838,0.14316535
ERR1690459,0.0050000935,0.0036334568,0.009096714,0.0050869165,0.00084149075,0.00088847405,0.97545284,0.0
DRR042000,0.0002640466,0.0011749315,0.001691516,0.99243844,0.0008725225,0.0022047698,0.0013538076,0.0
SRR997053,0.0002323735,0.001264163,0.0016921443,0.9929743,0.0007330533,0.0019682439,0.0011356913,0.0
ERR1189766,0.0018980558,0.98295534,0.003079863,0.0033205585,0.0017705733,0.0011426249,0.0058330595,0.0
SRR6931873,0.0002323735,0.001264163,0.0016921443,0.9929743,0.0007330533,0.0019682439,0.0011356913,0.0
SRR5644015,0.00023513517,0.0012509311,0.0016877381,0.9929177,0.0007478518,0.0020036907,0.0011569959,0.0
ERR498576,0.0002324627,0.0012641033,0.0016921143,0.9929742,0.00073308294,0.0019682436,0.00113581,0.0
SRR7448579,0.00023243293,0.0012641032,0.0016921142,0.99297416,0.0007331126,0.0019682434,0.0011358397,0.0
ERR526033,0.0002323735,0.001264163,0.0016921443,0.9929743,0.0007330533,0.0019682439,0.0011356913,0.0
ERR1256086,0.0014682707,0.004398133,0.0015663577,0.062366724,0.0013286798,0.92430663,0.004565082,0.0
ERR308441,0.007761215,0.003662886,0.0007217358,0.0093662245,0.0012804405,0.972078,0.0051294933,0.0
ERR441796,0.00023243288,0.0012639541,0.0016918757,0.99297416,0.0007332314,0.0019682727,0.0011360775,0.0
ERR1897758,0.0018980558,0.98295534,0.003079863,0.0033205585,0.0017705733,0.0011426249,0.0058330595,0.0
ERR1548661,0.0050000935,0.0036334568,0.009096714,0.0050869165,0.00084149075,0.00088847405,0.97545284,0.0
SRR5196300,0.00023514827,0.0012579912,0.0017011587,0.99291754,0.0007440859,0.0020146598,0.0011294256,0.0
ERR1256543,0.0076970654,0.0036546248,0.00072718767,0.0092961,0.0012555908,0.9723419,0.005027577,0.0
SRR6932082,0.00023246265,0.0012639245,0.0016921139,0.99297327,0.00073329103,0.0019689274,0.0011360478,0.0
ERR1474565,0.00056482636,0.0015054127,0.0026042513,0.98639244,0.0020040139,0.0043413183,0.0025876728,0.0
ERR1760038,0.0002323735,0.001264163,0.0016921443,0.9929743,0.0007330533,0.0019682439,0.0011356913,0.0
SRR8609999,0.010094956,0.0079746265,0.008444099,0.0042717024,0.0053264354,0.0033613548,0.9605269,0.0
SRR5156123,0.00023329217,0.0012600097,0.0016858431,0.99297,0.00073682016,0.0019686017,0.001145431,0.0
ERR1309982,0.00023572329,0.0012497647,0.0016725794,0.99294657,0.00074735435,0.0019787075,0.0011692768,0.0
SRR1614681,0.0018980558,0.98295534,0.003079863,0.0033205585,0.0017705733,0.0011426249,0.0058330595,0.0
ERR430951,0.0018980558,0.98295534,0.003079863,0.0033205585,0.0017705733,0.0011426249,0.0058330595,0.0
ERR308702,0.007780398,0.0037069751,0.0007271553,0.009203107,0.0012726097,0.9721445,0.0051652393,0.0
ERR1308106,0.0002323735,0.001264163,0.0016921443,0.9929743,0.0007330533,0.0019682439,0.0011356913,0.0
SRR6670927,0.007696748,0.0036548614,0.00072715885,0.009295021,0.0012554452,0.97234356,0.0050272867,0.0
ERR498487,0.00023269975,0.0012631167,0.0016904717,0.992973,0.0007340617,0.0019682657,0.0011383637,0.0
ERR1548748,0.0025429153,0.037591342,0.078646705,0.035610422,0.8053833,0.0066043963,0.03362083,0.0
ERR1589335,0.007879335,0.007841948,0.9407302,0.006737949,0.009433328,6.168039e-05,0.027315583,0.0
SRR346874,0.00023764915,0.001240594,0.0016622056,0.9929313,0.00075545063,0.001982422,0.0011903575,0.0
SRR3210059,0.00023341109,0.0012596524,0.0016865565,0.992966,0.0007372364,0.0019712485,0.0011458768,0.0
ERR1328465,0.00023759638,0.0012400342,0.0016798314,0.99288887,0.0007584167,0.002015435,0.001179832,0.0
ERR499718,0.0002324627,0.0012641033,0.0016921143,0.9929742,0.00073308294,0.0019682436,0.00113581,0.0
DRR050928,0.0002324626,0.0012640135,0.001692054,0.99297374,0.00073320157,0.0019684806,0.0011360177,0.0
SRR7448937,0.00023243285,0.0012639243,0.0016918458,0.99297404,0.00073323137,0.0019682725,0.001136226,0.0
ERR579657,0.0011266745,0.0009055342,0.0038035284,0.27325985,0.0049955687,0.714939,0.00096975156,0.0
ERR430935,0.0018980558,0.98295534,0.003079863,0.0033205585,0.0017705733,0.0011426249,0.0058330595,0.0
ERR441373,0.00023243293,0.0012641627,0.0016920844,0.9929741,0.0007331126,0.0019682434,0.0011358099,0.0
ERR1558897,0.00023661506,0.0012444375,0.0016790002,0.9929141,0.0007528255,0.001998572,0.001174509,0.0
SRR2922943,0.0050001238,0.0036334274,0.009096804,0.0050867987,0.00084149087,0.00088847417,0.97545296,0.0
SRR5181103,0.0018980558,0.98295534,0.003079863,0.0033205585,0.0017705733,0.0011426249,0.0058330595,0.0
ERR1263605,0.0076928106,0.0036545054,0.0007271814,0.009322349,0.0012577181,0.9722971,0.0050483574,0.0
ERR2511132,0.00022913484,0.0012488042,0.0017395865,0.9927606,0.0007476108,0.0021452054,0.0011289866,0.0
ERR1905588,0.0050000935,0.0036334568,0.009096714,0.0050869165,0.00084149075,0.00088847405,0.97545284,0.0
SRR5181111,0.0018980558,0.98295534,0.003079863,0.0033205585,0.0017705733,0.0011426249,0.0058330595,0.0
SRR2168168,0.0018980558,0.98295534,0.003079863,0.0033205585,0.0017705733,0.0011426249,0.0058330595,0.0
SRR7902154,0.0012142956,0.3338362,0.10271329,0.0001257956,0.005829543,0.00019776821,0.24784416,0.30823898
SRR1461510,0.00024263615,0.0012179692,0.0016577361,0.99277776,0.00078956387,0.0020839702,0.001230342,0.0
SRR2046634,0.00030568123,0.0011239426,0.0016931226,0.9916697,0.00108286,0.0024979177,0.0016268019,0.0
SRR1950787,0.0002323735,0.001264163,0.0016921443,0.9929743,0.0007330533,0.0019682439,0.0011356913,0.0
DRR042886,0.00023275922,0.0012628192,0.0016905607,0.9929717,0.00073424005,0.001969366,0.0011386016,0.0
ERR1548832,0.0025429153,0.037591342,0.078646705,0.035610422,0.8053833,0.0066043963,0.03362083,0.0
SRR5488197,0.0018980558,0.98295534,0.003079863,0.0033205585,0.0017705733,0.0011426249,0.0058330595,0.0
ERR1677332,0.0050000935,0.0036334568,0.009096714,0.0050869165,0.00084149075,0.00088847405,0.97545284,0.0
SRR7741848,0.0018980558,0.98295534,0.003079863,0.0033205585,0.0017705733,0.0011426249,0.0058330595,0.0
ERR1298260,0.0050000935,0.0036334568,0.009096714,0.0050869165,0.00084149075,0.00088847405,0.97545284,0.0
SRR2761414,0.00023246267,0.0012640734,0.0016921142,0.992974,0.0007331126,0.001968422,0.0011358694,0.0
ERR1522326,0.007696864,0.0036550073,0.00072715874,0.009294786,0.0012555035,0.9723433,0.0050273156,0.0
ERR1384729,0.00023545943,0.0012496959,0.0016817086,0.9929235,0.0007487943,0.0019975977,0.0011632576,0.0
SRR5590690,0.0018980558,0.98295534,0.003079863,0.0033205585,0.0017705733,0.0011426249,0.0058330595,0.0
ERR1019820,0.00023255167,0.0012638341,0.0016916066,0.99297386,0.0007333498,0.001968301,0.0011364631,0.0
ERR537687,0.007697829,0.0036551235,0.000727305,0.009294198,0.0012554739,0.9723426,0.0050274315,0.0
ERR1331799,0.00023323343,0.00126046,0.0016878117,0.9929657,0.0007367035,0.001972326,0.0011437094,0.0
ERR2002096,0.00023246263,0.0012640137,0.0016919352,0.9929741,0.0007332017,0.001968243,0.0011360476,0.0
ERR1310070,0.00023249237,0.0012639541,0.0016919352,0.99297416,0.00073317194,0.001968243,0.0011360775,0.0
SRR1622871,0.0002325222,0.0012641033,0.0016920846,0.9929742,0.00073308294,0.0019682436,0.0011357804,0.0
SRR7902067,0.007879335,0.007841948,0.9407302,0.006737949,0.009433328,6.168039e-05,0.027315583,0.0
SRR5150262,0.0018980558,0.98295534,0.003079863,0.0033204993,0.0017705733,0.0011426249,0.0058330595,0.0
SRR4414827,0.007879335,0.007841948,0.9407302,0.006737949,0.009433328,6.168039e-05,0.027315583,0.0
ERR1691715,0.0050000935,0.0036334568,0.009096714,0.0050869165,0.00084149075,0.00088847405,0.97545284,0.0
ERR3344400,0.0018980558,0.98295534,0.003079863,0.0033205585,0.0017705733,0.0011426249,0.0058330595,0.0
ERR1548902,0.0025429153,0.037591342,0.078646705,0.035610422,0.8053833,0.0066043963,0.03362083,0.0
SRR2442987,0.0018980558,0.98295534,0.003079863,0.0033205585,0.0017705733,0.0011426249,0.0058330595,0.0
SRR943499,0.007879335,0.007841948,0.9407302,0.006737949,0.009433328,6.168039e-05,0.027315583,0.0
ERR441644,0.00023252217,0.0012641032,0.0016920844,0.9929741,0.0007331126,0.001968303,0.0011357802,0.0
ERR543734,0.007879335,0.007841948,0.9407302,0.006737949,0.009433328,6.168039e-05,0.027315583,0.0
SRR2897221,0.0076968065,0.0036549491,0.00072718813,0.009294875,0.0012554452,0.97234344,0.0050273747,0.0
ERR1109651,0.0002323735,0.001264163,0.0016921443,0.9929743,0.0007330533,0.0019682439,0.0011356913,0.0
SRR5467684,0.00023243295,0.0012640439,0.0016920548,0.99297404,0.0007332019,0.0019684222,0.00113581,0.0
ERR1677172,0.0050000935,0.0036334568,0.009096714,0.0050869165,0.00084149075,0.00088847405,0.97545284,0.0
ERR1582244,0.0018980558,0.98295534,0.003079863,0.0033205585,0.0017705733,0.0011426249,0.0058330595,0.0
SRR944530,0.007879335,0.007841948,0.9407302,0.006737949,0.009433328,6.168039e-05,0.027315583,0.0
ERR867033,0.00023302577,0.001261623,0.0016882024,0.9929715,0.0007353667,0.0019685829,0.0011417489,0.0
SRR5896019,0.0018980558,0.98295534,0.003079863,0.0033205585,0.0017705733,0.0011426249,0.0058330595,0.0
ERR309240,0.0076731634,0.0036580074,0.0007264818,0.009347288,0.0012568159,0.97228587,0.005052481,0.0
ERR1725428,0.0050000935,0.0036334568,0.009096714,0.0050869165,0.00084149075,0.00088847405,0.97545284,0.0
SRR2922960,0.0050000935,0.0036334568,0.009096714,0.0050869165,0.00084149075,0.00088847405,0.97545284,0.0
ERR543318,0.007879335,0.007841948,0.9407302,0.006737949,0.009433328,6.168039e-05,0.027315583,0.0
ERR501159,0.00023174952,0.0012611921,0.0017006566,0.99293697,0.0007357326,0.0019991854,0.0011345643,0.0
SRR5260380,0.0018980558,0.98295534,0.003079863,0.0033205585,0.0017705733,0.0011426249,0.0058330595,0.0
SRR388046,0.00023246267,0.0012640139,0.0016922331,0.9929732,0.00073326135,0.001968987,0.0011358397,0.0
DRR048005,0.00023278882,0.0012625507,0.0016903812,0.9929711,0.00073450734,0.001969692,0.0011389578,0.0
ERR442065,0.00023252206,0.0012640134,0.0016918754,0.9929739,0.00073323125,0.0019682425,0.0011361366,0.0
SRR943586,0.007879335,0.007841948,0.9407302,0.006737949,0.009433328,6.168039e-05,0.027315583,0.0
SRR5240846,0.0018980558,0.98295534,0.003079863,0.0033205585,0.0017705733,0.0011426249,0.0058330595,0.0
ERR2043001,0.007879335,0.007841948,0.9407302,0.006737949,0.009433328,6.168039e-05,0.027315583,0.0
DRR060294,0.00023551553,0.0012500348,0.0016740401,0.99294907,0.000746285,0.0019774619,0.0011676728,0.0
SRR5564351,0.007696748,0.0036548614,0.00072715885,0.009295021,0.0012554452,0.97234356,0.0050272867,0.0
ERR2836093,0.007697765,0.0036556483,0.0007270409,0.009293459,0.0012558538,0.97234184,0.005028424,0.0
ERR1263523,0.007696922,0.003654802,0.0007271587,0.009295283,0.0012554742,0.97234297,0.0050274027,0.0
ERR543188,0.007879335,0.007841948,0.9407302,0.006737949,0.009433328,6.168039e-05,0.027315583,0.0
ERR924253,0.0050000935,0.0036334568,0.009096714,0.0050869165,0.00084149075,0.00088847405,0.97545284,0.0
ERR2495577,0.0050000935,0.0036334568,0.009096714,0.0050869165,0.00084149075,0.00088847405,0.97545284,0.0
ERR1897763,0.005154488,0.1861627,0.00065577123,0.0009770882,0.004003109,0.78802764,0.015019136,0.0
ERR1428644,0.0050000935,0.0036334568,0.009096714,0.0050869165,0.00084149075,0.00088847405,0.97545284,0.0
SRR6057236,0.0018980558,0.98295534,0.003079863,0.0033205585,0.0017705733,0.0011426249,0.0058330595,0.0
SRR7449075,0.00023243295,0.0012640439,0.0016920548,0.9929743,0.0007331127,0.0019682436,0.0011358695,0.0
ERR2592252,0.8071537,0.01594395,0.04662582,0.0074883527,0.0006979648,0.05078829,0.07130187,0.0
ERR2560677,0.007754124,0.0036787973,0.00072511035,0.00921975,0.0012734681,0.97225237,0.0050964206,0.0
SRR1618225,0.00023272936,0.0012629672,0.0016901732,0.9929729,0.0007342397,0.001968324,0.0011386606,0.0
SRR6931286,0.00023863297,0.001237691,0.0016653447,0.9928826,0.00076530303,0.0020161704,0.0011942654,0.0
ERR2095568,0.00028461232,0.0011140158,0.0015432083,0.9922178,0.0009821578,0.0022365625,0.0016217107,0.0
ERR531929,0.00023441893,0.0012549042,0.0016805525,0.99295664,0.0007417763,0.0019753533,0.0011562704,0.0
ERR1905689,0.0050000935,0.0036334568,0.009096714,0.0050869165,0.00084149075,0.00088847405,0.97545284,0.0
SRR3741937,0.0018980558,0.98295534,0.003079863,0.0033205585,0.0017705733,0.0011426249,0.0058330595,0.0
SRR960727,0.007717874,0.0036623774,0.0007283633,0.009257489,0.0012555099,0.97233814,0.0050402866,0.0
SRR6932466,0.00023252217,0.0012639842,0.0016921439,0.9929732,0.00073326135,0.0019689575,0.0011359289,0.0
ERR2835923,0.0077424194,0.003749699,0.0007136594,0.009201719,0.0012958213,0.9722036,0.005093111,0.0
ERR501008,0.00023246267,0.0012641032,0.0016920547,0.99297416,0.0007331721,0.0019682434,0.0011357504,0.0
SRR5431465,0.0002324627,0.0012641033,0.0016921143,0.9929742,0.00073308294,0.0019682436,0.00113581,0.0
SRR3037284,0.00023317321,0.001257541,0.0016903646,0.99294454,0.0007391701,0.0019891856,0.0011459963,0.0
SRR6679586,0.007882815,0.008471799,0.9403095,0.006461225,0.010019084,6.193888e-05,0.026793666,0.0
ERR487195,0.0077046007,0.0036548674,0.000725971,0.009307993,0.0012593417,0.9723075,0.0050397683,0.0
ERR1428545,0.0050000935,0.0036334568,0.009096714,0.0050869165,0.00084149075,0.00088847405,0.97545284,0.0
SRR596235,0.007879335,0.007841948,0.9407302,0.006737949,0.009433328,6.168039e-05,0.027315583,0.0
SRR2168033,0.0018980558,0.98295534,0.003079863,0.0033205585,0.0017705733,0.0011426249,0.0058330595,0.0
SRR6207095,0.0018980558,0.98295534,0.003079863,0.0033205585,0.0017705733,0.0011426249,0.0058330595,0.0
SRR5179759,0.0018980558,0.98295534,0.003079863,0.0033205585,0.0017705733,0.0011426249,0.0058330595,0.0
SRR997011,0.0002323735,0.001264163,0.0016921443,0.9929743,0.0007330533,0.0019682439,0.0011356913,0.0
ERR1678312,0.0050000935,0.0036334568,0.009096714,0.0050869165,0.00084149075,0.00088847405,0.97545284,0.0
ERR1135248,0.007698613,0.0036545056,0.00072718726,0.009293165,0.001256293,0.9723391,0.005031001,0.0
SRR2163501,0.00023702443,0.001249584,0.0017141138,0.9928579,0.000754623,0.0020527244,0.001134106,0.0
ERR1226202,0.0050000935,0.0036334568,0.009096714,0.0050869165,0.00084149075,0.00088847405,0.97545284,0.0
DRR048082,0.00023899149,0.0012353793,0.0016821908,0.99286604,0.0007639102,0.0020243041,0.0011891574,0.0
SRR1923218,0.007879335,0.007841948,0.9407302,0.006737949,0.009433328,6.168039e-05,0.027315583,0.0
ERR441031,0.00023246267,0.0012641032,0.0016921142,0.9929741,0.00073314237,0.0019682434,0.0011357802,0.0
SRR2168052,0.0018980558,0.98295534,0.003079863,0.0033205585,0.0017705733,0.0011426249,0.0058330595,0.0
SRR5178095,0.0002323735,0.001264163,0.0016921443,0.9929743,0.0007330533,0.0019682439,0.0011356913,0.0
ERR308688,0.0077447286,0.0036769784,0.00072917476,0.009233187,0.0012602105,0.97226757,0.0050881435,0.0
ERR982921,0.80765927,0.014451781,0.046980582,0.0078283055,0.00069069356,0.05180285,0.07058663,0.0
ERR756876,0.0077712876,0.0035390777,0.00072634086,0.009714542,0.0012759797,0.97196734,0.0050053475,0.0
ERR1313867,0.00023249222,0.0012638641,0.0016916962,0.9929739,0.00073335,0.0019682716,0.0011364039,0.0
ERR1383992,0.00023284812,0.0012626388,0.0016898741,0.99297243,0.0007344175,0.0019684709,0.0011393138,0.0
ERR1383588,0.00023729584,0.0012415051,0.0016695776,0.9929152,0.0007558786,0.0019968483,0.0011837725,0.0
DRR042925,0.00023252214,0.0012640435,0.0016920544,0.992974,0.00073314225,0.0019683326,0.0011358693,0.0
SRR7448975,0.00023803682,0.0012421757,0.0016667634,0.99291724,0.00075628667,0.0019883793,0.0011911656,0.0
ERR443472,0.00024706067,0.0012309011,0.0017139871,0.9925826,0.0008053119,0.0021693807,0.001250741,0.0
SRR6670958,0.0076967487,0.0036548618,0.00072712963,0.009294963,0.0012554453,0.9723435,0.0050272876,0.0
ERR1428514,0.0050000944,0.0036334572,0.009096716,0.005086917,0.00084149087,0.0008883852,0.97545296,0.0
DRR029182,0.00025316095,0.0011984697,0.0017035721,0.9926071,0.00082467654,0.002143451,0.0012695225,0.0
SRR2010518,0.0002325222,0.0012641033,0.0016921441,0.99297404,0.0007331127,0.001968333,0.0011357209,0.0
SRR6394217,0.0002323735,0.001264163,0.0016921443,0.9929743,0.0007330533,0.0019682439,0.0011356913,0.0
SRR5916564,0.0018980558,0.98295534,0.003079863,0.0033205585,0.0017705733,0.0011426249,0.0058330595,0.0
ERR1428403,0.0050000935,0.0036334568,0.009096714,0.0050869165,0.00084149075,0.00088847405,0.97545284,0.0
SRR2153693,0.0018980558,0.98295534,0.003079863,0.0033205585,0.0017705733,0.0011426249,0.0058330595,0.0
ERR1314862,0.00023264038,0.0012630876,0.001690532,0.99297345,0.0007339431,0.0019682369,0.0011381264,0.0
SRR6764765,0.0050000935,0.0036334568,0.009096714,0.0050869165,0.00084149075,0.00088847405,0.97545284,0.0
SRR2980298,0.0002266964,0.6359183,0.0038497797,0.3504923,0.00777613,0.0015101013,0.00022666741,0.0
SRR5180393,0.0018980558,0.98295534,0.003079863,0.0033205585,0.0017705733,0.0011426249,0.0058330595,0.0
ERR1811341,0.00023246267,0.0012641032,0.0016920844,0.9929741,0.0007331721,0.0019682434,0.0011358099,0.0
ERR1960800,0.0002323735,0.001264163,0.0016921443,0.9929743,0.0007330533,0.0019682439,0.0011356913,0.0
ERR2739136,0.00023252217,0.0012641627,0.0016920844,0.9929741,0.00073305314,0.0019682434,0.0011357802,0.0
ERR1689793,0.0050000935,0.0036334568,0.009096714,0.0050869165,0.00084149075,0.00088847405,0.97545284,0.0
SRR5915115,0.0018980558,0.98295534,0.003079863,0.0033204993,0.0017705733,0.0011426249,0.0058330595,0.0
SRR5712920,0.0017702281,0.16290519,0.21379474,0.00023922324,0.002927512,0.00018119812,0.26555014,0.3526318
SRR831145,0.0018980558,0.98295534,0.003079863,0.0033205585,0.0017705733,0.0011426249,0.0058330595,0.0
ERR719845,0.00023391635,0.0012564972,0.0016869105,0.9929474,0.00074107223,0.0019843923,0.0011497417,0.0
ERR2777834,0.00770302,0.0044574523,0.0006581707,0.008626843,0.0015029632,0.97201794,0.005033575,0.0
SRR5327682,0.0018396378,0.005215585,0.004911542,0.13978449,0.0031171143,0.0023627281,0.6266111,0.2161578
SRR6931721,0.00023655337,0.001245705,0.0016681876,0.992934,0.0007520452,0.0019850496,0.001178454,0.0
SRR5240881,0.0018980558,0.98295534,0.003079863,0.0033205585,0.0017705733,0.0011426249,0.0058330595,0.0
SRR6931831,0.00024233253,0.0012211204,0.0016380347,0.9928782,0.00077758764,0.002004359,0.0012383704,0.0
ERR209528,0.0002445609,0.0012202167,0.0016982736,0.99271756,0.0007968605,0.0021180308,0.0012044818,0.0
SRR8356272,0.00025370298,0.0011934747,0.0016941887,0.99257165,0.0008384988,0.0021799125,0.0012685447,0.0
SRR4414625,0.007879335,0.007841948,0.9407302,0.006737949,0.009433328,6.168039e-05,0.027315583,0.0
ERR1691139,0.0050000935,0.0036334568,0.009096714,0.0050869165,0.00084149075,0.00088847405,0.97545284,0.0
SRR3624223,0.0018980558,0.98295534,0.003079863,0.0033205585,0.0017705733,0.0011426249,0.0058330595,0.0
ERR1385461,0.00023723596,0.0012419195,0.0016682066,0.9929199,0.0007552824,0.001993484,0.0011839787,0.0
ERR1582102,0.0018980558,0.98295534,0.003079863,0.0033205585,0.0017705733,0.0011426249,0.0058330595,0.0
SRR6932419,0.0002323735,0.001264163,0.0016921443,0.9929743,0.0007330533,0.0019682439,0.0011356913,0.0
SRR1950775,0.0002323735,0.001264163,0.0016921443,0.9929743,0.0007330533,0.0019682439,0.0011356913,0.0
SRR4414198,0.007879335,0.007841948,0.9407302,0.006737949,0.009433328,6.168039e-05,0.027315583,0.0
ERR1523379,0.0037541091,0.3544431,0.0005028546,0.0031060576,0.0019237697,0.48770922,0.0076803267,0.14088058
SRR5431567,0.00025232066,0.0011976905,0.0016406792,0.99263424,0.0008401767,0.0021385695,0.0012962811,0.0
SRR6398187,0.001898406,0.98295385,0.0030800046,0.0033208765,0.0017707174,0.0011426817,0.0058334614,0.0
ERR1689375,0.0050000935,0.0036334568,0.009096714,0.0050869165,0.00084149075,0.00088847405,0.97545284,0.0
SRR942592,0.007879335,0.007841948,0.9407302,0.006737949,0.009433328,6.168039e-05,0.027315583,0.0
ERR1523365,0.007696748,0.0036548614,0.00072715885,0.009295021,0.0012554452,0.97234356,0.0050272867,0.0
ERR1447832,0.007879335,0.007841948,0.9407302,0.006737949,0.009433328,6.168039e-05,0.027315583,0.0
ERR499257,0.00023278872,0.0012626988,0.0016898152,0.9929729,0.00073435827,0.0019682336,0.0011391655,0.0
ERR499502,0.00023438937,0.0012552324,0.0016807324,0.9929569,0.0007416579,0.0019752658,0.0011557656,0.0
SRR3214688,0.00023424254,0.0012552723,0.0016876172,0.9929454,0.00074169366,0.0019839972,0.0011517594,0.0
SRR5468039,0.0002324627,0.0012641033,0.0016920846,0.99297404,0.0007331424,0.0019683626,0.0011358398,0.0
SRR2549666,0.0018980558,0.98295534,0.003079863,0.0033205585,0.0017705733,0.0011426249,0.0058330595,0.0
SRR8605564,0.0050000935,0.0036334568,0.009096714,0.0050869165,0.00084149075,0.00088847405,0.97545284,0.0
ERR1522390,0.007696748,0.0036548614,0.00072715885,0.009295021,0.0012554452,0.97234356,0.0050272867,0.0
SRR1023731,0.0050000935,0.0036334568,0.009096714,0.0050869165,0.00084149075,0.00088847405,0.97545284,0.0
SRR5588401,0.0012142956,0.3338362,0.10271329,0.0001257956,0.005829543,0.00019776821,0.24784416,0.30823898
ERR1905696,0.0050000935,0.0036334568,0.009096714,0.0050869165,0.00084149075,0.00088847405,0.97545284,0.0
SRR6028660,0.00024227092,0.0012222101,0.0016315366,0.9929078,0.0007736847,0.0019828384,0.0012396978,0.0
ERR1331865,0.00023928589,0.0012331923,0.0016687253,0.99286944,0.0007673507,0.0020235644,0.0011984222,0.0
ERR2002331,0.00023347033,0.0012596512,0.0016852459,0.9929693,0.0007371166,0.0019688667,0.0011463813,0.0
ERR1383870,0.00024356593,0.0011525139,0.0018768169,0.9911749,0.00092768605,0.0034045097,0.0012200901,0.0
SRR5180858,0.0018980558,0.98295534,0.003079863,0.0033205585,0.0017705733,0.0011426249,0.0058330595,0.0
DRR068316,0.0002332333,0.001260489,0.001687186,0.9929688,0.0007363461,0.0019700346,0.0011439467,0.0
SRR2239573,0.0018980558,0.98295534,0.003079863,0.0033205585,0.0017705733,0.0011426249,0.0058330595,0.0
ERR2263527,0.0077592744,0.003689967,0.00072137074,0.009302847,0.0012820789,0.972096,0.0051484937,0.0
ERR1135764,0.00769745,0.0036544509,0.0007272173,0.009295928,0.0012556207,0.972342,0.0050273743,0.0
SRR6172338,0.0018980558,0.98295534,0.003079863,0.0033204993,0.0017705733,0.0011426249,0.0058330595,0.0
ERR443032,0.0002323735,0.0012641035,0.001692174,0.9929743,0.00073308306,0.0019682439,0.0011356913,0.0
ERR1384454,0.00023394509,0.0012569381,0.0016846128,0.99295664,0.0007399685,0.0019770963,0.0011507778,0.0
SRR5415592,0.00023468595,0.0012532646,0.0016808155,0.99295,0.0007432614,0.0019791848,0.0011587656,0.0
SRR5155912,0.0002323735,0.001264163,0.0016921443,0.9929743,0.0007330533,0.0019682439,0.0011356913,0.0
SRR6746028,0.0018980558,0.98295534,0.003079863,0.0033205585,0.0017705733,0.0011426249,0.0058330595,0.0
SRR2168016,0.0018980558,0.98295534,0.003079863,0.0033205585,0.0017705733,0.0011426249,0.0058330595,0.0
DRR044352,0.00023489598,0.0012540774,0.0016885026,0.9929348,0.0007439513,0.0019875288,0.001156276,0.0
ERR543583,0.007879335,0.007841948,0.9407302,0.006737949,0.009433328,6.168039e-05,0.027315583,0.0
ERR1382910,0.00024241931,0.0012214353,0.0016318022,0.99290276,0.0007746354,0.001985929,0.0012410048,0.0
ERR2511934,0.00026833412,0.0011368674,0.0015314904,0.99257654,0.0008931192,0.0020831719,0.0015105017,0.0
SRR6264328,0.0002367608,0.001217236,0.0017180921,0.9925588,0.00078972813,0.0022772164,0.0012022153,0.0
ERR986286,0.007697693,0.0036544844,0.0007273939,0.009294503,0.00125571,0.97234267,0.005027556,0.0
SRR8609493,0.0050000935,0.0036334568,0.009096714,0.0050869165,0.00084149075,0.00088847405,0.97545284,0.0
SRR2658806,8.880173e-05,0.00482592,0.004183978,0.8119689,0.00057670474,0.08674449,0.0012474954,0.09036374
ERR500394,0.00023246267,0.0012641032,0.0016920547,0.99297416,0.00073314237,0.0019682434,0.0011358397,0.0
SRR028748,0.0018980558,0.98295534,0.003079863,0.0033205585,0.0017705733,0.0011426249,0.0058330595,0.0
SRR3589574,0.0018980558,0.98295534,0.003079863,0.0033205585,0.0017705733,0.0011426249,0.0058330595,0.0
SRR995082,0.0002323735,0.001264163,0.0016921443,0.9929743,0.0007330533,0.0019682439,0.0011356913,0.0
ERR451310,0.0002323735,0.001264163,0.0016921443,0.9929743,0.0007330533,0.0019682439,0.0011356913,0.0
ERR441818,0.0002325222,0.0012641033,0.0016920846,0.9929742,0.00073308294,0.0019682436,0.0011357804,0.0
SRR5942125,0.00023246267,0.0012641032,0.0016922033,0.992974,0.0007331126,0.0019683624,0.0011357802,0.0
ERR756380,0.0077105225,0.0036361546,0.0007275531,0.00935905,0.0012591669,0.9722841,0.005023429,0.0
SRR7448735,0.00023255177,0.0012639537,0.0016921131,0.99297273,0.00073340966,0.0019687181,0.0011365232,0.0
ERR1382481,0.00023811474,0.0012450976,0.001691611,0.99283594,0.0007673214,0.0020564427,0.0011654979,0.0
SRR7584885,0.007697324,0.0036538315,0.0007270993,0.0093011595,0.0012559121,0.9723377,0.0050269873,0.0
SRR5983381,0.00023477546,0.0012528199,0.0016813827,0.9929454,0.0007439464,0.0019829054,0.0011587372,0.0
SRR6412016,0.00023246267,0.0012640734,0.0016919952,0.99297416,0.0007331126,0.0019682732,0.0011359289,0.0
SRR8609819,0.0050000935,0.0036334568,0.009096714,0.0050869165,0.00084149075,0.00088847405,0.97545284,0.0
ERR1110189,0.0018980558,0.98295534,0.003079863,0.0033205585,0.0017705733,0.0011426249,0.0058330595,0.0
SRR6408607,0.00023278869,0.0012624607,0.0016902315,0.9929711,0.00073459616,0.0019695126,0.0011393141,0.0
SRR5568782,0.0018980558,0.98295534,0.003079863,0.0033205585,0.0017705733,0.0011426249,0.0058330595,0.0
SRR823282,0.00023302574,0.0012612361,0.0016885294,0.9929689,0.00073569384,0.0019705757,0.0011421057,0.0
SRR1503453,0.0018980558,0.98295534,0.003079863,0.0033205585,0.0017705733,0.0011426249,0.0058330595,0.0
ERR2531911,0.00023628888,0.0012466141,0.001681149,0.99291897,0.00075089536,0.0019949812,0.0011710636,0.0
ERR1385278,0.00023370927,0.0012578121,0.0016881085,0.99294823,0.00074039167,0.0019846698,0.0011470702,0.0
SRR1067998,0.0018980558,0.98295534,0.003079863,0.0033205585,0.0017705733,0.0011426249,0.0058330595,0.0
SRR1630938,0.0002323735,0.001264163,0.0016921443,0.9929743,0.0007330533,0.0019682439,0.0011356913,0.0
SRR1787927,0.007879335,0.007841948,0.9407302,0.006737949,0.009433328,6.168039e-05,0.027315583,0.0
SRR6287243,0.0018980558,0.98295534,0.003079863,0.0033205585,0.0017705733,0.0011426249,0.0058330595,0.0
DRR088609,0.0018980558,0.98295534,0.003079863,0.0033205585,0.0017705733,0.0011426249,0.0058330595,0.0
ERR1398156,0.0002278739,0.0011726241,0.0018857226,0.9916911,0.0008457599,0.0030329744,0.0011438907,0.0
SRR957761,0.0002323735,0.001264163,0.0016921443,0.9929743,0.0007330533,0.0019682439,0.0011356913,0.0
ERR441836,0.0002324627,0.0012641033,0.0016921143,0.9929742,0.00073308294,0.0019682436,0.0011357209,0.0
ERR2198042,0.00023255167,0.0012637449,0.0016915471,0.9929739,0.00073337957,0.001968301,0.0011365226,0.0
SRR5525194,0.00023323327,0.001260697,0.0016872155,0.99296933,0.0007362271,0.0019695286,0.0011437086,0.0
ERR1384154,0.00024873158,0.0012028222,0.0016736663,0.99268943,0.0008132032,0.002115155,0.0012569822,0.0
SRR6264077,9.8084616e-05,0.004703731,0.004155696,0.79989946,0.0006155372,0.094704635,0.0011905135,0.094632395
SRR6411884,0.0002324329,0.0012640435,0.0016920246,0.99297416,0.00073314225,0.0019682432,0.0011358693,0.0
ERR209086,0.00023504127,0.0012523934,0.0016762529,0.99295515,0.0007439999,0.0019746204,0.0011625946,0.0
ERR1384364,0.00023584423,0.001247455,0.001679851,0.9929226,0.00074991863,0.00199663,0.0011677695,0.0
ERR1109412,0.0002325222,0.0012641033,0.0016921143,0.9929742,0.0007330532,0.0019682436,0.0011356911,0.0
ERR532065,0.00023442112,0.0012539047,0.0016873502,0.9929375,0.00074335973,0.0019901255,0.0011532472,0.0
ERR840854,0.0028935343,0.0053162044,0.00083081936,0.02839516,0.0011927718,0.95353806,0.007833393,0.0
ERR765850,0.0050000935,0.0036334568,0.009096714,0.0050869165,0.00084149075,0.00088847405,0.97545284,0.0
SRR7902121,0.0050000935,0.0036334568,0.009096714,0.0050869165,0.00084149075,0.00088847405,0.97545284,0.0
SRR6511236,0.0018980844,0.982955,0.0030799205,0.0033206157,0.0017706314,0.0011426244,0.005833145,0.0
SRR5468055,0.0002325223,0.0012639553,0.0016923234,0.99297285,0.00073329156,0.0019694346,0.0011356917,0.0
SRR3951062,0.00023270014,0.0012625239,0.0016918725,0.9929675,0.0007346578,0.00197285,0.0011379195,0.0
SRR5178576,0.0018987267,0.9829524,0.0030802642,0.0033211943,0.001770832,0.0011427975,0.005833775,0.0
SRR5868735,0.00023243282,0.0012639539,0.0016918754,0.992974,0.00073323125,0.0019683319,0.0011361664,0.0
ERR499503,0.00024372568,0.001216368,0.0016302705,0.99286413,0.00078411563,0.002009049,0.001252295,0.0
SRR7741829,0.0018980558,0.98295534,0.003079863,0.0033205585,0.0017705733,0.0011426249,0.0058330595,0.0
SRR3053544,0.00023613853,0.0012466948,0.0016732849,0.99293506,0.0007498194,0.0019854493,0.0011735243,0.0
ERR792537,0.0018980558,0.98295534,0.003079863,0.0033205585,0.0017705733,0.0011426249,0.0058330595,0.0
ERR765686,0.0050000935,0.0036334568,0.009096714,0.0050869165,0.00084149075,0.00088847405,0.97545284,0.0
SRR3201943,0.00023237347,0.0012641033,0.0016921441,0.9929742,0.0007330532,0.0019682436,0.00113581,0.0
SRR5465781,0.001898144,0.98295516,0.0030798626,0.0033205284,0.0017706616,0.0011427427,0.0058329115,0.0
ERR1382832,0.00023551553,0.0012497671,0.001674397,0.99294597,0.0007467312,0.0019796034,0.0011679404,0.0
ERR3610825,0.004742603,0.0029348426,0.0010226208,0.033787794,0.0022397835,0.95005363,0.0052187038,0.0
ERR1522733,0.011379925,0.9021861,0.0014674449,0.0006100623,0.005242686,0.07503448,0.0040792874,0.0
SRR4414726,0.007879335,0.007841948,0.9407302,0.006737949,0.009433328,6.168039e-05,0.027315583,0.0
ERR2511146,0.0002468342,0.0012041643,0.0016090914,0.99285406,0.000795282,0.002002688,0.0012879096,0.0
ERR1366571,0.0076974225,0.0036552425,0.0007272468,0.0092940265,0.0012555039,0.97234225,0.005028342,0.0
ERR986447,0.00769804,0.0036546132,0.0007276305,0.009290696,0.0012560069,0.97234434,0.005028714,0.0
SRR1583221,0.0018980558,0.98295534,0.003079863,0.0033205585,0.0017705733,0.0011426249,0.0058330595,0.0
ERR1533803,0.0076802005,0.0036594586,0.00072684226,0.009323006,0.00125648,0.9723187,0.0050352337,0.0
SRR1964416,0.0018980558,0.98295534,0.003079863,0.0033205585,0.0017705733,0.0011426249,0.0058330595,0.0
DRR047859,0.00023335185,0.0012601297,0.0016865286,0.9929683,0.000736791,0.0019698823,0.0011450155,0.0
SRR8512730,0.0011626296,0.0012211397,0.0035881547,0.20641169,0.004584461,0.7818619,0.0011699692,0.0
ERR309315,0.0073724594,0.0035905698,0.00071927934,0.010760319,0.001305683,0.9707833,0.005468397,0.0
SRR6745852,0.0018980558,0.98295534,0.003079863,0.0033205585,0.0017705733,0.0011426249,0.0058330595,0.0
ERR1366509,0.0076976265,0.003655242,0.0007272174,0.0092934985,0.0012554744,0.9723425,0.0050283414,0.0
SRR5915840,0.0018980558,0.98295534,0.003079863,0.0033205585,0.0017705733,0.0011426249,0.0058330595,0.0
SRR3503240,0.00023237347,0.0012641033,0.0016921441,0.9929742,0.00073308294,0.0019682436,0.0011357804,0.0
SRR3110005,0.0018979969,0.98295534,0.003079863,0.0033204993,0.0017706323,0.0011426249,0.0058330595,0.0
SRR1747585,0.0018980558,0.98295534,0.003079863,0.0033205585,0.0017705733,0.0011426249,0.0058330595,0.0
SRR943281,0.007879335,0.007841948,0.9407302,0.006737949,0.009433328,6.168039e-05,0.027315583,0.0
ERR1691059,0.0050000935,0.0036334568,0.009096714,0.0050869165,0.00084149075,0.00088847405,0.97545284,0.0
ERR719608,0.00023332238,0.0012595066,0.0016878989,0.9929619,0.0007374463,0.001974971,0.0011448681,0.0
SRR6054703,0.00025667626,0.0011711598,0.0015888534,0.99268675,0.0008445458,0.0020736302,0.0013784454,0.0
ERR2511030,0.00023385574,0.0012582164,0.0016833033,0.99296665,0.0007385404,0.0019696294,0.0011498254,0.0
SRR2034584,0.007879335,0.007841948,0.9407302,0.006737949,0.009433328,6.168039e-05,0.027315583,0.0
ERR2495361,0.0050000935,0.0036334568,0.009096714,0.0050869165,0.00084149075,0.00088847405,0.97545284,0.0
ERR720235,0.00023459773,0.0012535972,0.001681834,0.9929449,0.0007437703,0.0019839823,0.0011573428,0.0
ERR532073,0.00023504591,0.0012522397,0.0016858045,0.99292123,0.0007476138,0.0020011324,0.0011568471,0.0
SRR346822,0.00023350255,0.0012583259,0.0016940387,0.99294615,0.0007389092,0.0019865267,0.0011424967,0.0
DRR047720,0.00023326307,0.0012601322,0.0016879595,0.99296534,0.00073682214,0.0019724441,0.0011440658,0.0
ERR1521869,0.007713499,0.0036759526,0.0007242132,0.009266837,0.0012647005,0.97230643,0.0050483756,0.0
SRR8605476,0.0050000935,0.0036334568,0.009096714,0.0050869165,0.00084149075,0.00088847405,0.97545284,0.0
ERR1583107,0.0018980558,0.98295534,0.003079863,0.0033205585,0.0017705733,0.0011426249,0.0058330595,0.0
SRR2923097,0.0050000935,0.0036334568,0.009096714,0.0050869165,0.00084149075,0.00088847405,0.97545284,0.0
DRR018787,0.00024543336,0.0012119685,0.0016738365,0.99275446,0.0007959334,0.002080711,0.0012376956,0.0
ERR756728,0.0076980223,0.0036534485,0.0007271282,0.00929972,0.0012559114,0.9723383,0.0050273947,0.0
ERR308895,0.0076968945,0.0036548907,0.00072718813,0.009294699,0.0012555037,0.97234344,0.005027404,0.0
ERR1523273,0.0019193764,0.0022576395,0.0022559538,0.08003332,0.0024931864,0.9087987,0.0022418106,0.0
ERR2002108,0.00023252217,0.0012641032,0.0016921439,0.9929741,0.00073314237,0.0019682434,0.0011357208,0.0
SRR3233405,0.0018980558,0.98295534,0.003079863,0.0033205585,0.0017705733,0.0011426249,0.0058330595,0.0
ERR2739403,0.00023904134,0.001236073,0.0016492871,0.9929383,0.000759418,0.001972946,0.0012050514,0.0
ERR487709,0.007696748,0.0036548614,0.00072715885,0.009295021,0.0012554452,0.97234356,0.0050272867,0.0
ERR1593547,0.007879335,0.007841948,0.9407302,0.006737949,0.009433328,6.168039e-05,0.027315583,0.0
ERR2511029,0.00023287737,0.0012620115,0.0016889187,0.9929716,0.0007350406,0.0019687642,0.0011407095,0.0
SRR3201927,0.00023249212,0.0012637149,0.001691517,0.9929736,0.0007334389,0.0019684194,0.0011367305,0.0
SRR6038198,0.00023486333,0.0012537347,0.0016766137,0.99296075,0.00074269285,0.001970758,0.0011605151,0.0
SRR5175938,0.0018980558,0.98295534,0.003079863,0.0033205585,0.0017705733,0.0011426249,0.0058330595,0.0
ERR1315645,0.00023424196,0.0012555071,0.0016834784,0.99294984,0.00074195955,0.0019814936,0.0011535413,0.0
ERR1677082,0.0050000935,0.0036334568,0.009096714,0.0050869165,0.00084149075,0.00088847405,0.97545284,0.0
ERR1314240,0.00023252214,0.0012640733,0.0016920841,0.99297404,0.0007331125,0.0019682432,0.0011358991,0.0
ERR450767,0.00023252217,0.0012641032,0.0016921439,0.9929741,0.00073314237,0.0019682434,0.0011357208,0.0
ERR1582712,0.0018980558,0.98295534,0.003079863,0.0033205585,0.0017705733,0.0011426249,0.0058330595,0.0
SRR980759,0.063533045,0.003478906,0.8856325,0.0012681155,0.036036957,0.00049267046,0.009557734,0.0
SRR2924481,0.00024001945,0.0012309696,0.0016459029,0.99291927,0.0007650285,0.0019831494,0.0012156523,0.0
ERR2730308,0.00023355955,0.0012590858,0.0016858407,0.9929627,0.00073812786,0.0019736257,0.0011470355,0.0
ERR1582587,0.0018980558,0.98295534,0.003079863,0.0033205585,0.0017705733,0.0011426249,0.0058330595,0.0
SRR1221289,0.007879335,0.007841948,0.9407302,0.006737949,0.009433328,6.168039e-05,0.027315583,0.0
ERR1913206,0.00023352941,0.0012590243,0.001684648,0.99296767,0.0007377697,0.001969815,0.001147569,0.0
ERR2059973,0.002463134,0.025646504,0.0036297317,0.009441893,0.008296646,0.13036901,0.820153,0.0
ERR2187963,0.0025429153,0.037591342,0.078646705,0.035610422,0.8053833,0.0066043963,0.03362083,0.0
SRR2037067,0.007879335,0.007841948,0.9407302,0.006737949,0.009433328,6.168039e-05,0.027315583,0.0
SRR3095015,0.0002324627,0.0012641033,0.0016921143,0.9929742,0.00073308294,0.0019682436,0.00113581,0.0
ERR209121,0.00017738342,0.0023620129,0.0035695136,0.87404734,0.0011684,0.09090233,0.0011744201,0.026598573
SRR6004989,0.0018980558,0.98295534,0.003079863,0.0033205585,0.0017705733,0.0011426249,0.0058330595,0.0
SRR5165944,0.0002334705,0.0012598007,0.0016858123,0.9929689,0.0007369684,0.0019692548,0.0011457575,0.0
ERR2538474,0.0002324627,0.0012641033,0.0016921143,0.9929742,0.00073308294,0.0019682436,0.0011357804,0.0
SRR1980801,0.0018980558,0.98295534,0.003079863,0.0033205585,0.0017705733,0.0011426249,0.0058330595,0.0
SRR6931947,0.0002323735,0.001264163,0.0016921443,0.9929743,0.0007330533,0.0019682439,0.0011356913,0.0
ERR1523085,0.0076968074,0.0036551547,0.000727071,0.009294554,0.0012555332,0.9723435,0.005027346,0.0
ERR442022,0.00024751868,0.001201282,0.0016157858,0.99281955,0.0008007555,0.0020245798,0.001290529,0.0
SRR2923800,0.00025731762,0.001173259,0.001652031,0.9924453,0.0008619382,0.0022671786,0.0013429702,0.0
SRR7449513,0.00023275922,0.0012627299,0.0016907094,0.9929714,0.00073429954,0.0019695743,0.0011385124,0.0
SRR1631271,0.0002323735,0.001264163,0.0016921443,0.9929743,0.0007330533,0.0019682439,0.0011356913,0.0
SRR1948817,0.0002323735,0.001264163,0.0016921443,0.9929743,0.0007330533,0.0019682439,0.0011356913,0.0
ERR2043338,0.007879335,0.007841948,0.9407302,0.006737949,0.009433328,6.168039e-05,0.027315583,0.0
SRR5431314,0.0002323735,0.001264163,0.0016921443,0.9929743,0.0007330533,0.0019682439,0.0011356913,0.0
SRR1980919,0.0018980551,0.9829551,0.0030799208,0.0033205277,0.0017706316,0.0011426834,0.0058331164,0.0
SRR6038428,0.0002445237,0.0012131612,0.0016211071,0.99287283,0.0007858841,0.0019991046,0.0012634221,0.0
ERR2662932,0.00023466254,0.0012539232,0.0016991246,0.99291927,0.00074399536,0.0020028264,0.0011462145,0.0
ERR538841,0.007879335,0.007841948,0.9407302,0.006737949,0.009433328,6.168039e-05,0.027315583,0.0
SRR1027971,0.007879335,0.007841948,0.9407302,0.006737949,0.009433328,6.168039e-05,0.027315583,0.0
ERR1690452,0.0050000935,0.0036334568,0.009096714,0.0050869165,0.00084149075,0.00088847405,0.97545284,0.0
SRR1980825,0.0018980558,0.98295534,0.003079863,0.0033205585,0.0017705733,0.0011426249,0.0058330595,0.0
SRR1747665,0.0018980558,0.98295534,0.003079863,0.0033205585,0.0017705733,0.0011426249,0.0058330595,0.0
SRR5486566,0.0018981134,0.98295474,0.0030799492,0.003320615,0.00177069,0.0011427125,0.005833173,0.0
ERR1523205,0.007696748,0.0036548614,0.00072715885,0.009295021,0.0012554452,0.97234356,0.0050272867,0.0
ERR1523193,0.006749358,0.0060561374,0.0006015768,0.008216977,0.0017114157,0.9717442,0.0049203825,0.0
SRR6447894,0.0018980558,0.98295534,0.003079863,0.0033205585,0.0017705733,0.0011426249,0.0058330595,0.0
SRR1602692,0.0018980558,0.98295534,0.003079863,0.0033205585,0.0017705733,0.0011426249,0.0058330595,0.0
SRR2130160,0.0018980558,0.98295534,0.003079863,0.0033205585,0.0017705733,0.0011426249,0.0058330595,0.0
SRR5868766,0.0002323735,0.001264163,0.0016921443,0.9929743,0.0007330533,0.0019682439,0.0011356913,0.0
SRR6451833,0.00023258144,0.0012638045,0.0016916663,0.9929739,0.00073332014,0.0019682415,0.0011364633,0.0
SRR996300,0.0002323735,0.001264163,0.0016921443,0.9929743,0.0007330533,0.0019682439,0.0011356913,0.0
ERR499087,0.0002494197,0.0011953232,0.0016173174,0.9927686,0.0008128519,0.0020529022,0.001303632,0.0
SRR1927900,0.0018980558,0.98295534,0.003079863,0.0033205585,0.0017705733,0.0011426249,0.0058330595,0.0
ERR1315430,0.00023443994,0.0011624747,0.0017760395,0.99200684,0.00084785593,0.002720818,0.0012514864,0.0
ERR1450577,0.0077003525,0.003655653,0.0007274519,0.009290981,0.0012556212,0.97234106,0.005028899,0.0
SRR3742094,0.0018980558,0.98295534,0.003079863,0.0033205585,0.0017705733,0.0011426249,0.0058330595,0.0
SRR5915396,0.0018980558,0.98295534,0.003079863,0.0033205585,0.0017705733,0.0011426249,0.0058330595,0.0
ERR923644,0.00023234425,0.0012647606,0.0016922074,0.9929731,0.00073296565,0.0019688432,0.0011357531,0.0
ERR443701,0.0002324627,0.0012641033,0.0016921143,0.9929742,0.0007331424,0.0019682436,0.0011357209,0.0
SRR2168083,0.0018980558,0.98295534,0.003079863,0.0033205585,0.0017705733,0.0011426249,0.0058330595,0.0
ERR418293,0.0076974225,0.003655096,0.00072721747,0.00929429,0.0012554453,0.9723427,0.0050277854,0.0
SRR7449037,0.00023237347,0.0012641033,0.0016921441,0.9929742,0.00073308294,0.0019682436,0.0011357804,0.0
ERR531921,0.0002390742,0.0012340965,0.0016596592,0.99289757,0.0007640381,0.00200328,0.0012022714,0.0
SRR6265432,0.00023305537,0.0012609381,0.0016882906,0.9929687,0.00073587196,0.0019706937,0.0011424918,0.0
SRR882194,0.0018980558,0.98295534,0.003079863,0.0033205585,0.0017705733,0.0011426249,0.0058330595,0.0
DRR060080,0.0018980558,0.98295534,0.003079863,0.0033205585,0.0017705733,0.0011426249,0.0058330595,0.0
SRR6974369,0.0018980558,0.98295534,0.003079863,0.0033205585,0.0017705733,0.0011426249,0.0058330595,0.0
SRR6413976,0.0002324627,0.0012640735,0.0016920846,0.9929742,0.0007331424,0.0019682436,0.0011357209,0.0
SRR6292352,0.0018980558,0.98295534,0.003079863,0.0033205585,0.0017705733,0.0011426249,0.0058330595,0.0
SRR6393682,0.0002324627,0.0012640735,0.0016920846,0.9929742,0.0007331424,0.0019682436,0.0011357209,0.0
ERR1384202,0.00023655433,0.0012447583,0.001672061,0.99292415,0.0007526431,0.0019927018,0.00117715,0.0
SRR6411733,0.00023284793,0.0012623403,0.001689724,0.9929711,0.00073474407,0.0019692725,0.0011399079,0.0
ERR1328434,0.00024596747,0.0012136854,0.0017309637,0.992553,0.00081158255,0.0022629066,0.0011819467,0.0
SRR6457243,0.0018980558,0.98295534,0.003079863,0.0033205585,0.0017705733,0.0011426249,0.0058330595,0.0
ERR441202,0.00025183707,0.0011860341,0.0015752233,0.99284315,0.00081204006,0.001987042,0.0013445882,0.0
ERR1689696,0.0050000935,0.0036334568,0.009096714,0.0050869165,0.00084149075,0.00088847405,0.97545284,0.0
SRR7902214,0.0050000935,0.0036334568,0.009096714,0.0050869165,0.00084149075,0.00088847405,0.97545284,0.0
SRR2558655,0.0018980558,0.98295534,0.003079863,0.0033205585,0.0017705733,0.0011426249,0.0058330595,0.0
SRR2549686,0.0018980558,0.98295534,0.003079863,0.0033205585,0.0017705733,0.0011426249,0.0058330595,0.0
SRR2046652,0.00023809841,0.0012384687,0.0016751658,0.9928938,0.0007593272,0.0020079087,0.0011871607,0.0
SRR5467923,0.0002325222,0.0012641033,0.0016920846,0.99297416,0.0007330532,0.0019682734,0.0011357804,0.0
SRR6932512,0.0002323735,0.001264163,0.0016921443,0.9929743,0.0007330533,0.0019682439,0.0011356913,0.0
ERR1522588,0.0076967487,0.0036549203,0.0007271589,0.009294817,0.0012554453,0.9723436,0.005027229,0.0
ERR1624649,0.00023299627,0.0012618325,0.0016889478,0.9929709,0.00073518907,0.0019691798,0.0011409173,0.0
SRR5180952,0.0018980558,0.98295534,0.003079863,0.0033205585,0.0017705733,0.0011426249,0.0058330595,0.0
ERR1256890,0.0002026355,0.0015477744,0.0029236302,0.9482027,0.0014312769,0.044025123,0.0016667425,0.0
ERR1522429,0.007696748,0.0036548614,0.00072715885,0.009295021,0.0012554452,0.97234356,0.0050272867,0.0
SRR6477232,0.0018980558,0.98295534,0.003079863,0.0033205585,0.0017705733,0.0011426249,0.0058330595,0.0
SRR5983407,0.00023566447,0.001248995,0.0016755884,0.9929399,0.00074765395,0.0019840372,0.0011681796,0.0
ERR1689241,0.0050000935,0.0036334568,0.009096714,0.0050869165,0.00084149075,0.00088847405,0.97545284,0.0
ERR1135318,0.007698381,0.00365518,0.000727246,0.009294222,0.001255854,0.9723398,0.0050293617,0.0
SRR5180583,0.0018980558,0.98295534,0.003079863,0.0033205585,0.0017705733,0.0011426249,0.0058330595,0.0
SRR2046624,0.00023936736,0.0012342826,0.0016493684,0.9929293,0.00076140714,0.001977755,0.0012085256,0.0
SRR6511728,0.0018980558,0.98295534,0.003079863,0.0033205585,0.0017705733,0.0011426249,0.0058330595,0.0
ERR522573,0.00013315678,0.0022132993,0.0039628744,0.91205037,0.00094887614,0.06523785,0.0010960698,0.014357507
SRR6028462,0.00027245804,0.00112943,0.0015229111,0.9924794,0.0009218981,0.0021308805,0.0015430073,0.0
ERR2511865,0.00024369382,0.0012162386,0.0016266875,0.9928852,0.00078074815,0.0019935071,0.0012538901,0.0
SRR5165768,0.00023261066,0.001263177,0.0016906214,0.9929734,0.0007339134,0.001968237,0.0011379777,0.0
SRR5431444,0.00023246273,0.0012641035,0.0016921145,0.99297434,0.0007330533,0.0019682439,0.0011356913,0.0
ERR499180,0.00023252217,0.0012640734,0.0016921439,0.9929741,0.0007330829,0.0019682434,0.0011357802,0.0
ERR2806321,0.00023246276,0.0012641632,0.0016919958,0.99297404,0.0007332021,0.001968274,0.0011358104,0.0
SRR6413830,0.00023252214,0.0012640435,0.0016921139,0.99297404,0.0007331125,0.0019683621,0.0011358396,0.0
ERR1533831,0.007696982,0.003655125,0.00072710024,0.009294289,0.0012555915,0.97234344,0.0050274334,0.0
SRR6931791,0.00023284904,0.0012619895,0.0016924092,0.99296314,0.00073531276,0.0019761827,0.0011381583,0.0
ERR500759,0.00031995578,0.0011725368,0.0018200905,0.98954904,0.0013712008,0.0043224655,0.0014447669,0.0
SRR7453996,0.0002323735,0.001264163,0.0016921443,0.9929743,0.0007330533,0.0019682439,0.0011356913,0.0
SRR1618277,0.00023492363,0.0012515082,0.0016805159,0.9929404,0.0007454021,0.0019859942,0.001161233,0.0
ERR1313438,0.0005372762,0.0042548175,0.002103716,0.70672053,0.004328161,0.20996308,0.0017912982,0.07030111
ERR664713,0.0050000935,0.0036334568,0.009096714,0.0050869165,0.00084149075,0.00088847405,0.97545284,0.0
SRR5699347,0.0002354612,0.0012509248,0.0016826433,0.99291545,0.00075034663,0.00200377,0.0011613924,0.0
ERR501370,0.0002325222,0.0012641033,0.0016920846,0.9929742,0.00073308294,0.0019682436,0.0011357804,0.0
SRR5868958,0.0002323735,0.001264163,0.0016921443,0.9929743,0.0007330533,0.0019682439,0.0011356913,0.0
ERR1201253,0.0056566736,0.00456826,0.00075709826,0.012395277,0.0012025088,0.96872705,0.0066930996,0.0
ERR1135705,0.007711512,0.0036513293,0.00073036546,0.009281786,0.0012601557,0.9723313,0.0050335936,0.0
SRR7901862,0.0050000935,0.0036334568,0.009096714,0.0050869165,0.00084149075,0.00088847405,0.97545284,0.0
DRR043079,0.00023284809,0.0012622223,0.0016904391,0.99296933,0.00073486357,0.0019706124,0.0011396706,0.0
ERR1759965,0.00023252217,0.0012641032,0.0016921439,0.9929741,0.0007330829,0.0019682434,0.0011358099,0.0
SRR4415124,0.007879335,0.007841948,0.9407302,0.006737949,0.009433328,6.168039e-05,0.027315583,0.0
SRR6436917,0.00023441912,0.0012549944,0.001681595,0.9929562,0.0007415687,0.0019755634,0.001155617,0.0
ERR1521966,0.0076966966,0.003656505,0.00072698377,0.0092926575,0.0012557978,0.9723446,0.005026735,0.0
ERR309141,0.007697393,0.0036551254,0.0007271882,0.0092938505,0.0012554745,0.97234315,0.005027873,0.0
SRR505206,0.00023991428,0.0012326466,0.0016738974,0.99282044,0.00077551266,0.00206152,0.0011960617,0.0
SRR1538671,0.0018980558,0.98295534,0.003079863,0.0033205585,0.0017705733,0.0011426249,0.0058330595,0.0
SRR5451637,0.0018980558,0.98295534,0.003079863,0.0033205585,0.0017705733,0.0011426249,0.0058330595,0.0
ERR537649,0.0076967496,0.003654862,0.00072715903,0.009294907,0.0012554454,0.9723436,0.0050272294,0.0
SRR5178699,0.0018980558,0.98295534,0.003079863,0.0033205585,0.0017705733,0.0011426249,0.0058330595,0.0
SRR8605519,0.0050000935,0.0036334568,0.009096714,0.0050869165,0.00084149075,0.00088847405,0.97545284,0.0
ERR2495655,0.0050000935,0.0036334568,0.009096714,0.0050869165,0.00084149075,0.00088847405,0.97545284,0.0
SRR1747646,0.0018980558,0.98295534,0.003079863,0.0033205585,0.0017705733,0.0011426249,0.0058330595,0.0
SRR8605569,0.0050000935,0.0036334568,0.009096714,0.0050869165,0.00084149075,0.00088847405,0.97545284,0.0
DRR070631,0.0018980558,0.98295534,0.003079863,0.0033205585,0.0017705733,0.0011426249,0.0058330595,0.0
ERR1583405,0.0018980558,0.98295534,0.003079863,0.0033205585,0.0017705733,0.0011426249,0.0058330595,0.0
SRR7535701,0.007696748,0.0036548614,0.00072715885,0.009295021,0.0012554452,0.97234356,0.0050272867,0.0
SRR8608176,0.0050000935,0.0036334568,0.009096714,0.0050869165,0.00084149075,0.00088847405,0.97545284,0.0
ERR1110246,0.007696748,0.0036548614,0.00072715885,0.009295021,0.0012554452,0.97234356,0.0050272867,0.0
ERR2262478,0.0077315727,0.003662714,0.00072840723,0.009270835,0.0012614303,0.9722882,0.0050567924,0.0
ERR309290,0.0076979743,0.0036555333,0.0007271292,0.009293113,0.0012556788,0.972342,0.0050286027,0.0
ERR2599229,0.0050000935,0.0036334568,0.009096714,0.0050869165,0.00084149075,0.00088847405,0.97545284,0.0
DRR050915,0.0002361211,0.0012479497,0.0017041588,0.99288195,0.0007514945,0.002027405,0.001150949,0.0
SRR6364987,0.00023243295,0.0012640439,0.0016922036,0.9929738,0.0007332019,0.0019685412,0.0011357804,0.0
ERR1385320,0.00024176949,0.0012230639,0.0016422123,0.9928837,0.00077467953,0.0020024723,0.0012321648,0.0
ERR1111265,0.00023332222,0.0012604576,0.0016864402,0.9929703,0.00073637493,0.0019685447,0.00114454,0.0
ERR1366544,0.007715251,0.0036611687,0.00072824454,0.009265114,0.0012557708,0.9723334,0.005041184,0.0
SRR1783024,0.007879335,0.007841948,0.9407302,0.006737949,0.009433328,6.168039e-05,0.027315583,0.0
SRR6412116,0.00023246267,0.0012640437,0.0016921142,0.9929741,0.00073314237,0.0019683328,0.0011358397,0.0
ERR1523344,0.003754139,0.35452384,0.0005028546,0.0031055808,0.0019240379,0.48765972,0.0076797307,0.14085007
SRR2657555,0.0018980558,0.98295534,0.003079863,0.0033205585,0.0017705733,0.0011426249,0.0058330595,0.0
ERR1135315,0.007696984,0.0036548036,0.0007272176,0.009294789,0.0012554748,0.9723433,0.0050274343,0.0
ERR1624707,0.00023915546,0.0012375998,0.0017062731,0.9928152,0.0007679151,0.0020688137,0.0011650203,0.0
SRR5180207,0.0018980558,0.98295534,0.003079863,0.0033205585,0.0017705733,0.0011426249,0.0058330595,0.0
SRR5178101,0.0002323735,0.001264163,0.0016921443,0.9929743,0.0007330533,0.0019682439,0.0011356913,0.0
ERR1745186,0.0050000935,0.0036334568,0.009096714,0.0050869165,0.00084149075,0.00088847405,0.97545284,0.0
SRR5165905,0.00023249228,0.0012638645,0.0016917859,0.99297404,0.00073326094,0.0019683316,0.0011362853,0.0
SRR5467649,0.00023246267,0.0012639544,0.0016921439,0.99297357,0.00073326135,0.0019687195,0.0011358992,0.0
SRR2761416,0.00023794669,0.0012384233,0.0016636043,0.9929132,0.000758812,0.0019952129,0.0011927673,0.0
SRR2546218,0.0018980558,0.98295534,0.003079863,0.0033205585,0.0017705733,0.0011426249,0.0058330595,0.0
SRR1602669,0.0018980558,0.98295534,0.003079863,0.0033205585,0.0017705733,0.0011426249,0.0058330595,0.0
SRR1503425,0.007879335,0.007841948,0.9407302,0.006737949,0.009433328,6.168039e-05,0.027315583,0.0
ERR501274,0.00024021133,0.0012832796,0.0018342301,0.992288,0.00079264975,0.002404494,0.001157133,0.0
ERR1310181,0.00023670046,0.0012458748,0.001664131,0.9929528,0.00074983895,0.0019704613,0.001180171,0.0
ERR1523167,0.007696748,0.0036548907,0.00072715885,0.009295021,0.0012554452,0.97234344,0.005027228,0.0
ERR1135405,0.007697692,0.0036544255,0.0007273352,0.009295382,0.0012556514,0.9723422,0.0050274087,0.0
SRR6931474,0.0002323735,0.001264163,0.0016921443,0.9929743,0.0007330533,0.0019682439,0.0011356913,0.0
SRR1617959,0.00024853414,0.0011988939,0.0016361856,0.99276114,0.00080793665,0.0020600944,0.0012871611,0.0
DRR050859,0.00023249231,0.0012639241,0.0016918159,0.9929739,0.00073329074,0.0019683319,0.0011361664,0.0
SRR5180245,0.0018980558,0.98295534,0.003079863,0.0033205585,0.0017705733,0.0011426249,0.0058330595,0.0
ERR501359,0.00021746664,0.0011891508,0.0019252239,0.9918054,0.0008064202,0.0029487836,0.0011075302,0.0
ERR2495551,0.0050000935,0.0036334568,0.009096714,0.0050869165,0.00084149075,0.00088847405,0.97545284,0.0
ERR1314037,0.00023350003,0.0012597401,0.0016850671,0.99297,0.00073705695,0.0019681226,0.0011464702,0.0
SRR6411673,0.0002325222,0.0012641033,0.0016920846,0.9929742,0.00073308294,0.0019682436,0.0011357804,0.0
SRR5483775,0.0018980558,0.98295534,0.003079863,0.0033205585,0.0017705733,0.0011426249,0.0058330595,0.0
SRR1824347,0.0018980558,0.98295534,0.003079863,0.0033205585,0.0017705733,0.0011426249,0.0058330595,0.0
SRR6670807,0.007696748,0.0036548614,0.00072715885,0.009295021,0.0012554452,0.97234356,0.0050272867,0.0
ERR986243,0.007709714,0.0036532753,0.0007288567,0.009290119,0.001256996,0.97233135,0.0050297705,0.0
SRR8608193,0.0050000935,0.0036334568,0.009096714,0.0050869165,0.00084149075,0.00088847405,0.97545284,0.0
ERR499057,0.00023275925,0.0012630572,0.001690442,0.992973,0.00073403196,0.0019683847,0.0011382746,0.0
SRR3884124,0.0018980558,0.98295534,0.003079863,0.0033205585,0.0017705733,0.0011426249,0.0058330595,0.0
ERR1467042,0.00023234756,0.0012621015,0.001700025,0.99296546,0.000735802,0.0019644985,0.0011398447,0.0
SRR1805181,0.00045752525,0.27072632,0.13747999,0.00887984,0.043124586,0.0003862679,0.0040392876,0.53490615
SRR2923096,0.0050000935,0.0036334568,0.009096714,0.0050869165,0.00084149075,0.00088847405,0.97545284,0.0
SRR1923874,0.00021600723,0.0009506345,0.0032269359,0.989432,0.00125736,0.0015192926,0.0020837486,0.001314044
SRR5002094,0.0018980558,0.98295534,0.0030798924,0.00332047,0.0017706323,0.0011426249,0.0058330004,0.0
SRR027994,0.0018980558,0.98295534,0.003079863,0.0033205585,0.0017705733,0.0011426249,0.0058330595,0.0
SRR5520580,0.00023255167,0.0012636556,0.0016916066,0.99297357,0.0007334688,0.001968628,0.0011365524,0.0
SRR5165751,0.00023272914,0.0012626686,0.0016898444,0.99297255,0.0007344175,0.0019684709,0.0011393436,0.0
ERR1310671,0.0002348342,0.0012529349,0.001678254,0.99294835,0.0007445687,0.0019802218,0.0011608454,0.0
ERR924378,0.0050000935,0.0036334568,0.009096714,0.0050869165,0.00084149075,0.00088847405,0.97545284,0.0
ERR2511043,0.00023427067,0.0012560965,0.001680675,0.99296284,0.000740469,0.0019712527,0.0011544285,0.0
SRR980639,0.007879335,0.007841948,0.9407302,0.006737949,0.009433328,6.168039e-05,0.027315583,0.0
ERR2599208,0.0050000935,0.0036334568,0.009096714,0.0050869165,0.00084149075,0.00088847405,0.97545284,0.0
SRR1788362,0.007879335,0.007841948,0.9407302,0.006737949,0.009433328,6.168039e-05,0.027315583,0.0
SRR6444133,0.00023317416,0.0012604314,0.0016883487,0.99296445,0.00073673396,0.0019735475,0.0011433238,0.0
ERR1896636,0.0018980558,0.98295534,0.003079863,0.0033205585,0.0017705733,0.0011426249,0.0058330595,0.0
ERR2738861,0.0002408785,0.0012274721,0.0016404067,0.9929137,0.0007685568,0.0019837753,0.0012251225,0.0
ERR1298117,0.0050000935,0.0036334568,0.009096714,0.0050869165,0.00084149075,0.00088847405,0.97545284,0.0
SRR1175879,0.0050000935,0.0036334568,0.009096714,0.0050869165,0.00084149075,0.00088847405,0.97545284,0.0
ERR487107,0.0076968377,0.0036549207,0.00072715903,0.009294818,0.0012554161,0.9723436,0.005027259,0.0
SRR6931806,0.0002323735,0.001264163,0.0016921443,0.9929743,0.0007330533,0.0019682439,0.0011356913,0.0
ERR2511174,0.0002621198,0.0012003784,0.0017756973,0.9923222,0.0008871793,0.002336826,0.0012156694,0.0
ERR531914,0.0002195239,0.0016695559,0.0018611252,0.9908196,0.0006979108,0.0030502975,0.0012190044,0.00046300888
SRR6764855,0.0050000935,0.0036334568,0.009096714,0.0050869165,0.00084149075,0.00088847405,0.97545284,0.0
ERR1512061,0.007696748,0.0036548614,0.00072715885,0.009295021,0.0012554452,0.97234356,0.0050272867,0.0
SRR6287242,0.0018980558,0.98295534,0.003079863,0.0033205585,0.0017705733,0.0011426249,0.0058330595,0.0
SRR3589532,0.0018980558,0.98295534,0.003079863,0.0033205585,0.0017705733,0.0011426249,0.0058330595,0.0
SRR995161,0.0002323735,0.001264163,0.0016921443,0.9929743,0.0007330533,0.0019682439,0.0011356913,0.0
SRR5915653,0.0018980558,0.98295534,0.003079863,0.0033205585,0.0017705733,0.0011426249,0.0058330595,0.0
SRR2658686,0.00019213557,0.0016209781,0.0031321645,0.95753,0.0011089444,0.03067249,0.0011072755,0.0046359897
SRR6931484,0.0002323735,0.001264163,0.0016921443,0.9929743,0.0007330533,0.0019682439,0.0011356913,0.0
ERR719789,0.00023352975,0.0012596805,0.0016851858,0.99296963,0.0007371164,0.0019684199,0.0011464701,0.0
SRR6932269,0.00023258099,0.0012632965,0.0016908897,0.992973,0.00073388394,0.0019685947,0.0011376807,0.0
SRR6411831,0.00023255167,0.0012638341,0.0016916959,0.99297374,0.0007333498,0.00196839,0.0011364036,0.0
SRR5181024,0.0018980558,0.98295534,0.0030798924,0.00332047,0.0017706323,0.0011426249,0.005833089,0.0
SRR5031332,0.00023252181,0.0012636253,0.0016913381,0.99297386,0.0007334982,0.0019682404,0.0011369386,0.0
DRR047729,0.0002808026,0.0011761993,0.00189933,0.99197644,0.0009514799,0.002499524,0.0012162757,0.0
SRR1602733,0.0018980558,0.98295534,0.003079863,0.0033205585,0.0017705733,0.0011426249,0.0058330595,0.0
SRR6444067,0.00023883581,0.0012359084,0.0016560869,0.99291044,0.0007625198,0.0019942343,0.0012020015,0.0
ERR2762983,0.007696748,0.0036548614,0.00072715885,0.009295021,0.0012554452,0.97234356,0.0050272867,0.0
SRR5177468,0.0018980558,0.98295534,0.003079863,0.0033205585,0.0017705733,0.0011426249,0.0058330595,0.0
SRR1145353,0.00023492545,0.0012516369,0.0016870134,0.9929305,0.0007455269,0.0019930888,0.0011573752,0.0
SRR1602649,0.0018980558,0.98295534,0.003079863,0.0033205585,0.0017705733,0.0011426249,0.0058330595,0.0
SRR6408634,0.00023293703,0.0012618637,0.0016894552,0.9929704,0.0007350411,0.0019697174,0.0011405913,0.0
ERR1513339,0.0076980423,0.0036554944,0.0007269223,0.009294554,0.0012560564,0.97233987,0.0050290874,0.0
SRR6931256,0.00025151105,0.0012096923,0.0017686092,0.9925647,0.0008175671,0.0022049681,0.0011830092,0.0
SRR6874491,0.00042152966,0.00043870276,0.0013173642,0.9711572,0.0038678625,0.0155589795,0.0072384058,0.0
SRR7453656,0.0002323735,0.001264163,0.0016921443,0.9929743,0.0007330533,0.0019682439,0.0011356913,0.0
ERR695414,0.007696778,0.0036549496,0.00072712963,0.009294846,0.0012554453,0.9723435,0.005027346,0.0
SRR6511233,0.0018980558,0.98295534,0.003079863,0.0033205585,0.0017705733,0.0011426249,0.0058330595,0.0
SRR3056852,0.0018997197,0.9829486,0.0030807205,0.0033223866,0.0017709706,0.0011427033,0.0058348957,0.0
ERR1111209,0.00023471819,0.0012527723,0.0016857411,0.9929315,0.00074529194,0.0019941677,0.0011557736,0.0
SRR6745829,0.0018980558,0.98295534,0.003079863,0.0033205585,0.0017705733,0.0011426249,0.0058330595,0.0
ERR866570,0.00023804238,0.0012391708,0.0016853923,0.9928775,0.0007597844,0.002019657,0.0011804856,0.0
SRR1747541,0.0018980558,0.98295534,0.003079863,0.0033205585,0.0017705733,0.0011426249,0.0058330595,0.0
ERR525962,0.00023255158,0.0012637146,0.001691487,0.9929738,0.00073349825,0.0019682406,0.0011367304,0.0
ERR1366490,0.00770153,0.003655101,0.00072700763,0.009297538,0.0012566377,0.9723286,0.005033551,0.0
SRR3923183,0.0017465651,0.04279074,0.3447585,0.0005508661,0.0009444356,0.00017273426,0.35708064,0.2519555
SRR5915269,0.0018980558,0.98295534,0.003079863,0.0033205585,0.0017705733,0.0011426249,0.0058330595,0.0
SRR1461634,0.0002337371,0.0012579209,0.001684436,0.9929622,0.0007388686,0.0019733205,0.0011495296,0.0
SRR6264993,0.00023474463,0.0012539742,0.0016770916,0.9929609,0.00074245577,0.001971028,0.001159773,0.0
SRR3035112,0.00025203032,0.0011942224,0.001629142,0.99272937,0.0008177083,0.002058798,0.001318706,0.0
ERR560880,0.00023305567,0.0012607911,0.001689096,0.9929637,0.0007365868,0.001974474,0.0011423149,0.0
ERR1383838,0.00023246267,0.0012640734,0.0016920844,0.9929741,0.00073314237,0.0019682434,0.0011358099,0.0
ERR561066,0.00025936667,0.0012914174,0.0017351618,0.9922662,0.0009362018,0.0023538508,0.0011578061,0.0
SRR6671056,0.0076978407,0.003655393,0.0007273354,0.009292513,0.0012556224,0.972343,0.00502823,0.0
SRR5915162,0.0018980558,0.98295534,0.003079863,0.0033204993,0.0017705733,0.0011426249,0.0058330595,0.0
ERR1600429,0.0002323735,0.001264163,0.0016921443,0.9929743,0.0007330533,0.0019682439,0.0011356913,0.0
ERR1313980,0.0002324922,0.0012637153,0.0016916961,0.9929734,0.00073340937,0.001968777,0.001136493,0.0
SRR828649,0.0018980558,0.98295534,0.003079863,0.0033205585,0.0017705733,0.0011426249,0.0058330595,0.0
ERR2249124,0.00025682602,0.0011834338,0.0016291323,0.9925738,0.0008605872,0.0021597652,0.001336441,0.0
SRR2443017,0.0018980558,0.98295534,0.003079863,0.0033205585,0.0017705733,0.0011426249,0.0058330595,0.0
SRR1980841,0.0018980558,0.98295534,0.003079863,0.0033205585,0.0017705733,0.0011426249,0.0058330595,0.0
ERR906565,0.007696748,0.0036548614,0.00072715885,0.009295021,0.0012554452,0.97234356,0.0050272867,0.0
SRR6931682,0.00023359215,0.0012604696,0.0016896093,0.99295086,0.0007396242,0.0019826926,0.0011431826,0.0
ERR2599253,0.0050000935,0.0036334568,0.009096714,0.0050869165,0.00084149075,0.00088847405,0.97545284,0.0
SRR6411778,0.0002325517,0.0012638045,0.0016916961,0.9929738,0.00073332014,0.001968331,0.0011364336,0.0
ERR2168973,0.0018980558,0.98295534,0.003079863,0.0033205585,0.0017705733,0.0011426249,0.0058330595,0.0
SRR5165894,0.00023258144,0.001263745,0.0016916663,0.9929739,0.0007333499,0.0019682415,0.001136493,0.0
ERR1913039,0.000232522,0.0012639238,0.0016918452,0.9929739,0.0007332608,0.001968242,0.0011362851,0.0
ERR2262460,0.007767278,0.0036695565,0.00072936574,0.009249293,0.0012676842,0.97221583,0.0051011085,0.0
SRR1818147,0.0018982309,0.9829545,0.0030799485,0.0033207322,0.0017706306,0.0011426238,0.0058332602,0.0
DRR044003,0.00023246267,0.0012641032,0.0016920547,0.99297416,0.0007331126,0.001968303,0.0011357802,0.0
SRR2155026,0.0002323735,0.001264163,0.0016921443,0.9929743,0.0007330533,0.0019682439,0.0011356913,0.0
ERR1677324,0.0050000935,0.0036334568,0.009096714,0.0050869165,0.00084149075,0.00088847405,0.97545284,0.0
ERR1249632,0.0050000935,0.0036334568,0.009096714,0.0050869165,0.00084149075,0.00088847405,0.97545284,0.0
ERR1678205,0.0050000935,0.0036334568,0.009096714,0.0050869165,0.00084149075,0.00088847405,0.97545284,0.0
ERR2738835,0.00023349992,0.001259561,0.0016848878,0.99296963,0.0007372648,0.0019684192,0.0011467374,0.0
ERR1311229,0.00026260185,0.0011793886,0.0017085775,0.99244463,0.00086593186,0.0022104653,0.0013284144,0.0
ERR1690940,0.0050000935,0.0036334568,0.009096714,0.0050869165,0.00084149075,0.00088847405,0.97545284,0.0
ERR2738686,0.00023572268,0.0012501779,0.0016704929,0.9929587,0.0007458355,0.0019694816,0.0011695711,0.0
ERR1328393,0.00024592545,0.0012188003,0.0016832568,0.99269646,0.00080788357,0.0021265652,0.0012210014,0.0
SRR3362196,0.00023895387,0.0012350412,0.001655813,0.99291444,0.000761803,0.0019910145,0.0012029784,0.0
ERR2169042,0.0018980558,0.98295534,0.003079863,0.0033205585,0.0017705733,0.0011426249,0.0058330595,0.0
SRR2922893,0.0050000935,0.0036334568,0.009096714,0.0050869165,0.00084149075,0.00088847405,0.97545284,0.0
SRR5915891,0.0018980558,0.98295534,0.003079863,0.0033205585,0.0017705733,0.0011426249,0.0058330595,0.0
ERR1691425,0.0050000935,0.0036334568,0.009096714,0.0050869165,0.00084149075,0.00088847405,0.97545284,0.0
SRR1660443,0.0002334114,0.001259089,0.0016881352,0.99296045,0.00073789177,0.0019754749,0.0011455809,0.0
SRR3362120,0.00038880217,0.0013530422,0.0020596874,0.98818064,0.0014458394,0.004876688,0.0016953119,0.0
ERR1716669,0.0018980558,0.98295534,0.003079863,0.0033205585,0.0017705733,0.0011426249,0.0058330595,0.0
ERR1533499,0.0076982966,0.0036582572,0.0007268363,0.009289511,0.0012565868,0.9723425,0.005028046,0.0
SRR5178677,0.0018980558,0.98295534,0.003079863,0.0033205585,0.0017705733,0.0011426249,0.0058330595,0.0
ERR1255902,0.00093543564,0.0011232801,0.00486707,0.21685709,0.0046142563,0.77070487,0.0008979486,0.0
ERR1624629,0.0002323735,0.001264163,0.0016921443,0.9929743,0.0007330533,0.0019682439,0.0011356913,0.0
ERR1263598,0.0076968963,0.0036548914,0.0007272176,0.009294642,0.0012554454,0.9723435,0.0050273174,0.0
ERR308218,0.0075757755,0.0038614762,0.0007362958,0.010761209,0.0014719769,0.9690073,0.006585967,0.0
ERR1548705,0.0025429153,0.037591342,0.078646705,0.035610422,0.8053833,0.0066043963,0.03362083,0.0
ERR308280,0.007865105,0.0035648064,0.00071502815,0.009932052,0.001340912,0.97124064,0.0053413985,0.0
ERR1512050,0.0074391095,0.0037396823,0.00070333673,0.01065205,0.0013660671,0.97026724,0.0058325953,0.0
SRR1602607,0.0018980558,0.98295534,0.003079863,0.0033205585,0.0017705733,0.0011426249,0.0058330595,0.0
ERR139368,0.00023299904,0.0012617881,0.0016936677,0.9929548,0.00073674455,0.0019830351,0.0011370638,0.0
SRR3095153,0.00023800528,0.0012386863,0.0016617242,0.9929228,0.0007576194,0.0019876207,0.0011936253,0.0
SRR1980813,0.0018980558,0.98295534,0.003079863,0.0033205585,0.0017705733,0.0011426249,0.0058330595,0.0
SRR5155521,0.0018980558,0.98295534,0.003079863,0.0033205585,0.0017705733,0.0011426249,0.0058330595,0.0
SRR4415489,0.007879335,0.007841948,0.9407302,0.006737949,0.009433328,6.168039e-05,0.027315583,0.0
ERR498641,0.00023332216,0.0012604275,0.0016862316,0.99297047,0.000736464,0.0019684252,0.0011446886,0.0
SRR8611269,0.0050000935,0.0036334568,0.009096714,0.0050869165,0.00084149075,0.00088847405,0.97545284,0.0
ERR1960833,0.00023267027,0.0012633859,0.0016909494,0.9929733,0.0007337353,0.0019683274,0.0011375619,0.0
ERR695301,0.007698851,0.0036555324,0.0007272755,0.009293608,0.0012557372,0.97233874,0.005030212,0.0
SRR8609606,0.0050000935,0.0036334568,0.009096714,0.0050869165,0.00084149075,0.00088847405,0.97545284,0.0
DRR043921,0.0002353112,0.0012501447,0.0016869175,0.9929249,0.0007470707,0.0019953118,0.0011603748,0.0
ERR2231354,0.0076967487,0.0036548618,0.0007271589,0.009295022,0.0012554453,0.9723435,0.0050272876,0.0
SRR6974283,0.0018980558,0.98295534,0.003079863,0.0033205585,0.0017705733,0.0011426249,0.0058330595,0.0
SRR6816720,0.0018980558,0.98295534,0.003079863,0.0033205585,0.0017705733,0.0011426249,0.0058330595,0.0
ERR1309622,0.00024186815,0.0012235281,0.0016658327,0.9928281,0.0007791117,0.002043774,0.0012177579,0.0
ERR561521,0.00023665004,0.0012445246,0.0016906974,0.9928894,0.00075426995,0.002018664,0.0011657899,0.0
SRR2145571,0.0002323735,0.001264163,0.0016921443,0.9929743,0.0007330533,0.0019682439,0.0011356913,0.0
ERR1762091,0.0077084284,0.0036580358,0.00072792254,0.009273815,0.0012560347,0.97233844,0.005037319,0.0
SRR5827499,0.0018980558,0.98295534,0.003079863,0.0033205585,0.0017705733,0.0011426249,0.0058330595,0.0
ERR579733,0.0006853938,0.0022297204,0.003227383,0.5434976,0.002442956,0.37264144,0.000654608,0.07462084
ERR579817,0.00023735731,0.0012411289,0.0016761352,0.992901,0.0007567177,0.0020070374,0.0011805998,0.0
ERR1548799,0.0025429153,0.037591342,0.078646705,0.035610422,0.8053833,0.0066043963,0.03362083,0.0
DRR044269,0.00023243295,0.0012641033,0.0016921143,0.99297416,0.0007331424,0.001968333,0.0011357804,0.0
SRR1653624,0.0002335598,0.001258641,0.0016878056,0.9929595,0.0007382179,0.0019757694,0.0011465311,0.0
SRR6414372,0.00023275886,0.0012624008,0.0016900821,0.99297076,0.0007346851,0.00196972,0.0011395516,0.0
SRR5915571,0.0018980558,0.98295534,0.003079863,0.0033205585,0.0017705733,0.0011426249,0.0058330595,0.0
SRR6746534,0.0018980558,0.98295534,0.003079863,0.0033205585,0.0017705733,0.0011426249,0.0058330595,0.0
ERR532041,0.00023954907,0.0012317712,0.0016605444,0.99288726,0.00076638453,0.0020086253,0.0012059842,0.0
ERR1383055,0.0002347453,0.0012528475,0.0016801304,0.9929474,0.0007439749,0.0019812062,0.0011595978,0.0
ERR1298475,0.0050000935,0.0036334568,0.009096714,0.0050869165,0.00084149075,0.00088847405,0.97545284,0.0
SRR934706,0.00023243288,0.0012639541,0.0016919055,0.99297404,0.0007332612,0.001968362,0.0011360476,0.0
ERR487157,0.007696748,0.0036548614,0.00072715885,0.009295021,0.0012554452,0.97234356,0.0050272867,0.0
ERR1690276,0.0050000935,0.0036334568,0.009096714,0.0050869165,0.00084149075,0.00088847405,0.97545284,0.0
SRR1221559,0.0018980558,0.98295534,0.003079863,0.0033205585,0.0017705733,0.0011426249,0.0058330595,0.0
SRR5467595,0.0002325222,0.0012641033,0.0016920846,0.9929742,0.00073308294,0.0019682436,0.0011357209,0.0
SRR3647855,0.00024065128,0.0012278539,0.0016666536,0.9928455,0.0007742124,0.0020358544,0.0012092347,0.0
ERR2528801,0.007696748,0.0036548907,0.00072715885,0.009294904,0.0012554452,0.97234356,0.005027228,0.0
ERR1950667,0.0077030715,0.00364675,0.00072910986,0.009371231,0.0012640657,0.9722262,0.0050594844,0.0
ERR1523287,0.007697057,0.0036674046,0.0007259009,0.009280748,0.0012592553,0.97234124,0.005028469,0.0
ERR1263255,0.0076967487,0.0036548618,0.00072712963,0.009294963,0.0012555039,0.9723435,0.005027229,0.0
ERR719095,0.00023459937,0.0012528326,0.0016884195,0.9929327,0.00074434065,0.0019928007,0.0011543467,0.0
ERR487675,0.0076970374,0.0036549768,0.0007271585,0.009294841,0.0012555324,0.97234285,0.0050276066,0.0
DRR043125,0.00023246265,0.0012640733,0.0016921139,0.99297404,0.0007331125,0.0019683326,0.0011358991,0.0
ERR1896944,0.0018980558,0.98295534,0.003079863,0.0033205585,0.0017705733,0.0011426249,0.0058330595,0.0
ERR2073507,0.0050001233,0.0036333974,0.009096714,0.0050870944,0.00084143144,0.0008884444,0.97545284,0.0
SRR1720524,0.00023349992,0.0012595312,0.0016851852,0.9929687,0.00073729455,0.0019688653,0.0011468267,0.0
ERR501387,0.00023272939,0.001262908,0.0016902329,0.9929729,0.0007341803,0.0019683838,0.0011386012,0.0
ERR1512220,0.007696748,0.0036548614,0.00072715885,0.009295021,0.0012554452,0.97234356,0.0050272867,0.0
ERR330043,0.0018980558,0.98295534,0.003079863,0.0033205585,0.0017705733,0.0011426249,0.0058330595,0.0
ERR1384794,0.00023827505,0.00123721,0.0016673305,0.9928974,0.00076104654,0.0020064956,0.0011922973,0.0
SRR7704521,0.0002565778,0.001194825,0.0016465352,0.99252814,0.0008683256,0.002194934,0.0013105781,0.0
ERR1689805,0.0050000935,0.0036334568,0.009096714,0.0050869165,0.00084149075,0.00088847405,0.97545284,0.0
SRR8610249,0.0050045946,0.003637086,0.009096035,0.005085784,0.0008433771,0.0008899745,0.9754432,0.0
ERR2570338,0.78751326,0.044859473,0.042678695,0.004607379,0.0007749981,0.040737677,0.07882852,0.0
ERR1689095,0.0050000935,0.0036334568,0.009096714,0.0050869165,0.00084149075,0.00088847405,0.97545284,0.0
ERR2287454,0.0077137924,0.0036594295,0.0007279495,0.009269947,0.0012564113,0.972332,0.005040407,0.0
ERR1743299,0.0018980558,0.98295534,0.003079863,0.0033205585,0.0017705733,0.0011426249,0.0058330595,0.0
SRR1649674,0.0018980558,0.98295534,0.003079863,0.0033205585,0.0017705733,0.0011426249,0.0058330595,0.0
ERR2002033,8.712635e-05,0.004848987,0.004258424,0.8131733,0.00056549907,0.08592966,0.0011988878,0.089938164
ERR1383197,0.00023717969,0.0012416984,0.0016766468,0.99289936,0.0007568096,0.002009216,0.0011790573,0.0
ERR2213196,0.0076968917,0.0036549186,0.00072718784,0.009295017,0.0012554739,0.9723431,0.0050274315,0.0
ERR1383568,0.00023898324,0.0012345336,0.0016554535,0.9929136,0.000762129,0.0019912196,0.0012040472,0.0
SRR1950698,0.0002323735,0.001264163,0.0016921443,0.9929743,0.0007330533,0.0019682439,0.0011356913,0.0
ERR1428237,0.0050000935,0.0036334568,0.009096714,0.0050869165,0.00084149075,0.00088847405,0.97545284,0.0
SRR957757,0.0002323735,0.001264163,0.0016921443,0.9929743,0.0007330533,0.0019682439,0.0011356913,0.0
SRR1618283,0.00023237347,0.0012641628,0.0016921441,0.9929742,0.0007330532,0.0019682436,0.00113581,0.0
SRR2097588,0.0018980558,0.98295534,0.003079863,0.0033205585,0.0017705733,0.0011426249,0.0058330595,0.0
ERR1512211,0.007696748,0.0036548614,0.00072715885,0.009295021,0.0012554452,0.97234356,0.0050272867,0.0
ERR525817,0.00023492408,0.0012508562,0.0016842968,0.99292946,0.0007461769,0.0019942967,0.001159986,0.0
SRR6663501,0.0018980558,0.98295534,0.003079863,0.0033205585,0.0017705733,0.0011426249,0.0058330595,0.0
SRR8611103,0.0050000935,0.0036334568,0.009096714,0.0050869165,0.00084149075,0.00088847405,0.97545284,0.0
ERR309813,0.0076967496,0.0036548914,0.0007271297,0.009294877,0.0012554454,0.9723436,0.005027288,0.0
SRR632581,0.0018980558,0.98295534,0.003079863,0.0033205585,0.0017705733,0.0011426249,0.0058330595,0.0
ERR2233265,0.0018980558,0.98295534,0.003079863,0.0033205585,0.0017705733,0.0011426249,0.0058330595,0.0
SRR3647852,0.00023255167,0.0012636854,0.0016916959,0.9929734,0.0007334688,0.0019686876,0.0011365226,0.0
ERR719602,0.0002333523,0.0012592695,0.0016882868,0.9929593,0.00073780376,0.0019769357,0.0011449582,0.0
SRR3632950,0.0018980558,0.98295534,0.003079863,0.0033205585,0.0017705733,0.0011426249,0.0058330595,0.0
SRR5915042,0.0018980558,0.98295534,0.003079863,0.0033205585,0.0017705733,0.0011426249,0.0058330595,0.0
DRR044173,0.00023249222,0.0012637154,0.0016918152,0.9929731,0.000733469,0.001968926,0.0011364932,0.0
SRR6078456,0.0018980558,0.98295534,0.003079863,0.0033205585,0.0017705733,0.0011426249,0.0058330595,0.0
SRR6457441,0.0018980558,0.98295534,0.003079863,0.0033205585,0.0017705733,0.0011426249,0.0058330595,0.0
ERR2020022,0.0077016624,0.0036494676,0.00072833535,0.009290867,0.0012578847,0.97233576,0.0050359904,0.0
SRR5626922,0.0018980558,0.98295534,0.003079863,0.0033205585,0.0017705733,0.0011426249,0.0058330595,0.0
ERR1522894,0.02465446,0.0038878722,0.007750149,0.00013986723,0.0044367923,0.851045,0.10808593,0.0
SRR7275949,0.0018980558,0.98295534,0.003079863,0.0033205585,0.0017705733,0.0011426249,0.0058330595,0.0
SRR3732543,0.0002489784,0.00119719,0.0016303745,0.9927582,0.00081075606,0.0020617745,0.0012927428,0.0
SRR994588,0.00023243293,0.0012641032,0.0016921142,0.99297416,0.0007331126,0.0019682434,0.0011357802,0.0
SRR6765051,0.0050000935,0.0036334568,0.009096714,0.0050869165,0.00084149075,0.00088847405,0.97545284,0.0
ERR1462883,0.0002323735,0.001264163,0.0016921443,0.9929743,0.0007330533,0.0019682439,0.0011356913,0.0
ERR308519,0.00023713708,0.0017433167,0.0034678578,0.91273475,0.0013472736,0.069276065,0.0009379685,0.010255575
SRR6408593,0.00023382672,0.00125709,0.0016870861,0.99295425,0.0007397622,0.0019787077,0.0011492936,0.0
SRR6078483,0.0018980558,0.98295534,0.003079863,0.0033205585,0.0017705733,0.0011426249,0.0058330595,0.0
ERR1226414,0.0050000935,0.0036334568,0.009096714,0.0050869165,0.00084149075,0.00088847405,0.97545284,0.0
ERR1689097,0.0050000935,0.0036334568,0.009096714,0.0050869165,0.00084149075,0.00088847405,0.97545284,0.0
ERR499709,0.00023296633,0.0012617125,0.0016883515,0.9929718,0.00073527766,0.0019683156,0.0011415707,0.0
SRR996934,0.00023249222,0.0012638939,0.001691845,0.9929738,0.00073332025,0.0019682716,0.0011362849,0.0
ERR1437512,0.0018980558,0.98295534,0.003079863,0.0033205585,0.0017705733,0.0011426249,0.0058330595,0.0
ERR1691028,0.0050000935,0.0036334568,0.009096714,0.0050869165,0.00084149075,0.00088847405,0.97545284,0.0
SRR5406954,0.0018980558,0.98295534,0.003079863,0.0033205585,0.0017705733,0.0011426249,0.0058330595,0.0
SRR7453461,0.00023252203,0.0012638943,0.0016918454,0.9929739,0.0007332312,0.001968272,0.0011362555,0.0
SRR5525199,0.00023664502,0.0012442305,0.0016797157,0.992912,0.0007530642,0.0020000609,0.0011742424,0.0
SRR5486621,0.0018980558,0.98295534,0.003079863,0.0033205585,0.0017705733,0.0011426249,0.0058330595,0.0
ERR1226671,0.0050000935,0.0036334568,0.009096714,0.0050869165,0.00084149075,0.00088847405,0.97545284,0.0
SRR6975958,0.0018980558,0.98295534,0.003079863,0.0033205585,0.0017705733,0.0011426249,0.0058330595,0.0
SRR1623141,0.0018980558,0.98295534,0.003079863,0.0033205585,0.0017705733,0.0011426249,0.0058330595,0.0
ERR560618,0.00023793054,0.0012475663,0.0016763113,0.9928604,0.00076676754,0.0020357205,0.0011753453,0.0
ERR1689797,0.0050000935,0.0036334568,0.009096714,0.0050869165,0.00084149075,0.00088847405,0.97545284,0.0
ERR1428476,0.0050000935,0.0036334568,0.009096714,0.0050869165,0.00084149075,0.00088847405,0.97545284,0.0
SRR3419417,0.00026117289,0.0011875469,0.0017565297,0.9924258,0.000857073,0.0022375626,0.0012743666,0.0
ERR1462884,0.001490879,0.055332646,0.0003793509,0.011877209,0.004813857,0.9224696,0.0036364926,0.0
SRR5178578,0.0018980558,0.98295534,0.003079863,0.0033205585,0.0017705733,0.0011426249,0.0058330595,0.0
SRR8356318,0.00023785628,0.0012417187,0.0016563387,0.99295074,0.0007538411,0.001967958,0.0011915716,0.0
ERR1135191,0.0076970654,0.003654449,0.00072718767,0.009296363,0.0012555323,0.9723421,0.0050272546,0.0
SRR5177380,0.0018980558,0.98295534,0.003079863,0.0033205585,0.0017705733,0.0011426249,0.0058330595,0.0
ERR2495607,0.0050000935,0.0036334568,0.009096714,0.0050869165,0.00084149075,0.00088847405,0.97545284,0.0
SRR6346154,0.0018980558,0.98295534,0.003079863,0.0033205585,0.0017705733,0.0011426249,0.0058330595,0.0
SRR6412169,0.00023246267,0.0012641032,0.0016920547,0.99297416,0.0007331126,0.0019682434,0.0011358099,0.0
SRR1119135,0.007879335,0.007841948,0.9407302,0.006737949,0.009433328,6.168039e-05,0.027315583,0.0
SRR5150182,0.0018980558,0.98295534,0.003079863,0.0033205585,0.0017705733,0.0011426249,0.0058330595,0.0
SRR7901863,0.0050000935,0.0036334568,0.009096714,0.0050869165,0.00084149075,0.00088847405,0.97545284,0.0
ERR1523143,0.0076968367,0.003655096,0.00072712963,0.009294612,0.0012554745,0.9723435,0.0050272876,0.0
ERR719606,0.00023361876,0.0012584894,0.0016855709,0.99296266,0.00073830545,0.0019735044,0.0011478373,0.0
DRR018399,0.00023341105,0.0012593548,0.0016866453,0.9929645,0.0007375039,0.0019723782,0.0011461145,0.0
SRR1927905,0.014340871,0.96508294,0.0026140097,0.0007374461,0.006849562,0.008182523,0.002192645,0.0
ERR1582565,0.0018980558,0.98295534,0.003079863,0.0033205585,0.0017705733,0.0011426249,0.0058330595,0.0
SRR7270437,0.0076980917,0.0036555333,0.0007271878,0.0092932,0.0012556203,0.97234166,0.0050288076,0.0
SRR6408818,0.00023246263,0.0012639541,0.0016919352,0.9929741,0.0007332612,0.001968243,0.001136018,0.0
DRR029258,0.00023267024,0.0012632965,0.001690979,0.9929728,0.0007339434,0.0019686245,0.0011376807,0.0
ERR2511379,0.00023468562,0.0012535305,0.0016790284,0.9929547,0.00074290344,0.0019759398,0.0011592399,0.0
SRR6412195,0.0050005964,0.0036374952,0.009105432,0.0050759767,0.0008422859,0.00089101784,0.9754473,0.0
SRR5406951,0.0018980558,0.98295534,0.003079863,0.0033205585,0.0017705733,0.0011426249,0.0058330595,0.0
SRR2897188,0.0076975403,0.0036552136,0.0007272176,0.009293471,0.001255504,0.9723433,0.0050278152,0.0
ERR1103338,0.0018980558,0.98295534,0.003079863,0.0033205585,0.0017705733,0.0011426249,0.0058330595,0.0
SRR618764,0.007879335,0.007841948,0.9407302,0.006737949,0.009433328,6.168039e-05,0.027315583,0.0
SRR7449454,0.00023246273,0.0012641035,0.0016919955,0.99297434,0.0007330533,0.0019682439,0.0011357805,0.0
ERR1691437,0.0050000935,0.0036334568,0.009096714,0.0050869165,0.00084149075,0.00088847405,0.97545284,0.0
SRR1770701,0.007879335,0.007841948,0.9407302,0.006737949,0.009433328,6.168039e-05,0.027315583,0.0
SRR1747717,0.0018980558,0.98295534,0.003079863,0.0033205585,0.0017705733,0.0011426249,0.0058330595,0.0
SRR1824443,0.0018980558,0.98295534,0.003079863,0.0033205585,0.0017705733,0.0011426249,0.0058330595,0.0
SRR2123655,0.0018980558,0.98295534,0.003079863,0.0033205585,0.0017705733,0.0011426249,0.0058330595,0.0
SRR1030783,0.007879335,0.007841948,0.9407302,0.006737949,0.009433328,6.168039e-05,0.027315583,0.0
SRR6265630,0.00023243293,0.0012641032,0.0016921142,0.99297416,0.00073314237,0.0019682434,0.0011357504,0.0
SRR8608295,0.0050000935,0.0036334568,0.009096714,0.0050869165,0.00084149075,0.00088847405,0.97545284,0.0
SRR1949237,0.00023243295,0.0012641033,0.0016920846,0.9929742,0.0007331127,0.0019682436,0.0011357804,0.0
ERR1690047,0.0050000935,0.0036334568,0.009096714,0.0050869165,0.00084149075,0.00088847405,0.97545284,0.0
SRR5179919,0.0018980558,0.98295534,0.003079863,0.0033205585,0.0017705733,0.0011426249,0.0058330595,0.0
SRR1949055,0.0002347753,0.0012527298,0.0016823332,0.99294466,0.0007440054,0.0019824875,0.0011590042,0.0
SRR6264356,0.00032498364,0.00097011065,0.0012358228,0.99210835,0.0011045702,0.0019502583,0.0023059468,0.0
SRR5566263,0.007696748,0.0036548614,0.00072715885,0.009295021,0.0012554452,0.97234356,0.0050272867,0.0
SRR8605737,0.0050000935,0.0036334568,0.009096714,0.0050869165,0.00084149075,0.00088847405,0.97545284,0.0
SRR5431468,0.0002323735,0.001264163,0.0016921443,0.9929743,0.0007330533,0.0019682439,0.0011356913,0.0
ERR2511289,0.00023658278,0.0012451976,0.0016688396,0.99293715,0.0007511221,0.0019827564,0.0011784523,0.0
ERR543237,0.007879335,0.007841948,0.9407302,0.006737949,0.009433328,6.168039e-05,0.027315583,0.0
ERR1313975,0.00023925764,0.0012212134,0.001696903,0.9927063,0.00078279246,0.0021592379,0.0011943846,0.0
ERR1745163,0.0050000935,0.0036334568,0.009096714,0.0050869165,0.00084149075,0.00088847405,0.97545284,0.0
SRR6931741,0.00026059247,0.0011268252,0.0021116524,0.98779285,0.0012380744,0.006300075,0.0011698856,0.0
ERR1385155,0.00023933996,0.0012333429,0.0016556602,0.9929049,0.0007640319,0.0019967798,0.0012059498,0.0
SRR6145494,0.0018980558,0.98295534,0.003079863,0.0033205585,0.0017705733,0.0011426249,0.0058330595,0.0
SRR7902229,0.0012142956,0.3338362,0.10271329,0.0001257956,0.005829543,0.00019776821,0.24784416,0.30823898
SRR062206,0.0018980558,0.98295534,0.003079863,0.0033205585,0.0017705733,0.0011426249,0.0058330595,0.0
SRR2059873,0.007879335,0.007841948,0.9407302,0.006737949,0.009433328,6.168039e-05,0.027315583,0.0
SRR6745850,0.0018980558,0.98295534,0.003079863,0.0033205585,0.0017705733,0.0011426249,0.0058330595,0.0
SRR6265009,0.00023367933,0.0012577814,0.0016883153,0.9929511,0.0007396474,0.0019826752,0.0011468015,0.0
DRR050829,0.0002324328,0.0012638348,0.0016919347,0.9929737,0.0007332907,0.00196851,0.0011362258,0.0
ERR2011873,0.00023302571,0.0012614145,0.0016884102,0.9929702,0.00073557475,0.001969445,0.0011420164,0.0
DRR047422,0.00023305534,0.0012613246,0.0016881714,0.99297,0.0007356339,0.001969355,0.001142462,0.0
SRR1788315,0.007879335,0.007841948,0.9407302,0.006737949,0.009433328,6.168039e-05,0.027315583,0.0
ERR923626,0.0050000935,0.0036334568,0.009096714,0.0050869165,0.00084149075,0.00088847405,0.97545284,0.0
ERR2247340,0.0002498581,0.0011928182,0.001601566,0.9928021,0.00081068574,0.0020262832,0.0013167063,0.0
SRR1632421,0.0002323735,0.001264163,0.0016921443,0.9929743,0.0007330533,0.0019682439,0.0011356913,0.0
SRR1633011,0.0002323735,0.001264163,0.0016921443,0.9929743,0.0007330533,0.0019682439,0.0011356913,0.0
ERR1263880,0.0076992568,0.0036549738,0.00072727504,0.0092941895,0.0012559121,0.9723391,0.005029301,0.0
DRR048214,0.00023284781,0.001261834,0.0016898719,0.9929688,0.0007352197,0.0019709074,0.0011404725,0.0
ERR1382558,0.00023797718,0.0012388732,0.0016638177,0.9929103,0.0007593497,0.0019977768,0.0011919382,0.0
SRR920728,0.0002323735,0.001264163,0.0016921443,0.9929743,0.0007330533,0.0019682439,0.0011356913,0.0
ERR1713357,0.7935044,0.03809954,0.04306159,0.005097079,0.0007676996,0.042535033,0.07693463,0.0
ERR498714,0.00023252214,0.001264103,0.0016920544,0.99297404,0.0007331125,0.0019682432,0.0011358396,0.0
SRR5786423,0.0018980558,0.98295534,0.003079863,0.0033205585,0.0017705733,0.0011426249,0.0058330595,0.0
ERR1533486,0.007699664,0.0036598344,0.00072660117,0.0092867175,0.0012572297,0.97234064,0.0050293286,0.0
SRR5914974,0.0018980558,0.98295534,0.003079863,0.0033205585,0.0017705733,0.0011426249,0.0058330595,0.0
ERR487680,0.0045692273,0.0052801175,0.0007627868,0.014832834,0.0012943308,0.96710455,0.0061561014,0.0
ERR1315681,0.00023258117,0.0012635055,0.0016912181,0.99297315,0.0007337655,0.0019685666,0.0011372353,0.0
ERR1384247,0.00023501147,0.0012528987,0.0016756874,0.99295974,0.00074328587,0.00197111,0.0011622672,0.0
SRR996285,0.0002323735,0.001264163,0.0016921443,0.9929743,0.0007330533,0.0019682439,0.0011356913,0.0
SRR919574,0.0002323735,0.001264163,0.0016921443,0.9929743,0.0007330533,0.0019682439,0.0011356913,0.0
SRR2010530,0.0002326704,0.0012632974,0.0016915156,0.9929717,0.00073394395,0.0019696373,0.0011372651,0.0
ERR1263494,0.0076873894,0.0036505207,0.0007280305,0.009373924,0.0012589478,0.9722514,0.0050497614,0.0
SRR1426725,0.0076967496,0.003654862,0.00072715903,0.009294907,0.0012554454,0.9723436,0.0050272294,0.0
SRR919579,0.0002324329,0.001264103,0.0016921734,0.9929741,0.00073308276,0.0019682432,0.0011358396,0.0
SRR1949031,0.00026455292,0.0012018235,0.0018818899,0.99238634,0.00084001204,0.0023102264,0.0011151863,0.0
SRR5915414,0.0018980558,0.98295534,0.003079863,0.0033205585,0.0017705733,0.0011426249,0.0058330595,0.0
SRR6005070,0.0018980558,0.98295534,0.003079863,0.0033205585,0.0017705733,0.0011426249,0.0058330595,0.0
SRR5181110,0.0018980558,0.98295534,0.003079863,0.0033205585,0.0017705733,0.0011426249,0.0058330595,0.0
SRR3063176,0.007879335,0.007841948,0.9407302,0.006737949,0.009433328,6.168039e-05,0.027315583,0.0
ERR499479,0.00023960444,0.0012333264,0.0016471319,0.99292856,0.0007623859,0.0019779562,0.0012109602,0.0
ERR441997,0.00023276046,0.0012646702,0.0016897667,0.9929683,0.00073394657,0.0019704474,0.0011400058,0.0
ERR1428224,0.0050000935,0.0036334568,0.009096714,0.0050869165,0.00084149075,0.00088847405,0.97545284,0.0
DRR043018,0.00023867132,0.0012389552,0.0017004439,0.9928497,0.0007617315,0.0020370348,0.0011734277,0.0
ERR2854533,0.007697158,0.0036549785,0.0007272174,0.009294318,0.0012554744,0.9723431,0.0050277556,0.0
SRR6005066,0.0018980558,0.98295534,0.003079863,0.0033205585,0.0017705733,0.0011426249,0.0058330595,0.0
SRR2048135,0.0018980558,0.98295534,0.0030798924,0.00332047,0.0017706323,0.0011426249,0.0058330595,0.0
ERR1522690,0.007700016,0.0037450076,0.0007189512,0.009227425,0.0012815591,0.9722317,0.005095366,0.0
SRR6444312,0.00024284342,0.0012195706,0.0016527629,0.9928304,0.00078343396,0.002038011,0.0012329546,0.0
SRR5177417,0.0018980558,0.98295534,0.003079863,0.0033205585,0.0017705733,0.0011426249,0.0058330595,0.0
SRR6414403,0.00023281827,0.0012618054,0.0016906764,0.99296737,0.00073522027,0.0019720395,0.0011400272,0.0
SRR980653,0.007879335,0.007841948,0.9407302,0.006737949,0.009433328,6.168039e-05,0.027315583,0.0
SRR1923118,0.007879335,0.007841948,0.9407302,0.006737949,0.009433328,6.168039e-05,0.027315583,0.0
SRR8608261,0.016476337,0.0013164763,0.0076408824,0.045518894,0.012441641,0.0010030693,0.9156026,0.0
ERR923909,0.016475992,0.001316422,0.0076409467,0.04551914,0.012440873,0.0010030426,0.9156036,0.0
ERR1691366,0.0050000935,0.0036334568,0.009096714,0.0050869165,0.00084149075,0.00088847405,0.97545284,0.0
SRR5178892,0.0018980558,0.98295534,0.003079863,0.0033205585,0.0017705733,0.0011426249,0.0058330595,0.0
ERR1690066,0.0050000935,0.0036334568,0.009096714,0.0050869165,0.00084149075,0.00088847405,0.97545284,0.0
SRR7449505,0.0002324329,0.001264103,0.0016922031,0.99297386,0.00073308276,0.0019684217,0.0011358098,0.0
ERR2528842,0.007696748,0.0036548614,0.00072715885,0.009295021,0.0012554452,0.97234356,0.0050272867,0.0
SRR1631677,0.0002323735,0.001264163,0.0016921443,0.9929743,0.0007330533,0.0019682439,0.0011356913,0.0
SRR656632,0.007879335,0.007841948,0.9407302,0.006737949,0.009433328,6.168039e-05,0.027315583,0.0
SRR8609411,0.0050000935,0.0036334568,0.009096714,0.0050869165,0.00084149075,0.00088847405,0.97545284,0.0
ERR1315046,0.00023489297,0.0012528716,0.0016773267,0.9929554,0.00074346585,0.001974713,0.0011613475,0.0
SRR7902180,0.0050000935,0.0036334568,0.009096714,0.0050869165,0.00084149075,0.00088847405,0.97545284,0.0
SRR3933900,0.0002334718,0.001258499,0.0016911462,0.9929517,0.00073860853,0.001982235,0.0011442766,0.0
ERR1897223,0.0018980558,0.98295534,0.003079863,0.0033205585,0.0017705733,0.0011426249,0.0058330595,0.0
SRR1582770,0.0018980558,0.98295534,0.003079863,0.0033205585,0.0017705733,0.0011426249,0.0058330595,0.0
SRR5178098,0.0002323735,0.001264163,0.0016921443,0.9929743,0.0007330533,0.0019682439,0.0011356913,0.0
ERR1548843,0.0025429153,0.037591342,0.078646705,0.035610422,0.8053833,0.0066043963,0.03362083,0.0
ERR1689914,0.0050000935,0.0036334568,0.009096714,0.0050869165,0.00084149075,0.00088847405,0.97545284,0.0
SRR6411755,0.0002323735,0.001264163,0.0016921443,0.9929743,0.0007330533,0.0019682439,0.0011356913,0.0
SRR2897147,0.007697158,0.0036550371,0.00072715885,0.0092942305,0.0012555037,0.9723433,0.0050275503,0.0
SRR1818161,0.0018980558,0.98295534,0.003079863,0.0033205585,0.0017705733,0.0011426249,0.0058330595,0.0
ERR1960733,0.0002323735,0.001264163,0.0016921443,0.9929743,0.0007330533,0.0019682439,0.0011356913,0.0
SRR5176100,0.0018980558,0.98295534,0.003079863,0.0033205585,0.0017705733,0.0011426249,0.0058330595,0.0
ERR531612,0.0002339158,0.0012565835,0.0016856572,0.9929513,0.00074074324,0.0019812346,0.001150542,0.0
ERR924191,0.011828493,0.0009251925,0.007945727,0.04832431,0.0052011823,0.00054226763,0.92523277,0.0
SRR2145655,0.0023057486,0.0028336572,0.001536231,0.060502116,0.002098106,0.9266271,0.0040970305,0.0
SRR3822712,0.0018980558,0.98295534,0.003079863,0.0033205585,0.0017705733,0.0011426249,0.0058330595,0.0
DRR029234,0.0002373312,0.0012423674,0.0016895756,0.99288464,0.00075637235,0.0020170326,0.0011727059,0.0
ERR1677213,0.0050000935,0.0036334568,0.009096714,0.0050869165,0.00084149075,0.00088847405,0.97545284,0.0
SRR4826108,0.0018980558,0.98295534,0.003079863,0.0033205585,0.0017705733,0.0011426249,0.0058330595,0.0
ERR1309931,0.00023465582,0.0012542143,0.0016782546,0.9929586,0.0007423678,0.0019730243,0.001158853,0.0
SRR8610079,0.0050000935,0.0036334568,0.009096714,0.0050869165,0.00084149075,0.00088847405,0.97545284,0.0
ERR1263751,0.0076972614,0.0036545326,0.0007271576,0.009297084,0.0012557065,0.9723394,0.005028889,0.0
ERR695287,0.0076970425,0.003654862,0.0007272176,0.009294731,0.0012554748,0.9723434,0.005027259,0.0
SRR6393961,0.00023255155,0.0012634766,0.0016914571,0.99297273,0.0007337064,0.0019691328,0.0011370576,0.0
DRR050838,0.00023311473,0.0012606102,0.0016889143,0.9929655,0.00073640695,0.001972507,0.0011429373,0.0
SRR1923905,0.0002323735,0.001264163,0.0016921443,0.9929743,0.0007330533,0.0019682439,0.0011356913,0.0
SRR3742039,0.0018980558,0.98295534,0.003079863,0.0033205585,0.0017705733,0.0011426249,0.0058330595,0.0
ERR466726,0.0077011012,0.0036589566,0.0007293838,0.009336687,0.0012606275,0.9722353,0.005077891,0.0
ERR1725405,0.0050000935,0.0036334568,0.009096714,0.0050869165,0.00084149075,0.00088847405,0.97545284,0.0
ERR1582329,0.0018980558,0.98295534,0.003079863,0.0033205585,0.0017705733,0.0011426249,0.0058330595,0.0
SRR4826171,0.0018979966,0.9829553,0.0030798921,0.003320558,0.0017705731,0.0011426248,0.005833059,0.0
SRR5180309,0.0018980558,0.98295534,0.003079863,0.0033205585,0.0017705733,0.0011426249,0.0058330595,0.0
SRR3362221,0.00023868983,0.0012355061,0.0016642852,0.9928939,0.0007630936,0.0020074632,0.0011971373,0.0
ERR487843,0.007697453,0.0036552136,0.0007271883,0.009293559,0.0012555625,0.9723432,0.0050277566,0.0
ERR1897315,0.0018980558,0.98295534,0.003079863,0.0033205585,0.0017705733,0.0011426249,0.0058330595,0.0
SRR6451740,0.00024150043,0.0012259418,0.0016343809,0.99292123,0.00076958933,0.0019760802,0.0012313251,0.0
SRR5915632,0.0018980558,0.98295534,0.003079863,0.0033205585,0.0017705733,0.0011426249,0.0058330595,0.0
ERR906509,0.007696748,0.0036548614,0.00072715885,0.009295021,0.0012554452,0.97234356,0.0050272867,0.0
SRR803022,0.0018980558,0.98295534,0.003079863,0.0033205585,0.0017705733,0.0011426249,0.0058330595,0.0
SRR7704531,0.0002338259,0.0012581564,0.0016826481,0.9929684,0.00073848054,0.0019683493,0.0011501521,0.0
ERR1690237,0.0050000935,0.0036334568,0.009096714,0.0050869165,0.00084149075,0.00088847405,0.97545284,0.0
ERR1616417,0.007696748,0.0036548614,0.00072715885,0.009295021,0.0012554452,0.97234356,0.0050272867,0.0
SRR5827436,0.0018980558,0.98295534,0.003079863,0.0033205585,0.0017705733,0.0011426249,0.0058330595,0.0
SRR5896025,0.0018980558,0.98295534,0.003079863,0.0033205585,0.0017705733,0.0011426249,0.0058330595,0.0
ERR209789,0.00024542346,0.0011995736,0.0017625812,0.99122757,0.00091702887,0.0032460976,0.0014017186,0.0
SRR6408658,0.0002323735,0.001264163,0.0016921443,0.9929743,0.0007330533,0.0019682439,0.0011356913,0.0
ERR1135718,0.0076999706,0.0036532215,0.000727569,0.009298508,0.0012563239,0.97233677,0.005027522,0.0
SRR976715,0.00500062,0.0036343704,0.009096612,0.005086465,0.00084140064,0.00088835426,0.97545224,0.0
ERR1456934,0.0077053024,0.0036530897,0.000728597,0.009291193,0.0012570905,0.9723357,0.0050290646,0.0
SRR1649663,0.0018980558,0.98295534,0.003079863,0.0033205585,0.0017705733,0.0011426249,0.0058330595,0.0
DRR024145,0.00023542691,0.0012500975,0.0016761861,0.9929449,0.0007464059,0.00198062,0.0011664266,0.0
SRR8605362,0.0050000935,0.0036334568,0.009096714,0.0050869165,0.00084149075,0.00088847405,0.97545284,0.0
ERR792523,0.0018980558,0.98295534,0.003079863,0.0033205585,0.0017705733,0.0011426249,0.0058330595,0.0
SRR5180838,0.0018980558,0.98295534,0.003079863,0.0033204993,0.0017705733,0.0011426249,0.0058330595,0.0
ERR2247320,0.00024130665,0.0012277104,0.0016640433,0.9928269,0.00077980745,0.002047701,0.0012125414,0.0
SRR6058676,0.0018980558,0.98295534,0.003079863,0.0033205585,0.0017705733,0.0011426249,0.0058330595,0.0
ERR1548819,0.0025429153,0.037591342,0.078646705,0.035610422,0.8053833,0.0066043963,0.03362083,0.0
SRR5175912,0.0018980558,0.98295534,0.003079863,0.0033205585,0.0017705733,0.0011426249,0.0058330595,0.0
SRR5141885,0.00023246267,0.0012641032,0.0016921142,0.99297416,0.0007331126,0.0019682434,0.0011357802,0.0
ERR1135404,0.0076972796,0.0036546292,0.00072727643,0.009295056,0.0012556216,0.9723427,0.0050274655,0.0
SRR3624397,0.0012142956,0.3338362,0.10271329,0.0001257956,0.005829543,0.00019776821,0.24784416,0.30823898
SRR3191041,0.00023352957,0.0012585492,0.0016858093,0.99296314,0.0007382164,0.0019732073,0.0011475402,0.0
ERR1256132,0.0076967487,0.0036548618,0.0007271589,0.009294963,0.0012554453,0.9723435,0.005027229,0.0
ERR1897276,0.0018980558,0.98295534,0.003079863,0.0033205585,0.0017705733,0.0011426249,0.0058330595,0.0
SRR5165706,0.00023255155,0.0012636253,0.0016913381,0.99297386,0.00073352794,0.0019682404,0.0011369386,0.0
SRR2924511,0.00023744523,0.0012407056,0.0016723783,0.9929055,0.0007570705,0.002003487,0.0011833594,0.0
ERR494398,0.00023252211,0.0012639839,0.0016921137,0.9929734,0.0007332612,0.001968719,0.0011359882,0.0
ERR525975,0.00024109149,0.001225593,0.0016565002,0.9928647,0.00077356875,0.0020189404,0.0012195851,0.0
ERR1689180,0.0050000935,0.0036334568,0.009096714,0.0050869165,0.00084149075,0.00088847405,0.97545284,0.0
SRR5590600,0.0018980558,0.98295534,0.003079863,0.0033205585,0.0017705733,0.0011426249,0.0058330595,0.0
ERR1593349,0.007879335,0.007841948,0.9407302,0.006737949,0.009433328,6.168039e-05,0.027315583,0.0
ERR1256762,0.0071535255,0.0037961751,0.00074122025,0.010062645,0.0012371545,0.9717213,0.005288051,0.0
ERR2247325,0.00031439457,0.0011350081,0.001827937,0.9914441,0.0011091083,0.0026396594,0.001529778,0.0
ERR1398198,0.0002375619,0.0012401879,0.0016668297,0.99291533,0.0007570036,0.0019952878,0.0011877202,0.0
ERR1383108,0.00023718327,0.0012436804,0.0016792896,0.9928851,0.0007590519,0.0020208466,0.0011748513,0.0
SRR7453599,0.0002324627,0.0012640439,0.0016919953,0.9929743,0.0007331127,0.0019682436,0.0011358695,0.0
ERR2511716,0.00026516023,0.0011606744,0.0016395508,0.9924382,0.0008929271,0.002210521,0.0013929163,0.0
SRR5801360,0.007879335,0.007841948,0.9407302,0.006737949,0.009433328,6.168039e-05,0.027315583,0.0
ERR1512040,0.0017607384,0.0017402008,0.0025891915,0.11928631,0.0032934702,0.86939377,0.001936257,0.0
ERR2495614,0.0050000935,0.0036334568,0.009096714,0.0050869165,0.00084149075,0.00088847405,0.97545284,0.0
ERR2286317,0.00024132531,0.0012256019,0.0016435045,0.99288875,0.0007727823,0.0020010313,0.0012270295,0.0
SRR2168026,0.0018980558,0.98295534,0.003079863,0.0033205585,0.0017705733,0.0011426249,0.0058330595,0.0
ERR1582697,0.0018980558,0.98295534,0.003079863,0.0033205585,0.0017705733,0.0011426249,0.0058330595,0.0
SRR6745429,0.0018980558,0.98295534,0.003079863,0.0033205585,0.0017705733,0.0011426249,0.0058330595,0.0
SRR6408941,0.00023394475,0.0012575609,0.0016833314,0.9929641,0.0007391048,0.0019712038,0.0011507762,0.0
SRR5083309,0.007699197,0.003655852,0.0007271871,0.009292606,0.0012559999,0.9723397,0.005029418,0.0
SRR980681,0.007879335,0.007841948,0.9407302,0.006737949,0.009433328,6.168039e-05,0.027315583,0.0
ERR1720623,0.0050000935,0.0036334568,0.009096714,0.0050869165,0.00084149075,0.00088847405,0.97545284,0.0
ERR498767,0.00024055257,0.0012295604,0.0016408315,0.99292296,0.00076633005,0.0019786104,0.0012211434,0.0
ERR531603,0.00024625225,0.0012140097,0.0017105892,0.9926947,0.0007994647,0.002123409,0.0012116004,0.0
SRR5915809,0.0018980558,0.98295534,0.003079863,0.0033205585,0.0017705733,0.0011426249,0.0058330595,0.0
SRR765703,0.007879335,0.007841948,0.9407302,0.006737949,0.009433328,6.168039e-05,0.027315583,0.0
ERR1521968,0.007696748,0.0036548614,0.00072715885,0.009295021,0.0012554452,0.97234356,0.0050272867,0.0
ERR1582736,0.0018980558,0.98295534,0.003079863,0.0033205585,0.0017705733,0.0011426249,0.0058330595,0.0
SRR996116,0.0002323735,0.001264163,0.0016921443,0.9929743,0.0007330533,0.0019682439,0.0011356913,0.0
SRR3884384,0.0018980558,0.98295534,0.003079863,0.0033205585,0.0017705733,0.0011426249,0.0058330595,0.0
ERR1297700,0.00025342286,0.0011936838,0.001688306,0.9926131,0.00082867284,0.0021409935,0.0012818659,0.0
SRR6414102,0.00023305527,0.0012610267,0.0016881708,0.99296916,0.00073596084,0.001970068,0.00114264,0.0
ERR1523165,0.007696748,0.0036548614,0.00072715885,0.009295021,0.0012554452,0.97234356,0.0050272867,0.0
SRR3589584,0.0018980558,0.98295534,0.003079863,0.0033204993,0.0017705733,0.0011426249,0.0058330595,0.0
ERR1589322,0.007879335,0.007841948,0.9407302,0.006737949,0.009433328,6.168039e-05,0.027315583,0.0
SRR1556891,0.0005745523,0.94317544,0.003067895,0.04678782,0.004214608,0.0013074046,0.00087231275,0.0
SRR5031320,0.0018980558,0.98295534,0.003079863,0.0033205585,0.0017705733,0.0011426249,0.0058330595,0.0
SRR5590522,0.0018980558,0.98295534,0.003079863,0.0033205585,0.0017705733,0.0011426249,0.0058330595,0.0
ERR1314167,0.00023702603,0.0012432489,0.0016629596,0.99294174,0.00075242156,0.0019779135,0.001184684,0.0
SRR6414333,0.00023258093,0.0012632664,0.0016907704,0.99297327,0.00073388376,0.0019683563,0.0011379184,0.0
ERR756468,0.00770976,0.003648716,0.0007286185,0.00932091,0.0012578971,0.9723137,0.0050204,0.0
ERR695402,0.0076967487,0.0036548618,0.0007271589,0.009294905,0.0012554453,0.9723436,0.0050272876,0.0
SRR7453975,0.00023246265,0.0012640733,0.0016919652,0.99297416,0.000733172,0.0019682432,0.0011358693,0.0
ERR451426,0.0002323735,0.001264163,0.0016921443,0.9929743,0.0007330533,0.0019682439,0.0011356913,0.0
ERR1913151,0.0002340038,0.001257261,0.0016820789,0.9929653,0.0007393711,0.001970189,0.0011519043,0.0
ERR1513349,0.0076967487,0.0036549496,0.0007271589,0.009294817,0.0012554453,0.9723436,0.0050272876,0.0
ERR1690530,0.0050000935,0.0036334568,0.009096714,0.0050869165,0.00084149075,0.00088847405,0.97545284,0.0
DRR041978,0.00023471522,0.0012543924,0.0016778376,0.99296063,0.00074212963,0.0019710308,0.0011592392,0.0
SRR5312634,0.0018980558,0.98295534,0.003079863,0.0033205585,0.0017705733,0.0011426249,0.0058330595,0.0
SRR2897167,0.007697013,0.0036550085,0.0007271297,0.009294408,0.0012554454,0.9723435,0.0050274343,0.0
SRR6457402,0.0018980558,0.98295534,0.003079863,0.0033205585,0.0017705733,0.0011426249,0.0058330595,0.0
ERR441904,0.00023261055,0.0012629385,0.0016906504,0.9929724,0.00073418074,0.0019688609,0.0011383638,0.0
SRR6931344,0.00023237347,0.0012641033,0.0016921738,0.99297416,0.00073308294,0.0019683626,0.0011357804,0.0
SRR8610246,0.0050000935,0.0036334568,0.009096714,0.0050869165,0.00084149075,0.00088847405,0.97545284,0.0
SRR6148031,0.0018980558,0.98295534,0.003079863,0.0033205585,0.0017705733,0.0011426249,0.0058330595,0.0
ERR1467059,0.00023240338,0.0012639555,0.0016923832,0.99297345,0.0007331727,0.0019687805,0.0011358703,0.0
SRR5165712,0.00024232957,0.0012223546,0.001628438,0.9929175,0.00077299797,0.0019753072,0.0012411211,0.0
SRR5178735,0.0018980558,0.98295534,0.003079863,0.0033205585,0.0017705733,0.0011426249,0.0058330595,0.0
SRR3381563,0.00023255167,0.0012637746,0.0016916661,0.99297374,0.00073337957,0.0019684199,0.0011365226,0.0
ERR1523129,0.007696748,0.0036548614,0.00072715885,0.009295021,0.0012554452,0.97234356,0.0050272867,0.0
ERR1582644,0.0018980558,0.98295534,0.003079863,0.0033205585,0.0017705733,0.0011426249,0.0058330595,0.0
ERR538908,0.007879335,0.007841948,0.9407302,0.006737949,0.009433328,6.168039e-05,0.027315583,0.0
SRR6038210,0.00023243293,0.0012640437,0.0016919952,0.99297416,0.00073314237,0.0019682434,0.0011359587,0.0
SRR6264105,0.00023361867,0.0012588757,0.001684916,0.992966,0.0007379483,0.0019709754,0.0011476881,0.0
ERR1582692,0.0018980558,0.98295534,0.003079863,0.0033205585,0.0017705733,0.0011426249,0.0058330595,0.0
SRR6394092,0.00023246267,0.0012641627,0.0016921142,0.9929741,0.0007330829,0.0019682434,0.0011357802,0.0
ERR1677196,0.0050000935,0.0036334568,0.009096714,0.0050869165,0.00084149075,0.00088847405,0.97545284,0.0
SRR1617977,0.0002324329,0.001264103,0.0016920544,0.992974,0.00073314225,0.0019683326,0.0011358396,0.0
ERR1589282,0.007879335,0.007841948,0.9407302,0.006737949,0.009433328,6.168039e-05,0.027315583,0.0
SRR1747542,0.0018980558,0.98295534,0.003079863,0.0033205585,0.0017705733,0.0011426249,0.0058330595,0.0
SRR2167991,0.0018980558,0.98295534,0.003079863,0.0033205585,0.0017705733,0.0011426249,0.0058330595,0.0
SRR5178643,0.0018980558,0.98295534,0.003079863,0.0033205585,0.0017705733,0.0011426249,0.0058330595,0.0
ERR1582559,0.0018980558,0.98295534,0.003079863,0.0033205585,0.0017705733,0.0011426249,0.0058330595,0.0
SRR6931170,0.0002323735,0.001264163,0.0016921443,0.9929743,0.0007330533,0.0019682439,0.0011356913,0.0
ERR499239,0.00023427106,0.0012552658,0.0016822839,0.9929539,0.0007416601,0.001978127,0.0011544899,0.0
ERR1912950,0.00023409323,0.0012563698,0.0016833296,0.9929556,0.00074074,0.0019772996,0.00115253,0.0
ERR209580,0.00023950155,0.0012331415,0.0016890927,0.99283445,0.0007690403,0.0020490887,0.0011857289,0.0
ERR1310824,0.00023429997,0.0012557075,0.0016796009,0.9929635,0.0007408543,0.0019704755,0.0011556161,0.0
SRR6038268,0.00024964724,0.0011940841,0.0015905459,0.9928377,0.00080675166,0.0020015198,0.0013196957,0.0
SRR6931770,0.00023252217,0.0012641032,0.0016921142,0.99297404,0.0007331126,0.0019683328,0.0011357802,0.0
SRR5688045,0.0002325222,0.0012641033,0.0016920846,0.9929742,0.00073308294,0.0019682436,0.0011357804,0.0
SRR6746168,0.0019034559,0.98293364,0.0030827825,0.0033260656,0.0017720265,0.0011429167,0.0058390847,0.0
ERR2523277,0.0050000935,0.0036334568,0.009096714,0.0050869165,0.00084149075,0.00088847405,0.97545284,0.0
ERR532040,0.00023261104,0.0012636253,0.0016914273,0.99297357,0.00073352794,0.0019684487,0.0011368493,0.0
ERR1582443,0.0018980558,0.98295534,0.003079863,0.0033205585,0.0017705733,0.0011426249,0.0058330595,0.0
ERR2233312,0.0018980558,0.98295534,0.003079863,0.0033205585,0.0017705733,0.0011426249,0.0058330595,0.0
SRR1998991,0.007879336,0.007841949,0.9407302,0.006737891,0.00943327,6.1680395e-05,0.027315704,0.0
ERR561296,0.00023663239,0.0012560703,0.0016905458,0.9928578,0.000762459,0.0020438733,0.0011525827,0.0
SRR1950726,0.0002323735,0.001264163,0.0016921443,0.9929743,0.0007330533,0.0019682439,0.0011356913,0.0
SRR2011475,0.0018980558,0.98295534,0.003079863,0.0033205585,0.0017705733,0.0011426249,0.0058330595,0.0
ERR1383891,0.00024373482,0.0012179305,0.0016486228,0.9928101,0.0007900934,0.0020493353,0.0012402072,0.0
SRR6444407,0.00023834166,0.0012390614,0.0016781478,0.9928624,0.00076529296,0.0020336227,0.0011830825,0.0
ERR1690633,0.0050000935,0.0036334568,0.009096714,0.0050869165,0.00084149075,0.00088847405,0.97545284,0.0
ERR1743294,0.0018980558,0.98295534,0.003079863,0.0033205585,0.0017705733,0.0011426249,0.0058330595,0.0
SRR5260391,0.0018980558,0.98295534,0.003079863,0.0033205585,0.0017705733,0.0011426249,0.0058330595,0.0
SRR5869156,0.0002323735,0.001264163,0.0016921443,0.9929743,0.0007330533,0.0019682439,0.0011356913,0.0
SRR6038407,0.00024341671,0.0012221696,0.0016622768,0.9927831,0.0007919371,0.0020713918,0.0012256198,0.0
SRR3503297,0.0002323735,0.001264163,0.0016921443,0.9929743,0.0007330533,0.0019682439,0.0011356913,0.0
ERR499114,0.00023874808,0.0012502593,0.0016978303,0.9928065,0.00077347714,0.0020772512,0.0011559619,0.0
ERR1201228,0.007699539,0.0036547636,0.0007274498,0.0093011465,0.0012562325,0.9723265,0.0050343904,0.0
SRR6412012,0.00023243295,0.0012641033,0.0016921143,0.9929742,0.0007331424,0.0019682436,0.0011357506,0.0
ERR365874,0.00023480499,0.0012526403,0.0016806672,0.992945,0.0007442729,0.001983082,0.0011595095,0.0
ERR1583049,0.0018980558,0.98295534,0.003079863,0.0033205585,0.0017705733,0.0011426249,0.0058330595,0.0
SRR2849378,0.007879335,0.007841948,0.9407302,0.006737949,0.009433328,6.168039e-05,0.027315583,0.0
ERR1313392,0.00023726426,0.0012422391,0.0016639729,0.9929325,0.0007542071,0.0019838647,0.0011859643,0.0
SRR6054507,0.00024354442,0.0012175734,0.001622311,0.99290645,0.00077806925,0.0019785718,0.0012534999,0.0
SRR6436932,0.00024215665,0.0012218471,0.0016488483,0.9928657,0.00077673333,0.00201244,0.0012323163,0.0
SRR7448627,0.00023249228,0.001263686,0.0016921726,0.9929721,0.0007334989,0.0019696404,0.0011364042,0.0
SRR976677,0.0050000944,0.0036334572,0.009096716,0.005086917,0.00084149087,0.0008883852,0.97545296,0.0
SRR7406688,0.0018980558,0.98295534,0.003079863,0.0033205585,0.0017705733,0.0011426249,0.0058330595,0.0
ERR1690862,0.0050000935,0.0036334568,0.009096714,0.0050869165,0.00084149075,0.00088847405,0.97545284,0.0
ERR1522717,0.0076967496,0.0036551259,0.0007271883,0.009294526,0.0012554748,0.9723436,0.0050272,0.0
ERR1384183,0.00023800627,0.0012386319,0.0016632183,0.99291486,0.00075857434,0.0019942913,0.0011924703,0.0
ERR2495181,0.0050000935,0.0036334568,0.009096714,0.0050869165,0.00084149075,0.00088847405,0.97545284,0.0
SRR8608541,0.0050000935,0.0036334568,0.009096714,0.0050869165,0.00084149075,0.00088847405,0.97545284,0.0
SRR1740576,0.0018980558,0.98295534,0.003079863,0.0033205585,0.0017705733,0.0011426249,0.0058330595,0.0
SRR4414282,0.007879335,0.007841948,0.9407302,0.006737949,0.009433328,6.168039e-05,0.027315583,0.0
ERR695443,0.007697275,0.0036549198,0.0007272467,0.009294611,0.0012554744,0.97234297,0.005027609,0.0
ERR3344365,0.0018980558,0.98295534,0.003079863,0.0033205585,0.0017705733,0.0011426249,0.0058330595,0.0
SRR3503268,0.00023246265,0.0012640435,0.0016920246,0.99297404,0.000733172,0.0019683326,0.0011359288,0.0
ERR833331,0.0018980558,0.98295534,0.003079863,0.0033205585,0.0017705733,0.0011426249,0.0058330595,0.0
ERR498756,0.00028290504,0.0011438712,0.0016739985,0.99205244,0.0009921599,0.0023889032,0.0014657299,0.0
SRR5177344,0.0018980558,0.98295534,0.003079863,0.0033205585,0.0017705733,0.0011426249,0.0058330595,0.0
SRR944508,0.007879335,0.007841948,0.9407302,0.006737949,0.009433328,6.168039e-05,0.027315583,0.0
ERR1691391,0.0050000935,0.0036334568,0.009096714,0.0050869165,0.00084149075,0.00088847405,0.97545284,0.0
SRR7771356,0.0018980558,0.98295534,0.003079863,0.0033205585,0.0017705733,0.0011426249,0.0058330595,0.0
ERR209482,0.00084099174,0.0021655858,0.0032622218,0.51579976,0.0030200183,0.42108688,0.00059866905,0.053225875
SRR5240879,0.0018980558,0.98295534,0.003079863,0.0033205585,0.0017705733,0.0011426249,0.0058330595,0.0
SRR062129,0.0018980558,0.98295534,0.003079863,0.0033205585,0.0017705733,0.0011426249,0.0058330595,0.0
SRR7453306,0.0002324329,0.0012640138,0.0016919057,0.9929742,0.00073320174,0.0019682432,0.0011360181,0.0
SRR1792938,0.0018980558,0.98295534,0.003079863,0.0033205585,0.0017705733,0.0011426249,0.0058330595,0.0
ERR494381,0.00023735296,0.0012427717,0.001663404,0.9929385,0.00075331307,0.0019782982,0.0011863186,0.0
ERR2043340,0.007879335,0.007841948,0.9407302,0.006737949,0.009433328,6.168039e-05,0.027315583,0.0
ERR500744,0.00023246238,0.0012636256,0.0016914873,0.9929736,0.00073355786,0.0019685384,0.00113679,0.0
ERR1201826,0.0076969555,0.0036550676,0.0007271591,0.009294497,0.0012554455,0.97234327,0.00502764,0.0
ERR1583086,0.0018980558,0.98295534,0.003079863,0.0033205585,0.0017705733,0.0011426249,0.0058330595,0.0
SRR6263973,0.00023269984,0.0012632065,0.0016905317,0.99297327,0.00073400245,0.0019682962,0.001138037,0.0
SRR2761296,0.00028911032,0.0011370543,0.0016974341,0.99194425,0.0010128227,0.0024309887,0.0014883399,0.0
ERR2849495,0.00023626858,0.0012482406,0.0016919543,0.9928796,0.0007557144,0.0020298632,0.0011583199,0.0
SRR2658259,0.0002353378,0.0012499791,0.0016762464,0.9929443,0.00074646575,0.0019812754,0.0011663677,0.0
SRR6418316,0.00023252224,0.0012640441,0.0016920255,0.9929744,0.00073311286,0.001968244,0.0011356914,0.0
SRR6038274,0.00023252214,0.0012640435,0.0016920246,0.9929741,0.0007331125,0.0019682432,0.0011358693,0.0
SRR959118,0.0018980558,0.98295534,0.003079863,0.0033205585,0.0017705733,0.0011426249,0.0058330595,0.0
SRR935519,0.00023246265,0.0012640435,0.0016920246,0.99297416,0.000733172,0.0019682432,0.0011359288,0.0
ERR2200212,0.00051772594,0.11390591,0.013441384,0.044784665,0.054384828,0.1396156,3.6420046e-05,0.6333135
SRR2658001,0.00023934327,0.0012241693,0.0016873298,0.99273103,0.00077921146,0.0021325257,0.0012064126,0.0
SRR1949135,0.0002323735,0.001264163,0.0016921443,0.9929743,0.0007330533,0.0019682439,0.0011356913,0.0
SRR3647833,0.00023699686,0.0012442038,0.0016629635,0.992947,0.0007516203,0.0019738139,0.0011834375,0.0
ERR1582516,0.0018980558,0.98295534,0.003079863,0.0033205585,0.0017705733,0.0011426249,0.0058330595,0.0
ERR451293,0.0002323735,0.001264163,0.0016921443,0.9929743,0.0007330533,0.0019682439,0.0011356913,0.0
SRR5699495,0.00023255155,0.001263655,0.0016914273,0.99297374,0.00073352794,0.0019682404,0.0011368196,0.0
SRR2168204,0.0018980558,0.98295534,0.003079863,0.0033205585,0.0017705733,0.0011426249,0.0058330595,0.0
SRR618698,0.007879335,0.007841948,0.9407302,0.006737949,0.009433328,6.168039e-05,0.027315583,0.0
SRR980774,0.007879335,0.007841948,0.9407302,0.006737949,0.009433328,6.168039e-05,0.027315583,0.0
SRR3933907,0.00023773748,0.0012409164,0.0016582434,0.9929416,0.00075488264,0.0019748597,0.0011917807,0.0
SRR6746118,0.0018980558,0.98295534,0.003079863,0.0033205585,0.0017705733,0.0011426249,0.0058330595,0.0
ERR1725458,0.0050000935,0.0036334568,0.009096714,0.0050869165,0.00084149075,0.00088847405,0.97545284,0.0
ERR1263752,0.0076968945,0.0036549198,0.00072715885,0.0092947865,0.0012554452,0.97234344,0.005027404,0.0
ERR986262,0.007701489,0.0036541275,0.0007276564,0.009294753,0.0012562646,0.9723371,0.005028632,0.0
SRR2981504,0.0005929705,0.00062058825,0.0007163218,0.9859392,0.0022535708,0.0019305585,0.007946772,0.0
DRR048055,0.00023252217,0.0012640734,0.0016920844,0.99297404,0.00073314237,0.001968303,0.0011358099,0.0
ERR1263758,0.007696748,0.0036548614,0.00072715885,0.009295021,0.0012554452,0.97234356,0.0050272867,0.0
SRR6670821,0.007696748,0.0036548614,0.00072715885,0.009295021,0.0012554452,0.97234356,0.0050272867,0.0
SRR5983330,0.00023293689,0.0012614763,0.0016895435,0.9929677,0.00073548686,0.0019716497,0.0011410962,0.0
DRR047705,0.00024203822,0.0012231586,0.0016505175,0.9928685,0.0007755454,0.0020099166,0.0012303262,0.0
ERR1467068,0.00023246267,0.0012641032,0.0016921439,0.9929739,0.00073305314,0.0019684813,0.0011357802,0.0
SRR6264952,0.0002520209,0.0011856133,0.0015908689,0.9927777,0.0008208893,0.0020337715,0.0013390859,0.0
ERR2495303,0.0050000935,0.0036334568,0.009096714,0.0050869165,0.00084149075,0.00088847405,0.97545284,0.0
ERR1533547,0.007699303,0.0036590097,0.00072660024,0.009289049,0.001257111,0.9723392,0.005029791,0.0
ERR1713384,0.8076351,0.01453313,0.04696032,0.0078084636,0.00069114874,0.05174451,0.07062733,0.0
ERR2570276,0.76784414,0.068865955,0.040655896,0.003691134,0.00080459606,0.036637757,0.08150042,0.0
SRR6901933,0.4493012,0.004834438,0.5132969,0.0010036468,0.022397561,0.002523755,0.0066424827,0.0
SRR5570728,0.0018980558,0.98295534,0.003079863,0.0033205585,0.0017705733,0.0011426249,0.0058330595,0.0
ERR1310808,0.000232937,0.0012621908,0.0016892172,0.9929716,0.00073489227,0.0019687058,0.0011404126,0.0
SRR5914971,0.0018980558,0.98295534,0.003079863,0.0033205585,0.0017705733,0.0011426249,0.0058330595,0.0
SRR1649676,0.0018980558,0.98295534,0.003079863,0.0033205585,0.0017705733,0.0011426249,0.0058330595,0.0
ERR308670,0.01060216,0.013858501,0.00083372544,0.0065051094,0.002666401,0.94307697,0.022457104,0.0
SRR6056130,0.0018980558,0.98295534,0.003079863,0.0033205585,0.0017705733,0.0011426249,0.0058330595,0.0
ERR2211027,0.0050000935,0.0036334568,0.009096714,0.0050869165,0.00084149075,0.00088847405,0.97545284,0.0
ERR1897185,0.0018980558,0.98295534,0.003079863,0.0033205585,0.0017705733,0.0011426249,0.0058330595,0.0
ERR1535994,0.0018980558,0.98295534,0.003079863,0.0033205585,0.0017705733,0.0011426249,0.0058330595,0.0
SRR2004059,0.0018980558,0.98295534,0.003079863,0.0033205585,0.0017705733,0.0011426249,0.0058330595,0.0
SRR2154940,0.0002324627,0.0012641033,0.0016921143,0.9929742,0.0007331127,0.0019682436,0.0011357804,0.0
SRR3624311,0.0012142956,0.3338362,0.10271329,0.0001257956,0.005829543,0.00019776821,0.24784416,0.30823898
ERR986147,0.007698339,0.003654704,0.000727719,0.009289416,0.0012560958,0.9723446,0.005029128,0.0
ERR2011068,0.007704268,0.0036533799,0.0007275069,0.009298024,0.0012568159,0.9723255,0.005034468,0.0
ERR209469,0.007638549,0.0036670237,0.000727863,0.009363247,0.0012528909,0.9723043,0.005046097,0.0
SRR1784960,0.007879335,0.007841948,0.9407302,0.006737949,0.009433328,6.168039e-05,0.027315583,0.0
ERR2097590,0.80765915,0.014451861,0.04698057,0.007828304,0.0006906934,0.051802814,0.070586525,0.0
SRR1948799,0.0002323735,0.001264163,0.0016921443,0.9929743,0.0007330533,0.0019682439,0.0011356913,0.0
DRR043229,0.0002325222,0.0012640735,0.0016921441,0.99297416,0.00073308294,0.0019682436,0.0011357209,0.0
SRR5178613,0.0018980558,0.98295534,0.003079863,0.0033205585,0.0017705733,0.0011426249,0.0058330595,0.0
DRR047601,0.0002325517,0.0012636558,0.0016919638,0.9929725,0.00073352834,0.001969253,0.0011365227,0.0
SRR2086956,0.00023246265,0.0012640733,0.0016919652,0.99297416,0.0007331125,0.0019682432,0.0011359883,0.0
ERR2262432,0.007807573,0.0036573838,0.0007235113,0.009386114,0.0012870101,0.97198904,0.0051493878,0.0
SRR5002066,0.0018980844,0.982955,0.0030799205,0.0033206157,0.0017706314,0.0011426244,0.0058331746,0.0
ERR209322,0.00023452009,0.0010477767,0.0019808344,0.98943114,0.0010738114,0.004855853,0.0013760335,0.0
SRR4431469,0.0018980558,0.98295534,0.003079863,0.0033205585,0.0017705733,0.0011426249,0.0058330595,0.0
SRR5177452,0.0018980558,0.98295534,0.003079863,0.0033205585,0.0017705733,0.0011426249,0.0058330595,0.0
ERR2595814,0.007777324,0.0035976472,0.0007389304,0.0093809515,0.0012783153,0.9721712,0.00505565,0.0
ERR2854558,0.007709035,0.003649658,0.0007274714,0.009313467,0.0012581231,0.97230226,0.0050400486,0.0
SRR900247,0.007879335,0.007841948,0.9407302,0.006737949,0.009433328,6.168039e-05,0.027315583,0.0
SRR1427021,0.0076970663,0.003655006,0.0007271292,0.009294783,0.0012555909,0.97234255,0.005027841,0.0
ERR923830,0.0050000935,0.0036334568,0.009096714,0.0050869165,0.00084149075,0.00088847405,0.97545284,0.0
ERR1315315,0.00020544534,0.0013017292,0.0020433208,0.9907206,0.00079844473,0.003812764,0.0011176262,0.0
ERR1366653,0.00769716,0.0036550378,0.00072715903,0.009294232,0.0012554454,0.9723433,0.0050276397,0.0
ERR1854524,0.0076992703,0.0036582605,0.0007273056,0.009290895,0.0012559143,0.9723331,0.0050352267,0.0
ERR1762112,0.007696748,0.0036548614,0.00072715885,0.009295021,0.0012554452,0.97234356,0.0050272867,0.0
SRR5190090,0.0018980558,0.98295534,0.003079863,0.0033205585,0.0017705733,0.0011426249,0.0058330595,0.0
SRR6932426,0.00023243285,0.001263954,0.001691935,0.99297404,0.00073323137,0.001968332,0.0011360177,0.0
SRR5155792,0.00023272928,0.0012627586,0.0016899644,0.992973,0.0007342692,0.001968234,0.0011390469,0.0
SRR952768,0.007879335,0.007841948,0.9407302,0.006737949,0.009433328,6.168039e-05,0.027315583,0.0
SRR3503296,0.00024187681,0.0012249104,0.0016904012,0.9927945,0.00077946676,0.002067434,0.0012014128,0.0
SRR6060212,0.00023509997,0.001252538,0.0016736893,0.9929626,0.00074364047,0.0019683377,0.0011641375,0.0
SRR6038318,0.00024506496,0.001224849,0.0016134436,0.99283934,0.0007979482,0.00201676,0.001262501,0.0
SRR3037129,0.00023243282,0.0012638051,0.0016919051,0.9929732,0.0007333502,0.0019689268,0.0011363449,0.0
DRR044154,0.00023278888,0.0012624915,0.0016909468,0.99296933,0.0007346265,0.0019710015,0.0011388094,0.0
SRR1617818,9.15544e-05,0.004709125,0.004076094,0.8144806,0.00059804326,0.0867326,0.0013207198,0.087991245
SRR5586900,0.0050000935,0.0036334568,0.009096714,0.0050869165,0.00084149075,0.00088847405,0.97545284,0.0
SRR4125149,0.007696748,0.0036548614,0.00072715885,0.009295021,0.0012554452,0.97234356,0.0050272867,0.0
ERR1385403,0.0002384255,0.0012365349,0.0016744514,0.9928836,0.0007619444,0.0020155224,0.0011895101,0.0
ERR1310469,0.00024195186,0.0012233217,0.0016488713,0.9928502,0.0007798672,0.002026685,0.0012290322,0.0
ERR500372,0.00023249228,0.001263924,0.0016917859,0.992974,0.0007332907,0.0019683018,0.0011362555,0.0
ERR500992,0.00023246267,0.0012641627,0.0016921142,0.9929741,0.00073314237,0.0019682434,0.0011357208,0.0
SRR3094976,0.00026483697,0.0011682147,0.0016679139,0.9924463,0.00087890425,0.0021966065,0.0013772057,0.0
ERR444016,0.00026315733,0.0011607171,0.0016069249,0.99251276,0.0008838518,0.0021668703,0.0014056765,0.0
ERR2211495,0.00060495734,0.88868934,0.0032500923,0.009824336,0.0011290312,0.001730442,0.0036175847,0.09115422
SRR6932416,0.0002323735,0.001264163,0.0016921443,0.9929743,0.0007330533,0.0019682439,0.0011356913,0.0
ERR1310084,0.00024834965,0.0011987457,0.0016133954,0.99280155,0.0008061029,0.002033963,0.0012978952,0.0
ERR1256804,0.0075133233,0.003692013,0.00072929845,0.0095323175,0.0012487738,0.97218716,0.005097151,0.0
ERR532015,0.00023302562,0.001261414,0.0016879337,0.9929714,0.00073551503,0.001968522,0.0011421647,0.0
SRR3361602,0.00023560417,0.0012502101,0.0016719835,0.9929549,0.0007459262,0.0019727277,0.0011685919,0.0
SRR617985,0.007879335,0.007841948,0.9407302,0.006737949,0.009433328,6.168039e-05,0.027315583,0.0
SRR5467771,0.00023296764,0.0012611544,0.0016937151,0.9929589,0.00073614443,0.0019779939,0.0011391677,0.0
SRR1950709,0.0002323735,0.001264163,0.0016921443,0.9929743,0.0007330533,0.0019682439,0.0011356913,0.0
ERR2495224,0.0050000935,0.0036334568,0.009096714,0.0050869165,0.00084149075,0.00088847405,0.97545284,0.0
ERR443191,0.00015735626,0.004547894,0.0017668605,0.97021115,0.0003824234,0.0045953393,0.0013464391,0.016992569
SRR6418327,0.00023684956,0.0012442112,0.0016685656,0.9929345,0.0007521007,0.0019830165,0.0011807678,0.0
SRR830606,0.0018980558,0.98295534,0.003079863,0.0033205585,0.0017705733,0.0011426249,0.0058330595,0.0
ERR2043547,0.007879335,0.007841948,0.9407302,0.006737949,0.009433328,6.168039e-05,0.027315583,0.0
SRR1221692,0.0018980558,0.98295534,0.003079863,0.0033205585,0.0017705733,0.0011426249,0.0058330595,0.0
SRR5176223,0.0018980558,0.98295534,0.003079863,0.0033205585,0.0017705733,0.0011426249,0.0058330595,0.0
ERR1311558,0.00023258117,0.0012633569,0.0016913966,0.99297225,0.00073382497,0.0019692804,0.0011372948,0.0
ERR1548774,0.0037035048,0.020035893,0.0039485097,0.0723702,0.382681,0.040988892,0.34652036,0.12975162
SRR5175965,0.0018980558,0.98295534,0.003079863,0.0033205585,0.0017705733,0.0011426249,0.0058330595,0.0
SRR1145710,0.0018980558,0.98295534,0.003079863,0.0033205585,0.0017705733,0.0011426249,0.0058330595,0.0
SRR5179848,0.0018980558,0.98295534,0.003079863,0.0033205585,0.0017705733,0.0011426249,0.0058330595,0.0
SRR1915887,0.007879335,0.007841948,0.9407302,0.006737949,0.009433328,6.168039e-05,0.027315583,0.0
SRR3361552,0.00023293683,0.0012619222,0.00168874,0.99297214,0.0007350405,0.0019683177,0.0011409175,0.0
ERR719018,0.00023551668,0.0012491188,0.0016780638,0.99293536,0.0007476866,0.0019877632,0.0011664589,0.0
ERR1297779,0.00025731162,0.0011928281,0.0016293925,0.99258804,0.00084315427,0.0021174906,0.0013717836,0.0
SRR4826132,0.0018981431,0.98295486,0.0030798612,0.0033206744,0.0017706313,0.0011426243,0.005833174,0.0
ERR1383327,0.00024493827,0.001219278,0.0016727782,0.992734,0.0008012619,0.0021023646,0.0012253457,0.0
SRR976685,0.0050000935,0.0036334568,0.009096714,0.0050869165,0.00084149075,0.00088847405,0.97545284,0.0
DRR070543,0.0018980558,0.98295534,0.003079863,0.0033205585,0.0017705733,0.0011426249,0.0058330595,0.0
SRR1926173,0.0050000935,0.0036334568,0.009096714,0.0050869165,0.00084149075,0.00088847405,0.97545284,0.0
SRR5180256,0.0018980558,0.98295534,0.003079863,0.0033205585,0.0017705733,0.0011426249,0.0058330595,0.0
SRR1030261,0.0002469833,0.0012040177,0.0016166181,0.99284095,0.0007956105,0.002009323,0.0012864842,0.0
ERR441488,0.0002325222,0.0012641033,0.0016921143,0.9929742,0.0007330532,0.0019682436,0.0011357804,0.0
SRR8608237,0.0050000935,0.0036334568,0.009096714,0.0050869165,0.00084149075,0.00088847405,0.97545284,0.0
SRR1016808,0.007879335,0.007841948,0.9407302,0.006737949,0.009433328,6.168039e-05,0.027315583,0.0
SRR3030573,0.00023992924,0.0013195365,0.0024024155,0.9792203,0.0013880028,0.013994148,0.0014356793,0.0
DRR048274,0.00023397434,0.0012571733,0.0016835682,0.99296135,0.00073955045,0.001972898,0.0011514595,0.0
SRR994679,0.0002323735,0.001264163,0.0016921443,0.9929743,0.0007330533,0.0019682439,0.0011356913,0.0
SRR6408562,0.0002324627,0.0012641033,0.0016921143,0.9929742,0.0007331127,0.0019682436,0.0011357804,0.0
SRR1617733,0.000307134,0.0014062142,0.0018991228,0.99001443,0.0012755379,0.0038805213,0.0012171055,0.0
ERR1511938,0.0077043646,0.0036580868,0.0007261228,0.009294237,0.0012585602,0.9723223,0.0050363787,0.0
SRR3624365,0.0018988266,0.98295575,0.0030803415,0.003318207,0.0017715207,0.0011439837,0.005831392,0.0
SRR5985530,0.0012142956,0.3338362,0.10271329,0.0001257956,0.005829543,0.00019776821,0.24784416,0.30823898
ERR444365,0.00023483364,0.0012534376,0.001676733,0.99295837,0.0007430797,0.0019726322,0.0011608426,0.0
ERR1829001,0.007466208,0.0037275085,0.00073373615,0.009560396,0.0012516727,0.97214496,0.0051155575,0.0
ERR1760134,0.0002323735,0.001264163,0.0016921443,0.9929743,0.0007330533,0.0019682439,0.0011356913,0.0
SRR1784949,0.007879335,0.007841948,0.9407302,0.006737949,0.009433328,6.168039e-05,0.027315583,0.0
SRR3926176,0.00023252211,0.0012639839,0.0016921137,0.9929738,0.00073317194,0.0019684215,0.0011359287,0.0
ERR2003138,0.00023246267,0.0012639248,0.0016922331,0.9929731,0.00073332083,0.0019690765,0.0011358694,0.0
SRR5868693,0.0002323735,0.001264163,0.0016921443,0.9929743,0.0007330533,0.0019682439,0.0011356913,0.0
ERR923710,0.0050000935,0.0036334568,0.009096714,0.0050869165,0.00084149075,0.00088847405,0.97545284,0.0
SRR6054545,0.00023758989,0.0012409224,0.0016612851,0.99293363,0.0007551242,0.0019816507,0.0011898233,0.0
SRR2098489,0.0018980558,0.98295534,0.003079863,0.0033205585,0.0017705733,0.0011426249,0.0058330595,0.0
SRR5590576,0.0018980558,0.98295534,0.003079863,0.0033205585,0.0017705733,0.0011426249,0.0058330595,0.0
SRR896428,0.0018980558,0.98295534,0.003079863,0.0033205585,0.0017705733,0.0011426249,0.0058330595,0.0
ERR1533745,0.0076971287,0.0036558278,0.0007270417,0.009293381,0.001255738,0.9723433,0.005027492,0.0
ERR525938,0.00024511173,0.0012174983,0.0016935939,0.99274975,0.0007904489,0.0020807283,0.0012227927,0.0
SRR1948943,0.00023243282,0.0012639241,0.0016917861,0.9929741,0.00073329074,0.001968302,0.0011361664,0.0
ERR531983,0.00024154098,0.0012242419,0.0016641075,0.99283457,0.00077810045,0.002040294,0.0012172225,0.0
ERR501275,0.00023240327,0.0012638061,0.0016928584,0.99297076,0.00073335087,0.0019710998,0.0011357509,0.0
ERR2003167,0.00023252214,0.0012640733,0.0016920246,0.99297404,0.0007331125,0.0019683028,0.0011359288,0.0
ERR2739164,0.00023468562,0.0012548394,0.0016774222,0.99296504,0.00074147567,0.0019682657,0.0011582881,0.0
SRR3624334,0.0018980558,0.98295534,0.003079863,0.0033205585,0.0017705733,0.0011426249,0.0058330595,0.0
DRR014349,0.00023255147,0.0012636546,0.0016912483,0.9929736,0.00073358713,0.001968329,0.0011370274,0.0
ERR2511052,0.00023979375,0.0012318058,0.0016746003,0.99284667,0.00077077834,0.0020390202,0.0011972734,0.0
ERR2538457,0.0002323735,0.001264163,0.0016921443,0.9929743,0.0007330533,0.0019682439,0.0011356913,0.0
SRR3633188,0.0018980558,0.98295534,0.003079863,0.0033205585,0.0017705733,0.0011426249,0.0058330595,0.0
ERR1691426,0.0050000935,0.0036334568,0.009096714,0.0050869165,0.00084149075,0.00088847405,0.97545284,0.0
ERR500978,0.0002324328,0.0012639537,0.0016918157,0.992974,0.0007333204,0.001968272,0.001136196,0.0
DRR088657,0.00028269642,0.931234,0.0056175403,0.024979025,0.010591132,0.026792591,0.0005030184,0.0
SRR1747482,0.0018980558,0.98295534,0.003079863,0.0033205585,0.0017705733,0.0011426249,0.0058330595,0.0
ERR924515,0.0050000935,0.0036334568,0.009096714,0.0050869165,0.00084149075,0.00088847405,0.97545284,0.0
DRR047791,0.00023827511,0.0012382215,0.0016717627,0.99289906,0.0007595001,0.0020025698,0.0011906022,0.0
SRR1985119,0.0018980558,0.98295534,0.003079863,0.0033205585,0.0017705733,0.0011426249,0.0058330595,0.0
ERR365835,0.00023406427,0.0012556303,0.0016856553,0.9929471,0.00074166455,0.0019839988,0.0011519091,0.0
ERR1598961,0.00023442745,0.0012594415,0.0016898647,0.9929181,0.0007469791,0.002005915,0.001145247,0.0
ERR1691783,0.0050000935,0.0036334568,0.009096714,0.0050869165,0.00084149075,0.00088847405,0.97545284,0.0
SRR1660161,0.00023489313,0.0012526643,0.001678131,0.99295205,0.00074391253,0.0019770642,0.001161259,0.0
ERR986467,0.0077005783,0.0036547396,0.000728101,0.009287469,0.0012564788,0.97234315,0.005029342,0.0
ERR2495571,0.0050000935,0.0036334568,0.009096714,0.0050869165,0.00084149075,0.00088847405,0.97545284,0.0
SRR6078481,0.0018980558,0.98295534,0.003079863,0.0033204993,0.0017705733,0.0011426249,0.0058330595,0.0
ERR1713387,0.8031872,0.023533138,0.04521199,0.0062687476,0.0007269095,0.04690354,0.07416854,0.0
SRR5586715,0.0050000935,0.0036334568,0.009096714,0.0050869165,0.00084149075,0.00088847405,0.97545284,0.0
SRR5178122,0.00023246267,0.0012641032,0.0016920547,0.9929741,0.0007331126,0.001968303,0.0011358397,0.0
ERR981245,0.0002325222,0.0012641033,0.0016920846,0.9929742,0.00073308294,0.0019682436,0.0011357209,0.0
SRR6508139,0.0009648502,0.20347309,0.0018851161,0.021678954,0.009821266,0.31332338,0.00041294098,0.44844043
ERR1384165,0.00023653044,0.0012453542,0.0016828998,0.99289244,0.00075593364,0.0020177069,0.0011692075,0.0
SRR5467852,0.00023284812,0.0012618953,0.0016906476,0.9929678,0.00073510164,0.0019719808,0.0011397898,0.0
SRR6975924,0.0018980558,0.98295534,0.003079863,0.0033205585,0.0017705733,0.0011426249,0.0058330595,0.0
SRR5451647,0.0018980555,0.9829553,0.0030798626,0.003320617,0.0017705731,0.0011426248,0.005833,0.0
SRR1784946,0.007879335,0.007841948,0.9407302,0.006737949,0.009433328,6.168039e-05,0.027315583,0.0
SRR5180727,0.0018980558,0.98295534,0.003079863,0.0033205585,0.0017705733,0.0011426249,0.0058330595,0.0
ERR1311078,0.00023269984,0.0012631172,0.0016903831,0.9929729,0.0007341214,0.0019685342,0.0011382749,0.0
ERR209555,0.00014328957,0.003446281,0.003295362,0.85647595,0.00101161,0.084424615,0.0017559826,0.04944694
ERR487990,0.007696748,0.0036548614,0.00072715885,0.009295021,0.0012554452,0.97234356,0.0050272867,0.0
DRR049479,0.0002323735,0.001264163,0.0016921443,0.9929743,0.0007330533,0.0019682439,0.0011356913,0.0
ERR1511832,0.0077181836,0.0036588504,0.0007251979,0.009304886,0.0012628946,0.97227806,0.0050519006,0.0
ERR2287512,0.0077540716,0.0035298534,0.00071951485,0.010055231,0.0013038809,0.97142917,0.0052083503,0.0
SRR6477210,0.0018980558,0.98295534,0.003079863,0.0033205585,0.0017705733,0.0011426249,0.0058330595,0.0
ERR2043409,0.007879335,0.007841948,0.9407302,0.006737949,0.009433328,6.168039e-05,0.027315583,0.0
ERR1691322,0.0050000935,0.0036334568,0.009096714,0.0050869165,0.00084149075,0.00088847405,0.97545284,0.0
SRR5240850,0.0018980558,0.98295534,0.003079863,0.0033205585,0.0017705733,0.0011426249,0.0058330595,0.0
ERR1533621,0.007703854,0.0036696915,0.0007253684,0.00927283,0.0012607984,0.9723351,0.005032357,0.0
SRR2922983,0.0050000935,0.0036334568,0.009096714,0.0050869165,0.00084149075,0.00088847405,0.97545284,0.0
SRR2098399,0.0018980558,0.98295534,0.003079863,0.0033205585,0.0017705733,0.0011426249,0.0058330595,0.0
ERR1533618,0.007699753,0.00366127,0.00072636694,0.009285078,0.0012576398,0.9723409,0.005029066,0.0
ERR522157,0.00023243293,0.0012640437,0.0016920547,0.9929742,0.0007331126,0.0019682434,0.0011358397,0.0
ERR1314851,0.00024213025,0.0012215666,0.0016542841,0.99284583,0.00077912345,0.002028826,0.0012282288,0.0
ERR1056315,0.0018980558,0.98295534,0.003079863,0.0033205585,0.0017705733,0.0011426249,0.0058330595,0.0
SRR2913591,0.0018980558,0.98295534,0.003079863,0.0033205585,0.0017705733,0.0011426249,0.0058330595,0.0
SRR6670882,0.007696748,0.0036548614,0.00072715885,0.009295021,0.0012554452,0.97234356,0.0050272867,0.0
SRR4414766,0.007879335,0.007841948,0.9407302,0.006737949,0.009433328,6.168039e-05,0.027315583,0.0
SRR2143709,0.00023495207,0.0012531074,0.0016757773,0.9929599,0.00074325636,0.0019709917,0.0011619999,0.0
SRR5590731,0.0018980558,0.98295534,0.003079863,0.0033205585,0.0017705733,0.0011426249,0.0058330595,0.0
SRR6370773,0.0018980558,0.98295534,0.003079863,0.0033204993,0.0017705733,0.0011426249,0.0058330595,0.0
ERR1759908,0.00023237347,0.0012641033,0.0016921441,0.9929742,0.00073308294,0.0019682436,0.0011357804,0.0
ERR1366527,0.007703036,0.0036593396,0.00072715245,0.009298542,0.001257455,0.9723062,0.005048272,0.0
SRR6408719,0.00023243295,0.0012641033,0.0016920846,0.99297416,0.0007331127,0.0019682436,0.0011357804,0.0
ERR1548918,0.0025429153,0.037591342,0.078646705,0.035610422,0.8053833,0.0066043963,0.03362083,0.0
ERR368903,0.00023249217,0.0012638044,0.0016917554,0.9929735,0.00073343905,0.001968509,0.0011364929,0.0
ERR2286262,0.00023329264,0.001260518,0.0016867388,0.99297035,0.00073631597,0.0019686949,0.0011441244,0.0
ERR443541,0.0002323735,0.001264163,0.0016921443,0.9929743,0.0007330533,0.0019682439,0.0011356913,0.0
ERR1691009,0.0050000935,0.0036334568,0.009096714,0.0050869165,0.00084149075,0.00088847405,0.97545284,0.0
ERR1201415,0.80729055,0.015576615,0.04670984,0.007567792,0.00069621095,0.051027678,0.07113128,0.0
SRR6028588,0.00023797443,0.0012403164,0.0016555893,0.99294543,0.0007551472,0.001971312,0.0011942146,0.0
ERR498783,0.00023264057,0.0012633564,0.0016909498,0.99297357,0.0007337652,0.001968298,0.0011374729,0.0
SRR2922855,0.0050000935,0.0036334568,0.009096714,0.0050869165,0.00084149075,0.00088847405,0.97545284,0.0
SRR5177404,0.0018980558,0.98295534,0.003079863,0.0033205585,0.0017705733,0.0011426249,0.0058330595,0.0
ERR695393,0.0077205608,0.0036552888,0.000728205,0.009292075,0.0012591213,0.97229195,0.005052858,0.0
SRR8356380,0.00023990644,0.0012321601,0.0016571867,0.9928767,0.0007700146,0.0020156484,0.0012084254,0.0
ERR2188007,0.0025429153,0.037591342,0.078646705,0.035610422,0.8053833,0.0066043963,0.03362083,0.0
SRR3741972,0.0018980558,0.98295534,0.003079863,0.0033205585,0.0017705733,0.0011426249,0.0058330595,0.0
SRR6409145,0.00023284827,0.0012624612,0.001690589,0.9929703,0.00073462614,0.0019700485,0.0011391658,0.0
SRR500365,0.0018980558,0.98295534,0.003079863,0.0033205585,0.0017705733,0.0011426249,0.0058330595,0.0
SRR5179004,0.0018980558,0.98295534,0.003079863,0.0033205585,0.0017705733,0.0011426249,0.0058330595,0.0
ERR500061,0.00023261101,0.0012636846,0.0016914272,0.9929737,0.00073346833,0.0019682401,0.0011368789,0.0
SRR2658039,0.0009168615,0.0014573049,0.0030767748,0.57599217,0.0035172568,0.41433463,0.0007050791,0.0
ERR1310986,0.00023249231,0.0012639539,0.0016918754,0.992974,0.000733261,0.0019682425,0.0011361069,0.0
ERR720090,0.00023261155,0.0012631818,0.0016927696,0.99296844,0.00073403516,0.0019727363,0.0011361974,0.0
SRR5595836,0.0018980558,0.98295534,0.003079863,0.0033205585,0.0017705733,0.0011426249,0.0058330595,0.0
ERR1896976,0.0018980558,0.98295534,0.003079863,0.0033205585,0.0017705733,0.0011426249,0.0058330595,0.0
ERR1512110,0.007696748,0.0036548614,0.00072715885,0.009295021,0.0012554452,0.97234356,0.0050272867,0.0
ERR2511045,0.00023474533,0.0012529369,0.001679952,0.99294823,0.00074385596,0.0019807306,0.0011595087,0.0
SRR6004928,0.0018980558,0.98295534,0.003079863,0.0033205585,0.0017705733,0.0011426249,0.0058330595,0.0
SRR6411513,0.00023311492,0.0012609385,0.0016889751,0.99296737,0.0007359316,0.001971289,0.0011424029,0.0
ERR986273,0.0077112964,0.0036441977,0.0007281776,0.009314945,0.0012598569,0.9723044,0.0050371136,0.0
SRR6663533,0.0018980558,0.98295534,0.003079863,0.0033205585,0.0017705733,0.0011426249,0.0058330595,0.0
ERR1310017,0.00024332167,0.0012201774,0.0016529574,0.99280727,0.0007891224,0.002053378,0.0012338291,0.0
ERR2286325,0.00023770783,0.0012416606,0.0016573817,0.99294764,0.00075393124,0.0019706967,0.0011910079,0.0
SRR1767221,0.007879335,0.007841948,0.9407302,0.006737949,0.009433328,6.168039e-05,0.027315583,0.0
ERR1366724,0.0022999027,0.003849912,0.0012399432,0.047219515,0.0015712663,0.9382485,0.005570853,0.0
ERR1328454,0.00023786785,0.0012128672,0.0017332198,0.9925146,0.0007987624,0.0023247811,0.0011778875,0.0
ERR2013463,0.0025429153,0.037591342,0.078646705,0.035610422,0.8053833,0.0066043963,0.03362083,0.0
SRR1923915,0.0002323735,0.001264163,0.0016921443,0.9929743,0.0007330533,0.0019682439,0.0011356913,0.0
ERR531632,0.00023418294,0.001255123,0.0016855045,0.992947,0.0007418421,0.0019838475,0.0011525323,0.0
ERR765959,0.0050000935,0.0036334568,0.009096714,0.0050869165,0.00084149075,0.00088847405,0.97545284,0.0
ERR466746,0.0037243448,0.0047495724,0.0008800555,0.018989034,0.0010862942,0.9644932,0.006077605,0.0
ERR539438,0.007879335,0.007841948,0.9407302,0.006737949,0.009433328,6.168039e-05,0.027315583,0.0
SRR5175935,0.0018980558,0.98295534,0.003079863,0.0033205585,0.0017705733,0.0011426249,0.0058330595,0.0
SRR5179014,0.0018980558,0.98295534,0.003079863,0.0033205585,0.0017705733,0.0011426249,0.0058330595,0.0
SRR2167971,0.0018980558,0.98295534,0.003079863,0.0033205585,0.0017705733,0.0011426249,0.0058330595,0.0
SRR1258281,0.0018980558,0.98295534,0.003079863,0.0033205585,0.0017705733,0.0011426249,0.0058330595,0.0
ERR1382790,0.00024214802,0.0012276943,0.0016803425,0.9927786,0.000786468,0.002081771,0.0012029471,0.0
SRR6028320,0.00023415222,0.0012571404,0.0016812439,0.9929668,0.0007394296,0.001968699,0.0011526167,0.0
SRR8608670,0.0050000935,0.0036334568,0.009096714,0.0050869165,0.00084149075,0.00088847405,0.97545284,0.0
SRR5720331,0.0018980558,0.98295534,0.003079863,0.0033205585,0.0017705733,0.0011426249,0.0058330595,0.0
ERR1689791,0.0050000935,0.0036334568,0.009096714,0.0050869165,0.00084149075,0.00088847405,0.97545284,0.0
ERR1111254,0.00023341579,0.0012595886,0.0016974179,0.9929443,0.0007381138,0.0019901171,0.0011370654,0.0
SRR3503307,0.00023350102,0.0012586152,0.0016896848,0.9929552,0.0007383689,0.0019794046,0.0011451961,0.0
ERR1263767,0.007696748,0.0036548614,0.00072715885,0.009295021,0.0012554452,0.97234356,0.0050272867,0.0
SRR5595933,0.0018980558,0.98295534,0.003079863,0.0033204993,0.0017705733,0.0011426249,0.0058330595,0.0
SRR6408881,0.00023655422,0.0012456202,0.0016742018,0.9929288,0.0007511853,0.001987555,0.0011760787,0.0
SRR6931854,0.00023299677,0.0012610917,0.0016912121,0.99296296,0.000735964,0.001975163,0.0011405628,0.0
SRR1924019,0.00023252208,0.0012638945,0.001692054,0.9929733,0.00073323137,0.0019688674,0.001136107,0.0
SRR3633460,0.0018980558,0.98295534,0.003079863,0.0033205585,0.0017705733,0.0011426249,0.0058330595,0.0
ERR1398194,0.0002357823,0.0012493458,0.0016721596,0.9929494,0.0007469364,0.0019763536,0.0011699585,0.0
SRR2922921,0.0050000935,0.0036334568,0.009096714,0.0050869165,0.00084149075,0.00088847405,0.97545284,0.0
SRR7365535,0.0018980558,0.98295534,0.003079863,0.0033205585,0.0017705733,0.0011426249,0.0058330595,0.0
ERR498587,0.0002323735,0.001264163,0.0016921443,0.9929743,0.0007330533,0.0019682439,0.0011356913,0.0
SRR5643981,0.0002323735,0.001264163,0.0016921443,0.9929743,0.0007330533,0.0019682439,0.0011356913,0.0
ERR1314728,0.00023673271,0.0012444009,0.0016714061,0.99292094,0.0007536839,0.001994664,0.0011781609,0.0
ERR986316,0.0077012484,0.0036530406,0.00072733365,0.009295507,0.0012563808,0.97233504,0.0050314395,0.0
SRR2098413,0.0018980558,0.98295534,0.003079863,0.0033205585,0.0017705733,0.0011426249,0.0058330595,0.0
SRR6419758,0.0018980558,0.98295534,0.003079863,0.0033205585,0.0017705733,0.0011426249,0.0058330595,0.0
ERR579752,0.00072333217,0.0023208857,0.0034142137,0.4991013,0.002414912,0.40871674,0.0005328357,0.08277583
ERR1583310,0.0018980558,0.98295534,0.003079863,0.0033205585,0.0017705733,0.0011426249,0.0058330595,0.0
SRR5896011,0.0018980558,0.98295534,0.003079863,0.0033205585,0.0017705733,0.0011426249,0.0058330595,0.0
ERR1214099,0.0018980558,0.98295534,0.003079863,0.0033205585,0.0017705733,0.0011426249,0.0058330595,0.0
ERR498583,0.00023975344,0.0012317813,0.0016495133,0.99291253,0.00076488516,0.0019892605,0.0012122702,0.0
SRR2145639,0.000233174,0.0012611444,0.0016872172,0.99297136,0.00073587085,0.0019681326,0.001143085,0.0
ERR1309868,0.0002335901,0.0012587332,0.0016870066,0.9929537,0.0007397069,0.001980474,0.0011468015,0.0
DRR066667,0.3616271,0.0011969805,0.12625244,0.019144416,0.0029970407,0.022635639,0.0043581724,0.46178824
SRR6757642,0.00023246267,0.0012641032,0.0016921142,0.9929741,0.00073305314,0.001968303,0.0011358397,0.0
ERR531578,0.00023981331,0.0012318427,0.0016531444,0.9929079,0.00076473766,0.0019913753,0.0012112014,0.0
ERR1512151,0.007696748,0.0036548614,0.00072715885,0.009295021,0.0012554452,0.97234356,0.0050272867,0.0
SRR5786488,0.0018980558,0.98295534,0.003079863,0.0033205585,0.0017705733,0.0011426249,0.0058330595,0.0
SRR1617924,9.92268e-05,0.0046100025,0.004069567,0.8033727,0.00062853104,0.093889125,0.0012549461,0.09207595
ERR1522880,0.0076975254,0.003661869,0.0007264281,0.009284995,0.0012575273,0.9723455,0.005026243,0.0
SRR5467623,0.00023264068,0.0012628216,0.001691962,0.992969,0.00073430093,0.00197169,0.0011375627,0.0
ERR543464,0.007879335,0.007841948,0.9407302,0.006737949,0.009433328,6.168039e-05,0.027315583,0.0
SRR6931174,0.00024025125,0.0012329646,0.0017070123,0.9928043,0.000771023,0.002069278,0.0011751995,0.0
SRR8605593,0.0050000935,0.0036334568,0.009096714,0.0050869165,0.00084149075,0.00088847405,0.97545284,0.0
SRR5983337,0.00023382608,0.0012574436,0.0016841367,0.9929613,0.0007392545,0.0019737051,0.0011503316,0.0
ERR1313783,0.00024402286,0.0012148799,0.001631518,0.99285316,0.0007862265,0.0020157984,0.0012543756,0.0
DRR044359,0.00023246267,0.0012640437,0.0016920844,0.9929739,0.00073314237,0.0019684813,0.0011358397,0.0
ERR441242,0.00023246267,0.0012640437,0.0016919654,0.99297416,0.00073320186,0.0019682434,0.0011359289,0.0
SRR1426717,0.0076967487,0.0036548618,0.0007271589,0.009294905,0.0012554453,0.9723435,0.005027375,0.0
ERR2511671,0.00026809523,0.0011462951,0.001573309,0.992468,0.00090766454,0.0021682503,0.0014684137,0.0
ERR1256593,0.0076928646,0.003654648,0.0007270986,0.00930903,0.0012559989,0.9723273,0.005033075,0.0
ERR1690764,0.0050000935,0.0036334568,0.009096714,0.0050869165,0.00084149075,0.00088847405,0.97545284,0.0
SRR1948926,0.00023246267,0.0012641032,0.0016920547,0.99297416,0.00073314237,0.0019682434,0.0011357802,0.0
SRR6056065,0.0018980558,0.98295534,0.003079863,0.0033205585,0.0017705733,0.0011426249,0.0058330595,0.0
SRR3624399,0.0012142956,0.3338362,0.10271329,0.0001257956,0.005829543,0.00019776821,0.24784416,0.30823898
ERR719343,0.00023388788,0.0012562067,0.0016906081,0.9929407,0.0007412845,0.0019898764,0.0011474873,0.0
ERR1297886,0.0050000935,0.0036334568,0.009096714,0.0050869165,0.00084149075,0.00088847405,0.97545284,0.0
ERR1583295,0.0018980558,0.98295534,0.003079863,0.0033205585,0.0017705733,0.0011426249,0.0058330595,0.0
SRR7633191,0.0018980558,0.98295534,0.003079863,0.0033205585,0.0017705733,0.0011426249,0.0058330595,0.0
SRR769727,0.0018980558,0.98295534,0.003079863,0.0033205585,0.0017705733,0.0011426249,0.0058330595,0.0
ERR1582388,0.0018980558,0.98295534,0.003079863,0.0033205585,0.0017705733,0.0011426249,0.0058330595,0.0
ERR1311002,0.00023708605,0.0012432815,0.0016642127,0.99293816,0.00075289916,0.0019799408,0.0011843892,0.0
ERR1760044,0.0002323735,0.001264163,0.0016921443,0.9929743,0.0007330533,0.0019682439,0.0011356913,0.0
SRR1950743,0.0002323735,0.001264163,0.0016921443,0.9929743,0.0007330533,0.0019682439,0.0011356913,0.0
ERR1523988,0.0018980558,0.98295534,0.003079863,0.0033205585,0.0017705733,0.0011426249,0.0058330595,0.0
ERR1811228,0.00023275905,0.0012625803,0.0016905,0.9929706,0.000734537,0.0019700488,0.0011389875,0.0
SRR8605229,0.0050000935,0.0036334568,0.009096714,0.0050869165,0.00084149075,0.00088847405,0.97545284,0.0
ERR444282,0.00023507225,0.0012512101,0.0016796823,0.9929373,0.0007463834,0.0019880454,0.0011623033,0.0
ERR1456940,0.007178649,0.0037692536,0.0007349231,0.009983826,0.0012361229,0.971869,0.0052282005,0.0
SRR8605805,0.0050000935,0.0036334568,0.009096714,0.0050869165,0.00084149075,0.00088847405,0.97545284,0.0
ERR1310812,0.00023385586,0.0012575925,0.0016838098,0.9929616,0.00073931407,0.0019735566,0.0011503317,0.0
ERR923603,0.0050000935,0.0036334568,0.009096714,0.0050869165,0.00084149075,0.00088847405,0.97545284,0.0
SRR2145619,0.00024235947,0.0012222067,0.0016294206,0.9929141,0.0007732662,0.001977777,0.0012408544,0.0
ERR719180,0.00023308542,0.0012607613,0.0016893339,0.99296427,0.00073634885,0.0019740872,0.0011421364,0.0
ERR2538308,0.0076976786,0.0036552683,0.0007271582,0.009294223,0.0012556491,0.97234166,0.0050283372,0.0
SRR5431562,0.00024421525,0.0012172097,0.0016590932,0.99277854,0.00079433154,0.0020711154,0.0012355311,0.0
ERR924124,0.016476337,0.0013164763,0.0076408824,0.045518868,0.012441613,0.0010030973,0.9156026,0.0
SRR6038293,0.000234715,0.001254302,0.0016771221,0.99296314,0.00074200996,0.001969393,0.0011592975,0.0
ERR531905,0.00023685479,0.0012435843,0.0016789533,0.9928973,0.0007562815,0.0020124477,0.0011745773,0.0
ERR1384807,0.00025079233,0.0011925796,0.0016345368,0.9927086,0.00082199695,0.0020899363,0.0013015447,0.0
ERR1220556,0.0018980558,0.98295534,0.003079863,0.0033205585,0.0017705733,0.0011426249,0.0058330595,0.0
SRR2011355,0.0018980558,0.98295534,0.003079863,0.0033205585,0.0017705733,0.0011426249,0.0058330595,0.0
SRR6292338,0.0018980558,0.98295534,0.003079863,0.0033205585,0.0017705733,0.0011426249,0.0058330595,0.0
ERR2043350,0.007879335,0.007841948,0.9407302,0.006737949,0.009433328,6.168039e-05,0.027315583,0.0
ERR1297807,0.0002342722,0.0012548554,0.001686397,0.99294484,0.00074205035,0.0019850375,0.0011525621,0.0
ERR498843,0.0002324627,0.0012641033,0.0016921143,0.99297416,0.0007330532,0.0019682436,0.0011357804,0.0
SRR6028430,0.00023258108,0.0012632076,0.001691158,0.99297214,0.0007339139,0.0019693987,0.0011376514,0.0
ERR209071,0.0009226403,0.00168147,0.0021033569,0.68634653,0.005547238,0.3019935,0.0014052477,0.0
SRR2849330,0.007879335,0.007841948,0.9407302,0.006737949,0.009433328,6.168039e-05,0.027315583,0.0
SRR3883948,0.0018980558,0.98295534,0.003079863,0.0033205585,0.0017705733,0.0011426249,0.0058330595,0.0
SRR5908411,0.0018980558,0.98295534,0.003079863,0.0033205585,0.0017705733,0.0011426249,0.0058330595,0.0
SRR5586526,0.0050000935,0.0036334568,0.009096714,0.0050869165,0.00084149075,0.00088847405,0.97545284,0.0
ERR442011,0.0002323735,0.001264163,0.0016921443,0.9929743,0.0007330533,0.0019682439,0.0011356913,0.0
SRR062211,0.0018980558,0.98295534,0.003079863,0.0033205585,0.0017705733,0.0011426249,0.0058330595,0.0
SRR4238934,0.0018980558,0.98295534,0.003079863,0.0033205585,0.0017705733,0.0011426249,0.0058330595,0.0
ERR522605,0.00036049748,0.0012296897,0.0017268589,0.98997056,0.0013223389,0.0033732771,0.0020167183,0.0
ERR719250,0.00023616936,0.0012463139,0.0016753748,0.9929247,0.0007511316,0.0019937572,0.0011725185,0.0
SRR920224,0.0002323735,0.001264163,0.0016921443,0.9929743,0.0007330533,0.0019682439,0.0011356913,0.0
ERR2287498,0.0076967496,0.003654833,0.00072715903,0.009294907,0.0012554454,0.9723436,0.005027288,0.0
ERR2003157,0.0002324627,0.001264014,0.0016920251,0.9929741,0.0007331127,0.0019683924,0.00113581,0.0
ERR522716,0.00023299622,0.001261624,0.0016888285,0.99297017,0.00073530787,0.001969685,0.0011413632,0.0
ERR2001904,0.00023246257,0.00126324,0.0016932139,0.99296683,0.0007338857,0.001974162,0.0011361961,0.0
SRR5001965,0.0018980558,0.98295534,0.003079863,0.0033205585,0.0017705733,0.0011426249,0.0058330595,0.0
DRR048205,0.00023489307,0.0012530803,0.0016779819,0.99295473,0.00074343645,0.0019747438,0.0011610505,0.0
ERR1581992,0.007879335,0.007841948,0.9407302,0.006737949,0.009433328,6.168039e-05,0.027315583,0.0
SRR994758,0.0002323735,0.001264163,0.0016921443,0.9929743,0.0007330533,0.0019682439,0.0011356913,0.0
SRR8609324,0.0050000935,0.0036334568,0.009096714,0.0050869165,0.00084149075,0.00088847405,0.97545284,0.0
SRR6413913,0.00023326317,0.001259984,0.0016887338,0.9929631,0.00073700096,0.0019740812,0.0011438581,0.0
SRR3951200,0.00023264057,0.00126294,0.001691396,0.99297065,0.0007341221,0.001970529,0.0011377406,0.0
ERR1103166,0.0018980558,0.98295534,0.003079863,0.0033205585,0.0017705733,0.0011426249,0.0058330595,0.0
SRR2923792,0.00031603713,0.001426384,0.0024332067,0.9587712,0.0019809783,0.033125274,0.0019468861,0.0
ERR1359950,0.0077172127,0.003642704,0.00072943704,0.009322003,0.0012602083,0.97229636,0.0050321054,0.0
ERR1523079,0.0076969806,0.0036554462,0.0007270708,0.00929417,0.0012557084,0.9723431,0.00502752,0.0
DRR041955,0.00024438795,0.001217181,0.001665181,0.99280244,0.0007866097,0.00204534,0.0012388926,0.0
SRR1622855,0.0002323735,0.001264163,0.0016921443,0.9929743,0.0007330533,0.0019682439,0.0011356913,0.0
SRR2097667,0.0018980558,0.98295534,0.003079863,0.0033205585,0.0017705733,0.0011426249,0.0058330595,0.0
SRR1302186,0.0018980558,0.98295534,0.003079863,0.0033205585,0.0017705733,0.0011426249,0.0058330595,0.0
ERR1383808,0.0002334998,0.0012593819,0.0016848573,0.9929686,0.00073747267,0.001969132,0.0011470343,0.0
ERR2511571,0.00023987559,0.001231054,0.0016569707,0.9928812,0.0007690593,0.0020123078,0.00120955,0.0
SRR995169,0.0002323735,0.001264163,0.0016921443,0.9929743,0.0007330533,0.0019682439,0.0011356913,0.0
SRR6757640,0.0018980558,0.98295534,0.003079863,0.0033205585,0.0017705733,0.0011426249,0.0058330595,0.0
ERR1019687,0.0002744496,0.0013693273,0.008873671,0.9570988,0.008868635,0.0009725094,0.003854841,0.018687844
ERR982959,0.80764484,0.014500216,0.04696851,0.007816493,0.00069096754,0.051768012,0.0706109,0.0
SRR5683510,0.0018980558,0.98295534,0.003079863,0.0033205585,0.0017705733,0.0011426249,0.0058330595,0.0
SRR776277,0.007879335,0.007841948,0.9407302,0.006737949,0.009433328,6.168039e-05,0.027315583,0.0
SRR6287217,0.0018980558,0.98295534,0.003079863,0.0033205585,0.0017705733,0.0011426249,0.0058330595,0.0
ERR2187976,0.0025429153,0.037591342,0.078646705,0.035610422,0.8053833,0.0066043963,0.03362083,0.0
ERR1611394,0.00023323367,0.0012603423,0.0016882002,0.9929628,0.00073712075,0.0019746483,0.0011436809,0.0
SRR6060199,0.00023447769,0.001255168,0.0016778703,0.9929655,0.0007412386,0.0019682383,0.0011575458,0.0
SRR995278,0.0002323735,0.001264163,0.0016921443,0.9929743,0.0007330533,0.0019682439,0.0011356913,0.0
SRR1623109,0.0018980558,0.98295534,0.003079863,0.0033205585,0.0017705733,0.0011426249,0.0058330595,0.0
SRR6451828,0.00023459647,0.0012546316,0.0016781366,0.99296206,0.00074174366,0.001970646,0.0011581695,0.0
ERR209570,0.00023278863,0.0012625199,0.0016899039,0.99297184,0.0007345365,0.0019690064,0.0011393436,0.0
ERR1298114,0.0050000935,0.0036334568,0.009096714,0.0050869165,0.00084149075,0.00088847405,0.97545284,0.0
ERR924104,0.005014778,0.003601277,0.009093763,0.005150953,0.00084568193,0.0008833271,0.9754101,0.0
SRR6764893,0.0050000935,0.0036334568,0.009096714,0.0050869165,0.00084149075,0.00088847405,0.97545284,0.0
SRR1289154,0.00023462725,0.0012529119,0.0016823976,0.9929432,0.000744067,0.0019849024,0.0011578772,0.0
SRR7902290,0.0050000935,0.0036334568,0.009096714,0.0050869165,0.00084149075,0.00088847405,0.97545284,0.0
SRR3725754,0.0002359347,0.001246837,0.0016826261,0.9929109,0.0007515585,0.0020052665,0.0011669131,0.0
SRR7901850,0.0050000935,0.0036334568,0.009096714,0.0050869165,0.00084149075,0.00088847405,0.97545284,0.0
ERR1428555,0.0050000935,0.0036334568,0.009096714,0.0050869165,0.00084149075,0.00088847405,0.97545284,0.0
ERR1111235,0.00023284802,0.0012620434,0.0016900519,0.9929691,0.00073495257,0.001970909,0.0011400272,0.0
ERR2738621,0.00025059338,0.001190549,0.0015809358,0.9928561,0.0008067935,0.0019839907,0.0013310858,0.0
SRR882184,0.0018980558,0.98295534,0.003079863,0.0033205585,0.0017705733,0.0011426249,0.0058330595,0.0
SRR6932510,0.0002323735,0.001264163,0.0016921443,0.9929743,0.0007330533,0.0019682439,0.0011356913,0.0
ERR1897120,0.0018980558,0.98295534,0.003079863,0.0033205585,0.0017705733,0.0011426249,0.0058330595,0.0
ERR1905626,0.0050000935,0.0036334568,0.009096714,0.0050869165,0.00084149075,0.00088847405,0.97545284,0.0
ERR2784822,0.00023781178,0.0012409342,0.0016916315,0.9928556,0.00076212804,0.0020418202,0.0011701114,0.0
SRR5914996,0.0018980558,0.98295534,0.003079863,0.0033205585,0.0017705733,0.0011426249,0.0058330595,0.0
ERR2002322,0.00023587106,0.0012480047,0.0016721563,0.99294406,0.00074824365,0.0019797403,0.0011719193,0.0
ERR209375,0.000881572,0.0012357647,0.0046396786,0.24214268,0.004115835,0.746179,0.00080536574,0.0
SRR3027602,0.0018980558,0.98295534,0.003079863,0.0033205585,0.0017705733,0.0011426249,0.0058330595,0.0
ERR1297774,0.0002456602,0.0012090884,0.001642979,0.9927914,0.000797206,0.002053969,0.001259648,0.0
ERR2286309,0.00030107933,0.0010553523,0.0013833487,0.9921894,0.001040527,0.002118845,0.0019113813,0.0
SRR5181355,0.0018980558,0.98295534,0.003079863,0.0033205585,0.0017705733,0.0011426249,0.0058330595,0.0
ERR139270,0.00023264048,0.0012631477,0.0016908897,0.9929725,0.0007339434,0.0019690706,0.0011378592,0.0
SRR5699422,0.0002324627,0.0012640735,0.0016920846,0.9929742,0.0007331424,0.0019682436,0.0011357209,0.0
ERR1896684,0.0018980558,0.98295534,0.003079863,0.0033205585,0.0017705733,0.0011426249,0.0058330595,0.0
SRR1618088,0.00069510937,0.0023937821,0.0035441816,0.49368533,0.0023010373,0.40907282,0.0004900098,0.08781773
SRR1426533,0.0076967487,0.0036547738,0.0007271589,0.009295052,0.0012554453,0.9723435,0.005027346,0.0
ERR1314104,0.00023264046,0.001263207,0.0016909193,0.992973,0.0007339433,0.0019684755,0.0011377401,0.0
ERR487430,0.007347872,0.008898255,0.00048097174,0.005814104,0.0024583878,0.9710131,0.0039873295,0.0
ERR1905578,0.0050000935,0.0036334568,0.009096714,0.0050869165,0.00084149075,0.00088847405,0.97545284,0.0
SRR7449189,0.00023616788,0.0012489831,0.0016701887,0.99294746,0.0007480335,0.0019748572,0.0011743552,0.0
ERR1256226,0.0015344557,0.007668293,0.0009857358,0.035999667,0.00073564134,0.9448448,0.008231389,0.0
ERR1897328,0.0018980558,0.98295534,0.003079863,0.0033205585,0.0017705733,0.0011426249,0.0058330595,0.0
SRR6028287,0.00025950882,0.0011596131,0.0015479844,0.9927204,0.00085169915,0.0020347715,0.00142602,0.0
SRR1949309,0.00023255152,0.0012636251,0.0016913974,0.9929735,0.0007335873,0.0019684187,0.0011369681,0.0
ERR2213197,0.0076981834,0.0036539396,0.0007270682,0.009299058,0.0012558798,0.97233707,0.005028674,0.0
SRR8610642,0.0050000935,0.0036334568,0.009096714,0.0050869165,0.00084149075,0.00088847405,0.97545284,0.0
SRR6028455,0.00023610772,0.0012474328,0.0016685481,0.99294925,0.0007485965,0.00197503,0.0011750954,0.0
ERR525950,0.00024058692,0.0012274424,0.0016560018,0.9928724,0.0007717281,0.0020154992,0.001216289,0.0
SRR6746485,0.0018980558,0.98295534,0.003079863,0.0033205585,0.0017705733,0.0011426249,0.0058330595,0.0
DRR042730,0.00023910719,0.0012355112,0.0016741668,0.99288136,0.0007630669,0.002011903,0.0011949708,0.0
ERR1310964,0.00023326326,0.0012605496,0.001688199,0.99296653,0.0007364063,0.0019717617,0.0011433231,0.0
SRR1618117,0.0002324922,0.0012638045,0.0016916663,0.9929739,0.0007333499,0.0019683011,0.0011364633,0.0
SRR1503379,0.007879335,0.007841948,0.9407302,0.006737949,0.009433328,6.168039e-05,0.027315583,0.0
SRR6148046,0.0018980558,0.98295534,0.003079863,0.0033205585,0.0017705733,0.0011426249,0.0058330595,0.0
ERR2598704,0.0076968377,0.0036549207,0.0007272176,0.009294731,0.0012554454,0.9723435,0.005027347,0.0
ERR499489,0.00023249234,0.0012640135,0.001691935,0.99297404,0.0007331718,0.0019682427,0.0011360772,0.0
ERR1298249,0.0050000935,0.0036334568,0.009096714,0.0050869165,0.00084149075,0.00088847405,0.97545284,0.0
SRR1622905,0.0002323735,0.001264163,0.0016921443,0.9929743,0.0007330533,0.0019682439,0.0011356913,0.0
SRR5141891,0.0002324627,0.0012639546,0.0016921441,0.9929737,0.0007331722,0.0019687198,0.001135929,0.0
ERR1523716,0.00769694,0.0036589694,0.0007268089,0.009288978,0.0012565608,0.9723457,0.005026126,0.0
ERR2739161,0.00025106687,0.0011887836,0.0015779476,0.99285465,0.00080842164,0.0019824856,0.0013366642,0.0
ERR2495550,0.0050000935,0.0036334568,0.009096714,0.0050869165,0.00084149075,0.00088847405,0.97545284,0.0
ERR2511002,0.00023335178,0.0012602186,0.0016861116,0.99296975,0.00073667173,0.001968781,0.0011451043,0.0
ERR500444,0.00023252217,0.0012641032,0.0016920547,0.99297416,0.0007330829,0.0019682434,0.0011358397,0.0
SRR5800761,0.0018980558,0.98295534,0.003079863,0.0033205585,0.0017705733,0.0011426249,0.0058330595,0.0
SRR6057217,0.0018980558,0.98295534,0.003079863,0.0033205585,0.0017705733,0.0011426249,0.0058330595,0.0
ERR719004,0.00023608169,0.0012462031,0.0016795202,0.9929164,0.0007515529,0.0020002546,0.0011699978,0.0
ERR531617,0.00023388572,0.0012570278,0.0016847029,0.992958,0.0007397011,0.0019762346,0.0011503916,0.0
SRR6408825,0.0002323735,0.001264163,0.0016921443,0.9929743,0.0007330533,0.0019682439,0.0011356913,0.0
SRR2658296,0.00025537374,0.0011847652,0.0016661002,0.99259734,0.0008406486,0.0021445504,0.0013112476,0.0
SRR7454105,0.00023255152,0.0012635656,0.0016913974,0.99297357,0.0007335873,0.0019684187,0.0011369681,0.0
SRR6409155,0.00023249217,0.0012636556,0.0016916066,0.9929736,0.0007334688,0.0019685389,0.0011366119,0.0
ERR1676946,0.0050000935,0.0036334568,0.009096714,0.0050869165,0.00084149075,0.00088847405,0.97545284,0.0
ERR675652,0.007696748,0.0036548614,0.00072715885,0.009295021,0.0012554452,0.97234356,0.0050272867,0.0
DRR044026,0.00023293686,0.0012617438,0.0016893946,0.9929697,0.00073521904,0.0019701028,0.001140888,0.0
SRR5160334,0.0018980558,0.98295534,0.003079863,0.0033204993,0.0017705733,0.0011426249,0.0058330595,0.0
SRR3742012,0.0018980558,0.98295534,0.003079863,0.0033205585,0.0017705733,0.0011426249,0.0058330595,0.0
SRR944447,0.007879335,0.007841948,0.9407302,0.006737949,0.009433328,6.168039e-05,0.027315583,0.0
SRR3361603,0.00023387815,0.0012349468,0.0017017513,0.99279004,0.000760617,0.0021065094,0.0011722462,0.0
SRR5869160,0.0002323735,0.001264163,0.0016921443,0.9929743,0.0007330533,0.0019682439,0.0011356913,0.0
ERR1314484,0.0002336483,0.001258756,0.0016847069,0.99296427,0.00073830487,0.0019721047,0.0011481636,0.0
SRR5915456,0.0018980558,0.98295534,0.003079863,0.0033205585,0.0017705733,0.0011426249,0.0058330595,0.0
ERR719287,0.00023332234,0.001259536,0.0016878092,0.9929631,0.00073732715,0.0019739594,0.0011448975,0.0
SRR1602598,0.0018980558,0.98295534,0.003079863,0.0033205585,0.0017705733,0.0011426249,0.0058330595,0.0
SRR5155763,0.0002323735,0.001264163,0.0016921443,0.9929743,0.0007330533,0.0019682439,0.0011356913,0.0
SRR3419439,0.00022059435,0.0012419295,0.0019991288,0.9895642,0.0009173475,0.004739713,0.0013170185,0.0
ERR2854518,0.007713393,0.0036758978,0.000728203,0.009298933,0.0012602308,0.97222584,0.00509745,0.0
SRR8610877,0.0050000935,0.0036334568,0.009096714,0.0050869165,0.00084149075,0.00088847405,0.97545284,0.0
ERR2287463,0.007696836,0.0036549198,0.00072718813,0.009294758,0.0012554452,0.97234344,0.0050273747,0.0
SRR2061323,0.0018980558,0.98295534,0.003079863,0.0033205585,0.0017705733,0.0011426249,0.0058330595,0.0
ERR2022724,0.007707858,0.0036557012,0.00072800636,0.0092923315,0.0012582536,0.9723184,0.0050393995,0.0
ERR561601,0.00023838978,0.0012566182,0.0016858329,0.99281526,0.00077597157,0.002067066,0.001160953,0.0
ERR1522115,0.007696748,0.0036549491,0.00072715885,0.009294934,0.0012555037,0.97234356,0.005027228,0.0
ERR1533681,0.00069314236,0.003514647,0.0022523103,0.59275204,0.0044271047,0.30050528,0.0010190605,0.0948364
SRR6419778,0.0018980558,0.98295534,0.003079863,0.0033205585,0.0017705733,0.0011426249,0.0058330595,0.0
SRR6309291,0.00024146178,0.00123622,0.0016611428,0.9928065,0.0007867585,0.0020604858,0.0012074873,0.0
SRR7453888,0.00023255155,0.0012635064,0.0016912787,0.99297374,0.0007335874,0.0019684487,0.0011369981,0.0
SRR6054516,0.00023628573,0.0012474601,0.0016673254,0.9929527,0.0007484463,0.0019721412,0.0011756881,0.0
SRR6511231,0.0018980558,0.98295534,0.003079863,0.0033205585,0.0017705733,0.0011426249,0.0058330595,0.0
SRR5180659,0.0018980558,0.98295534,0.003079863,0.0033205585,0.0017705733,0.0011426249,0.0058330595,0.0
SRR5467568,0.00023383368,0.0012582578,0.0016980531,0.99292994,0.00074112276,0.0020013736,0.0011373996,0.0
SRR3094847,0.00023770508,0.001196558,0.0019226741,0.99074143,0.00091610174,0.0037472912,0.001238149,0.0
SRR6264475,0.00023335163,0.0012597418,0.0016861105,0.9929675,0.0007371175,0.0019704455,0.0011457283,0.0
SRR6054688,0.00023821149,0.0012392411,0.0016542745,0.9929428,0.0007562746,0.0019723757,0.0011967086,0.0
SRR6444892,0.00023441875,0.0012552305,0.0016796887,0.9929607,0.00074135937,0.0019722884,0.0011562993,0.0
ERR531917,0.0002351603,0.0012509065,0.0016776513,0.99294376,0.00074584427,0.0019827113,0.0011640227,0.0
SRR1632302,0.0002323735,0.001264163,0.0016921443,0.9929743,0.0007330533,0.0019682439,0.0011356913,0.0
ERR1896806,0.003754139,0.35452372,0.0005028546,0.0031055808,0.0019240379,0.48765972,0.0076797903,0.14085019
ERR1311079,0.00023373704,0.0012583369,0.0016836325,0.9929667,0.00073833304,0.001969929,0.0011492914,0.0
SRR6679582,0.007879335,0.007841948,0.9407302,0.006737949,0.009433328,6.168039e-05,0.027315583,0.0
ERR1310749,0.0002528856,0.001192039,0.0016768132,0.9926265,0.00082929106,0.002136962,0.0012855439,0.0
ERR996151,0.0069566853,0.003832248,0.00074101635,0.010128103,0.0012134567,0.9719388,0.0051895473,0.0
SRR1818141,0.0018980558,0.98295534,0.003079863,0.0033205585,0.0017705733,0.0011426249,0.0058330595,0.0
SRR6394236,0.0002323735,0.001264163,0.0016921443,0.9929743,0.0007330533,0.0019682439,0.0011356913,0.0
SRR7449445,0.00023243293,0.0012641032,0.0016920547,0.9929742,0.0007331126,0.0019682434,0.0011358099,0.0
SRR5586570,0.0050000935,0.0036334568,0.009096714,0.0050869165,0.00084149075,0.00088847405,0.97545284,0.0
ERR1896818,0.003754139,0.35452384,0.0005028546,0.0031055808,0.0019240379,0.48765972,0.0076797307,0.14085007
SRR5179723,0.0018980558,0.98295534,0.003079863,0.0033205585,0.0017705733,0.0011426249,0.0058330595,0.0
SRR2143673,0.0002338557,0.0012581567,0.001682946,0.9929674,0.00073856994,0.0019689745,0.0011500929,0.0
ERR308697,0.00775271,0.00367769,0.0007287606,0.009221801,0.0012619315,0.9722676,0.0050894036,0.0
ERR1582720,0.0018980558,0.98295534,0.003079863,0.0033205585,0.0017705733,0.0011426249,0.0058330595,0.0
SRR2102999,0.0018980558,0.98295534,0.003079863,0.0033205585,0.0017705733,0.0011426249,0.0058330595,0.0
ERR1384569,0.00023964093,0.0012319632,0.0016642507,0.9928692,0.00076912926,0.0020223588,0.0012035286,0.0
SRR8609925,0.005000095,0.0036334577,0.009096775,0.005086918,0.00084140204,0.0008884743,0.975453,0.0
ERR1310877,0.00023249212,0.0012632092,0.0016925879,0.9929674,0.00073409325,0.001973357,0.0011368198,0.0
ERR1677229,0.0050000935,0.0036334568,0.009096714,0.0050869165,0.00084149075,0.00088847405,0.97545284,0.0
SRR6457269,0.0018980558,0.98295534,0.003079863,0.0033205585,0.0017705733,0.0011426249,0.0058330595,0.0
ERR1522904,0.0076967487,0.0036548618,0.00072712963,0.009294905,0.0012554453,0.9723436,0.0050272876,0.0
SRR5196251,0.00029587004,0.0011810694,0.0020324583,0.9917203,0.0009993091,0.0026519669,0.0011190441,0.0
SRR1620022,0.0002323735,0.001264163,0.0016921443,0.9929743,0.0007330533,0.0019682439,0.0011356913,0.0
SRR920741,0.0002323735,0.001264163,0.0016921443,0.9929743,0.0007330533,0.0019682439,0.0011356913,0.0
SRR3745301,0.00023237347,0.0012641628,0.0016921441,0.9929742,0.0007330532,0.0019682436,0.00113581,0.0
ERR1428595,0.0050000935,0.0036334568,0.009096714,0.0050869165,0.00084149075,0.00088847405,0.97545284,0.0
ERR1385392,0.00023662335,0.0012454628,0.0016914034,0.99287796,0.0007563916,0.0020293985,0.0011626818,0.0
SRR6670640,0.007696748,0.0036548614,0.00072715885,0.009295021,0.0012554452,0.97234356,0.0050272867,0.0
ERR1429269,0.0018980558,0.98295534,0.003079863,0.0033204993,0.0017705733,0.0011426249,0.0058330595,0.0
SRR6975957,0.0018980558,0.98295534,0.003079863,0.0033205585,0.0017705733,0.0011426249,0.0058330595,0.0
SRR6754404,0.0018980558,0.98295534,0.003079863,0.0033205585,0.0017705733,0.0011426249,0.0058330595,0.0
ERR537709,0.0076967487,0.0036548618,0.0007271589,0.009294905,0.0012554453,0.9723436,0.0050272876,0.0
SRR6443995,0.0002351436,0.0012541884,0.0016990426,0.9928948,0.0007494254,0.002024347,0.0011430864,0.0
ERR866621,0.00023252214,0.001264103,0.0016921139,0.99297404,0.0007331125,0.0019682432,0.0011357801,0.0
SRR7704506,0.00023308514,0.001261444,0.0016882909,0.99297,0.00073563406,0.001969504,0.001142016,0.0
SRR6038251,0.00023388515,0.001257828,0.0016822895,0.99296755,0.00073883677,0.0019688234,0.0011508649,0.0
SRR7901921,0.0013553798,0.006728232,0.7231786,0.0045762956,0.0075406134,8.1621576e-05,0.07240763,0.18413162
ERR1428670,0.0050001834,0.0036334572,0.009096716,0.005086917,0.0008414019,0.0008883852,0.97545296,0.0
ERR2806329,0.00023382767,0.0012598317,0.0016835235,0.9929557,0.000740955,0.0019771094,0.0011490603,0.0
ERR1905858,0.0050000935,0.0036334568,0.009096714,0.0050869165,0.00084149075,0.00088847405,0.97545284,0.0
SRR2154942,0.0002323735,0.001264163,0.0016921443,0.9929743,0.0007330533,0.0019682439,0.0011356913,0.0
SRR7597216,0.0018980558,0.98295534,0.003079863,0.0033205585,0.0017705733,0.0011426249,0.0058330595,0.0
SRR4826459,0.0018980558,0.98295534,0.003079863,0.0033204993,0.0017705733,0.0011426249,0.0058330595,0.0
SRR5178870,0.0018980558,0.98295534,0.003079863,0.0033205585,0.0017705733,0.0011426249,0.0058330595,0.0
ERR1382295,0.00023887033,0.001235368,0.0016678687,0.9928788,0.00076530117,0.0020186044,0.0011952142,0.0
ERR1298359,0.0050000935,0.0036334568,0.009096714,0.0050869165,0.00084149075,0.00088847405,0.97545284,0.0
ERR1466887,0.00024254652,0.0012223095,0.0016623136,0.9928377,0.00077867694,0.002028587,0.0012277523,0.0
SRR5031329,0.0018980558,0.98295534,0.003079863,0.0033205585,0.0017705733,0.0011426249,0.0058330595,0.0
SRR1151503,0.007879335,0.007841948,0.9407302,0.006737949,0.009433328,6.168039e-05,0.027315583,0.0
SRR1503373,0.007879335,0.007841948,0.9407302,0.006737949,0.009433328,6.168039e-05,0.027315583,0.0
ERR2511428,0.00033598955,0.0011978655,0.0018137968,0.9910172,0.0011486231,0.0026939788,0.001792608,0.0
ERR1523314,0.0019339662,0.9829746,0.0030749806,0.003276447,0.0017926772,0.0011638942,0.0057834415,0.0
ERR1689219,0.0050000935,0.0036334568,0.009096714,0.0050869165,0.00084149075,0.00088847405,0.97545284,0.0
ERR2592340,0.80731684,0.0155027425,0.046727117,0.007583968,0.00069580664,0.051076442,0.07109709,0.0
ERR500894,0.00023246263,0.0012640137,0.0016919352,0.9929741,0.00073317194,0.001968243,0.0011360476,0.0
SRR2168084,0.0018980558,0.98295534,0.003079863,0.0033205585,0.0017705733,0.0011426249,0.0058330595,0.0
DRR047662,0.0002324627,0.0012640735,0.0016920846,0.9929742,0.00073308294,0.0019682436,0.00113581,0.0
SRR1328267,0.0018980558,0.98295534,0.003079863,0.0033205585,0.0017705733,0.0011426249,0.0058330595,0.0
ERR2511298,0.00023403358,0.0012575884,0.001681633,0.9929679,0.00073901424,0.001968107,0.0011516962,0.0
SRR6480251,0.0018980558,0.98295534,0.003079863,0.0033205585,0.0017705733,0.0011426249,0.0058330595,0.0
SRR7449218,0.00023252214,0.0012640733,0.0016920246,0.99297404,0.000733172,0.0019682432,0.0011359586,0.0
ERR2133885,0.007696748,0.0036548614,0.00072715885,0.009295021,0.0012554452,0.97234356,0.0050272867,0.0
SRR5683521,0.0018980558,0.98295534,0.003079863,0.0033205585,0.0017705733,0.0011426249,0.0058330595,0.0
ERR765655,0.0050000935,0.0036334568,0.009096714,0.0050869165,0.00084149075,0.00088847405,0.97545284,0.0
SRR5177414,0.0018980558,0.98295534,0.003079863,0.0033205585,0.0017705733,0.0011426249,0.0058330595,0.0
ERR2495385,0.0050000935,0.0036334568,0.009096714,0.0050869165,0.00084149075,0.00088847405,0.97545284,0.0
ERR1690671,0.0050000935,0.0036334568,0.009096714,0.0050869165,0.00084149075,0.00088847405,0.97545284,0.0
SRR8610152,0.0050000935,0.0036334568,0.009096714,0.0050869165,0.00084149075,0.00088847405,0.97545284,0.0
SRR3741986,0.0018980558,0.98295534,0.003079863,0.0033205585,0.0017705733,0.0011426249,0.0058330595,0.0
ERR1760019,0.0002324627,0.0012641033,0.0016921143,0.9929742,0.0007331424,0.0019682436,0.0011357209,0.0
SRR7771378,0.0018980558,0.98295534,0.0030798924,0.00332047,0.0017706323,0.0011426249,0.0058330004,0.0
SRR3201916,0.00023249217,0.0012638639,0.0016916959,0.99297374,0.0007333498,0.00196839,0.0011364334,0.0
ERR1905657,0.0050000935,0.0036334568,0.009096714,0.0050869165,0.00084149075,0.00088847405,0.97545284,0.0
SRR8608364,0.0050000935,0.0036334568,0.009096714,0.0050869165,0.00084149075,0.00088847405,0.97545284,0.0
SRR5165778,0.0002324627,0.0012641033,0.0016921143,0.9929742,0.00073308294,0.0019682436,0.0011357209,0.0
SRR6394134,0.00023243293,0.0012641032,0.0016920844,0.9929741,0.00073314237,0.001968303,0.0011358099,0.0
SRR5165821,0.00023302577,0.001261742,0.0016882321,0.99297166,0.000735337,0.0019683747,0.0011415407,0.0
ERR1385551,0.00023441867,0.0012552002,0.00167948,0.99296105,0.00074132934,0.00197199,0.0011565665,0.0
ERR1428206,0.0076970663,0.0036548888,0.0007271585,0.009295046,0.0012555324,0.9723425,0.0050277533,0.0
ERR2211230,0.0050000935,0.0036334568,0.009096714,0.0050869165,0.00084149075,0.00088847405,0.97545284,0.0
ERR1677133,0.0050000935,0.0036334568,0.009096714,0.0050869165,0.00084149075,0.00088847405,0.97545284,0.0
SRR8609815,0.0050000935,0.0036334568,0.009096714,0.0050869165,0.00084149075,0.00088847405,0.97545284,0.0
ERR1811226,0.0002393084,0.0012341663,0.0016499073,0.9929251,0.00076191436,0.0019817746,0.0012079036,0.0
SRR6931201,0.00023287768,0.0012618644,0.0016901107,0.9929682,0.00073522003,0.0019713843,0.0011402648,0.0
ERR1462876,0.005130364,0.031350438,0.000288523,0.0039261254,0.0052642804,0.9508694,0.0031709366,0.0
SRR1949021,0.00023252214,0.0012640435,0.0016920544,0.9929741,0.00073314225,0.0019682432,0.0011358991,0.0
SRR5915771,0.0018980558,0.98295534,0.003079863,0.0033205585,0.0017705733,0.0011426249,0.0058330595,0.0
ERR719493,0.00023558746,0.0012504578,0.0017026846,0.9928907,0.00074944773,0.0020247432,0.0011463471,0.0
ERR1533453,0.007698615,0.0036586947,0.0007266895,0.009288979,0.0012568205,0.9723419,0.005028395,0.0
DRR033152,0.0018980558,0.98295534,0.003079863,0.0033205585,0.0017705733,0.0011426249,0.0058330595,0.0
ERR1533432,0.0076993117,0.0036624407,0.00072630815,0.009284373,0.0012581082,0.97234076,0.0050287424,0.0
SRR1802741,0.0018980263,0.9829552,0.0030798335,0.0033205878,0.0017705733,0.0011426839,0.00583303,0.0
ERR1189757,0.0018980558,0.98295534,0.003079863,0.0033205585,0.0017705733,0.0011426249,0.0058330595,0.0
SRR2086768,0.0002323735,0.001264163,0.0016921443,0.9929743,0.0007330533,0.0019682439,0.0011356913,0.0
ERR543924,0.007879335,0.007841948,0.9407302,0.006737949,0.009433328,6.168039e-05,0.027315583,0.0
ERR1384068,0.00023985289,0.0012315661,0.001681558,0.99284726,0.00076887367,0.0020355966,0.0011952788,0.0
ERR1582974,0.0018980558,0.98295534,0.003079863,0.0033205585,0.0017705733,0.0011426249,0.0058330595,0.0
SRR957756,0.002278984,0.00043659765,0.008224094,0.6689488,0.013289102,0.0004904402,0.30633193,0.0
ERR849845,0.0077136573,0.0036598868,0.000729394,0.009260665,0.0012604696,0.97231036,0.005065544,0.0
ERR1725730,0.00012985714,0.0012468231,0.0040525217,0.9559622,0.0011084445,0.03651775,0.0009824795,0.0
ERR1384877,0.00024245998,0.0012284818,0.001719678,0.99274254,0.000783243,0.0021110764,0.0011725889,0.0
SRR7453386,0.0002324626,0.0012640433,0.0016920838,0.9929739,0.00073320157,0.0019682427,0.001135988,0.0
SRR6663510,0.0018980558,0.98295534,0.003079863,0.0033205585,0.0017705733,0.0011426249,0.0058330595,0.0
ERR538734,0.007879335,0.007841948,0.9407302,0.006737949,0.009433328,6.168039e-05,0.027315583,0.0
SRR6411531,0.00023264032,0.0012631171,0.0016906506,0.99297285,0.0007340619,0.0019684744,0.0011381855,0.0
SRR6444360,0.00025107013,0.0012150176,0.0016699242,0.99259263,0.00084268075,0.0021769425,0.0012517517,0.0
SRR6408682,0.0002352784,0.0012512291,0.0016760686,0.9929507,0.00074521685,0.0019763685,0.0011651487,0.0
SRR5177286,0.0018980558,0.98295534,0.003079863,0.0033205585,0.0017705733,0.0011426249,0.0058330595,0.0
ERR1905760,0.0050000935,0.0036334568,0.009096714,0.0050869165,0.00084149075,0.00088847405,0.97545284,0.0
DRR044141,0.0002491809,0.0011996608,0.001625252,0.992785,0.0008058009,0.0020355573,0.001299583,0.0
ERR531946,0.00023249222,0.0012638641,0.0016916367,0.9929739,0.00073335,0.0019683014,0.0011364337,0.0
SRR3503259,0.0002323735,0.001264163,0.0016921443,0.9929743,0.0007330533,0.0019682439,0.0011356913,0.0
ERR2216495,0.00024400461,0.0012884884,0.0024408498,0.9786806,0.0013169164,0.014575086,0.0014540257,0.0
SRR5003173,0.0016127512,0.75248724,0.0012727607,0.0015784582,0.0018340622,0.00240003,0.23881465,0.0
SRR7454094,0.00023246267,0.0012640437,0.0016919952,0.9929742,0.0007331126,0.0019682434,0.0011358694,0.0
SRR3037332,0.00025739975,0.001191117,0.0016937826,0.99255276,0.0008406905,0.0021559126,0.0013083224,0.0
ERR520839,0.00026049043,0.0012031993,0.0017654041,0.9924394,0.000843575,0.0022136036,0.0012743152,0.0
ERR1522280,0.007696748,0.0036548614,0.00072715885,0.009295021,0.0012554452,0.97234356,0.0050272867,0.0
ERR695311,0.0076968377,0.003654862,0.00072715903,0.009294642,0.001255504,0.9723435,0.0050274637,0.0
ERR574415,0.8074634,0.015079237,0.046829063,0.0076794066,0.0006938166,0.051361445,0.07089359,0.0
SRR4415354,0.007879335,0.007841948,0.9407302,0.006737949,0.009433328,6.168039e-05,0.027315583,0.0
SRR1950737,0.0002323735,0.001264163,0.0016921443,0.9929743,0.0007330533,0.0019682439,0.0011356913,0.0
ERR2003143,0.00018254835,0.0010271054,0.0026701,0.98608464,0.0010087229,0.008007449,0.0010193544,0.0
ERR443596,0.00023252214,0.0012640435,0.0016920544,0.99297404,0.0007331125,0.001968273,0.0011358991,0.0
SRR8605770,0.0050000935,0.0036334568,0.009096714,0.0050869165,0.00084149075,0.00088847405,0.97545284,0.0
SRR5260436,0.0018980558,0.98295534,0.003079863,0.0033205585,0.0017705733,0.0011426249,0.0058330595,0.0
SRR5868634,0.0002325222,0.0012641033,0.0016920846,0.9929742,0.00073308294,0.0019682436,0.0011357804,0.0
ERR1896953,0.0037542284,0.354493,0.0005028248,0.0031057,0.0019239187,0.48765615,0.007680297,0.14088392
ERR1103197,0.0018980558,0.98295534,0.003079863,0.0033205585,0.0017705733,0.0011426249,0.0058330595,0.0
SRR5181233,0.0018980558,0.98295534,0.003079863,0.0033205585,0.0017705733,0.0011426249,0.0058330595,0.0
ERR501202,0.00023480396,0.0012537948,0.001676793,0.9929605,0.0007426337,0.0019711158,0.0011603076,0.0
SRR976684,0.0050003286,0.0036337217,0.00909665,0.005086766,0.00084149034,0.000888444,0.9754526,0.0
ERR501401,0.0002452147,0.0012108758,0.0016416151,0.99280304,0.0007946503,0.0020477583,0.001256796,0.0
SRR5166013,0.0002340931,0.0012566665,0.0016827338,0.9929604,0.0007400554,0.0019738479,0.001152321,0.0
ERR1315092,0.00023311503,0.0012604037,0.0016892139,0.9929633,0.00073661614,0.0019747403,0.0011426116,0.0
ERR1760082,0.0002323735,0.001264163,0.0016921443,0.9929743,0.0007330533,0.0019682439,0.0011356913,0.0
ERR2716363,0.80759543,0.014664287,0.046927888,0.007776877,0.0006917644,0.051651113,0.07069256,0.0
SRR5415611,0.00023293692,0.0012619225,0.0016892463,0.9929705,0.00073513,0.0019695084,0.0011407394,0.0
SRR1818159,0.0018980558,0.98295534,0.003079863,0.0033204993,0.0017705733,0.0011426249,0.0058330595,0.0
SRR6931724,0.00023349986,0.0012591443,0.0016853336,0.99296653,0.0007376513,0.0019707684,0.0011470346,0.0
SRR5823721,0.007690161,0.0036550232,0.00072748406,0.009319253,0.001255919,0.9723218,0.005030354,0.0
SRR3098365,0.0018980558,0.98295534,0.003079863,0.0033205585,0.0017705733,0.0011426249,0.0058330595,0.0
SRR6292309,0.0018980558,0.98295534,0.003079863,0.0033205585,0.0017705733,0.0011426249,0.0058330595,0.0
ERR1512238,0.007699537,0.003655583,0.00072709814,0.009293764,0.0012560858,0.97233766,0.0050302595,0.0
ERR308532,0.007609338,0.0036745623,0.0007270393,0.009423509,0.0012552573,0.9722299,0.0050803125,0.0
ERR2599291,0.0012142956,0.3338362,0.10271329,0.0001257956,0.005829543,0.00019776821,0.24784416,0.30823898
ERR1523774,0.007696748,0.0036548614,0.00072715885,0.009295021,0.0012554452,0.97234356,0.0050272867,0.0
SRR6931367,0.0002323735,0.001264163,0.0016921443,0.9929743,0.0007330533,0.0019682439,0.0011356913,0.0
ERR2286345,0.00023237347,0.0012641628,0.0016921441,0.9929742,0.0007330532,0.0019682436,0.00113581,0.0
SRR6932552,0.0002324627,0.0012640439,0.0016919953,0.9929743,0.0007331424,0.0019682436,0.0011358398,0.0
ERR2187978,0.0025429153,0.037591342,0.078646705,0.035610422,0.8053833,0.0066043963,0.03362083,0.0
SRR6931196,0.0002323735,0.001264163,0.0016921443,0.9929743,0.0007330533,0.0019682439,0.0011356913,0.0
SRR8610128,0.0050000935,0.0036334568,0.009096714,0.0050869165,0.00084149075,0.00088847405,0.97545284,0.0
SRR7902277,0.005000153,0.003633516,0.009096714,0.0050867978,0.0008414018,0.00088847405,0.97545296,0.0
ERR209857,0.0002452062,0.0012097335,0.001624309,0.9928544,0.0007890614,0.0020090553,0.0012682023,0.0
SRR1704342,0.0002323735,0.001264163,0.0016921443,0.9929743,0.0007330533,0.0019682439,0.0011356913,0.0
SRR996347,0.0002323735,0.001264163,0.0016921443,0.9929743,0.0007330533,0.0019682439,0.0011356913,0.0
ERR2714247,0.007698797,0.003655798,0.0007272173,0.009291828,0.0012555914,0.97234154,0.005029219,0.0
SRR2097578,0.0018980558,0.98295534,0.003079863,0.0033205585,0.0017705733,0.0011426249,0.0058330595,0.0
ERR1512051,0.007696748,0.0036548614,0.00072715885,0.009295021,0.0012554452,0.97234356,0.0050272867,0.0
SRR1048620,0.0031615798,0.0786143,0.70665187,0.001383871,0.051770575,7.768113e-05,0.021935256,0.13640489
SRR7453568,0.00023246267,0.0012641329,0.0016921142,0.99297416,0.00073305314,0.0019682434,0.0011357802,0.0
ERR538581,0.007879335,0.007841948,0.9407302,0.006737949,0.009433328,6.168039e-05,0.027315583,0.0
ERR1382965,0.000234152,0.0012558602,0.0016818075,0.9929586,0.00074082694,0.0019746758,0.0011540434,0.0
ERR2595923,0.00782387,0.0035138698,0.0007329066,0.009769375,0.0012869206,0.971852,0.005021061,0.0
ERR986191,0.007791812,0.0036273128,0.00073314755,0.009359968,0.00127338,0.9721305,0.0050838552,0.0
SRR6457142,0.0018980558,0.98295534,0.003079863,0.0033205585,0.0017705733,0.0011426249,0.0058330595,0.0
SRR1617794,0.0002323437,0.0012633298,0.0016934229,0.9929672,0.00073373725,0.0019739843,0.0011360182,0.0
SRR3095093,0.00023246265,0.001264103,0.0016921139,0.99297404,0.000733053,0.0019683028,0.0011358693,0.0
SRR500438,0.0018980558,0.98295534,0.003079863,0.0033205585,0.0017705733,0.0011426249,0.0058330595,0.0
SRR5801388,0.007879335,0.007841948,0.9407302,0.006737949,0.009433328,6.168039e-05,0.027315583,0.0
SRR6931871,0.0002323735,0.001264163,0.0016921443,0.9929743,0.0007330533,0.0019682439,0.0011356913,0.0
SRR6931381,0.00014467636,0.00084007904,0.0040096734,0.96457016,0.0013355801,0.028187579,0.0009123439,0.0
ERR1384902,0.0002552998,0.0011797616,0.0016226481,0.99263924,0.00084461557,0.0021177542,0.0013406733,0.0
ERR500924,0.00023243295,0.0012641033,0.0016920846,0.9929742,0.0007331424,0.0019682436,0.0011357209,0.0
SRR5431360,0.00023252206,0.0012639539,0.0016918159,0.9929739,0.000733261,0.0019683319,0.0011361366,0.0
ERR441545,0.00023246265,0.0012640435,0.0016920246,0.99297404,0.000733172,0.0019683326,0.0011358693,0.0
SRR3095053,0.00024133439,0.0012253505,0.0016665576,0.9928335,0.00077745126,0.002042122,0.001213721,0.0
SRR7901952,0.0012142956,0.3338362,0.10271329,0.0001257956,0.005829543,0.00019776821,0.24784416,0.30823898
ERR1314654,0.00030028325,0.0011501886,0.00174677,0.99164087,0.0010974301,0.0025948314,0.0014696838,0.0
ERR2739210,0.00023255167,0.0012637151,0.0016915769,0.9929739,0.00073349854,0.0019682413,0.0011365524,0.0
ERR1533637,0.0076975096,0.0036566479,0.00072698307,0.009292063,0.0012560016,0.9723433,0.005027521,0.0
SRR1617943,0.00014800618,0.00089434703,0.003863187,0.96350586,0.0013573836,0.029259525,0.0009717692,0.0
ERR867029,0.0002374241,0.0012414943,0.0016925465,0.99286765,0.00075900165,0.0020332152,0.0011687381,0.0
DRR043895,0.00023836429,0.0012377751,0.0016721787,0.9928964,0.00076000555,0.0020040565,0.0011912265,0.0
ERR1688990,0.0050000935,0.0036334568,0.009096714,0.0050869165,0.00084149075,0.00088847405,0.97545284,0.0
ERR1690399,0.0050000935,0.0036334568,0.009096714,0.0050869165,0.00084149075,0.00088847405,0.97545284,0.0
ERR441652,0.0002324627,0.0012641033,0.0016920846,0.99297416,0.0007330532,0.0019682436,0.00113581,0.0
SRR6444459,0.00024462704,0.0012159377,0.0016485334,0.9927869,0.0007961309,0.0020626,0.001245293,0.0
SRR1929499,0.0018980558,0.98295534,0.003079863,0.0033205585,0.0017705733,0.0011426249,0.0058330595,0.0
ERR1548888,0.0025465016,0.037636932,0.07850027,0.035740253,0.8053703,0.0065600276,0.03364578,0.0
SRR5450603,0.807659,0.014452279,0.046980504,0.007828149,0.00069069205,0.051802512,0.07058686,0.0
SRR951930,0.007879335,0.007841948,0.9407302,0.006737949,0.009433328,6.168039e-05,0.027315583,0.0
ERR1583265,0.0018980558,0.98295534,0.003079863,0.0033205585,0.0017705733,0.0011426249,0.0058330595,0.0
ERR1611389,0.0002323735,0.001264163,0.0016921443,0.9929743,0.0007330533,0.0019682439,0.0011356913,0.0
ERR1313989,0.00023293708,0.001261745,0.001689783,0.9929684,0.00073527923,0.0019713538,0.0011405023,0.0
SRR3951009,0.00023269992,0.0012625823,0.0016916924,0.9929683,0.0007345679,0.0019718665,0.0011382456,0.0
SRR6264692,0.00023308511,0.0012611464,0.0016883798,0.9929687,0.0007358422,0.0019706043,0.0011422837,0.0
SRR5467945,0.00023323664,0.0012605072,0.001696253,0.99295133,0.0007369219,0.0019845194,0.0011372704,0.0
SRR1660118,0.00023287765,0.001262132,0.0016894859,0.992971,0.000734863,0.0019694804,0.0011401457,0.0
SRR5803353,0.007879335,0.007841948,0.9407302,0.006737949,0.009433328,6.168039e-05,0.027315583,0.0
SRR5179956,0.0018980558,0.98295534,0.003079863,0.0033205585,0.0017705733,0.0011426249,0.0058330595,0.0
ERR522332,0.00023533955,0.0012501967,0.0016796498,0.9929323,0.0007476017,0.0019910166,0.0011638778,0.0
ERR719135,0.00023931317,0.001232793,0.0016635032,0.99288267,0.00076621264,0.0020134607,0.0012021279,0.0
ERR866965,0.00023302584,0.0012617128,0.0016882923,0.9929717,0.0007352778,0.0019684348,0.0011415114,0.0
SRR6411902,0.0002323735,0.001264163,0.0016921443,0.9929743,0.0007330533,0.0019682439,0.0011356913,0.0
ERR2013485,0.0026233697,0.03860376,0.075454,0.03857895,0.80488014,0.0056901774,0.03416955,0.0
ERR1582597,0.0018980558,0.98295534,0.003079863,0.0033205585,0.0017705733,0.0011426249,0.0058330595,0.0
SRR1994760,0.005456004,0.0027122514,0.009014133,0.0075873523,0.0009768558,0.0007353582,0.9735181,0.0
SRR7637195,0.0018980558,0.98295534,0.003079863,0.0033205585,0.0017705733,0.0011426249,0.0058330595,0.0
ERR2231372,0.007696748,0.0036548614,0.00072715885,0.009295021,0.0012554452,0.97234356,0.0050272867,0.0
ERR1725540,0.0050000935,0.0036334568,0.009096714,0.0050869165,0.00084149075,0.00088847405,0.97545284,0.0
ERR1311307,0.00024302294,0.0012201709,0.0016518184,0.9928204,0.000786263,0.0020448903,0.0012334358,0.0
SRR5155788,0.00023249225,0.0012638049,0.0016918452,0.99297357,0.00073329057,0.001968599,0.0011363446,0.0
SRR5078075,0.0018980558,0.98295534,0.003079863,0.0033205585,0.0017705733,0.0011426249,0.0058330595,0.0
ERR499790,0.0002324627,0.0012640735,0.0016920846,0.9929742,0.00073308294,0.0019682436,0.00113581,0.0
SRR7633220,0.0018980558,0.98295534,0.003079863,0.0033205585,0.0017705733,0.0011426249,0.0058330595,0.0
ERR1691312,0.0050000935,0.0036334568,0.009096714,0.0050869165,0.00084149075,0.00088847405,0.97545284,0.0
SRR6932047,0.0002324627,0.0012641033,0.0016920846,0.99297416,0.0007331424,0.0019683032,0.0011357804,0.0
ERR1689324,0.0050000935,0.0036334568,0.009096714,0.0050869165,0.00084149075,0.00088847405,0.97545284,0.0
ERR1263218,0.007696921,0.0036548893,0.00072718784,0.009295428,0.0012555325,0.9723419,0.0050281347,0.0
SRR6670771,0.007696748,0.0036548614,0.00072715885,0.009295021,0.0012554452,0.97234356,0.0050272867,0.0
SRR6746191,0.0018980558,0.98295534,0.003079863,0.0033205585,0.0017705733,0.0011426249,0.0058330595,0.0
ERR1905757,0.0050000935,0.0036334568,0.009096714,0.0050869165,0.00084149075,0.00088847405,0.97545284,0.0
ERR2730327,0.00023528095,0.001250142,0.0016842964,0.992928,0.0007470691,0.0019937607,0.001161473,0.0
ERR1398235,0.00023671826,0.0012463849,0.0017071795,0.9928649,0.00075474393,0.0020403937,0.0011496214,0.0
SRR6264684,0.00023545838,0.0012492739,0.0016819391,0.99292886,0.0007477202,0.0019926515,0.0011640853,0.0
ERR209480,0.0002323735,0.001264163,0.0016921443,0.9929743,0.0007330533,0.0019682439,0.0011356913,0.0
SRR3879437,0.0018980558,0.98295534,0.003079863,0.0033205585,0.0017705733,0.0011426249,0.0058330595,0.0
DRR047572,0.00023255164,0.001263715,0.0016915172,0.99297374,0.0007334687,0.00196836,0.0011366713,0.0
ERR501080,0.0002324627,0.0012640735,0.0016920846,0.99297416,0.0007331424,0.0019682436,0.0011357804,0.0
ERR579451,0.00023878095,0.0012354862,0.0016743221,0.99288136,0.0007628915,0.00201432,0.001192834,0.0
SRR4414203,0.007879335,0.007841948,0.9407302,0.006737949,0.009433328,6.168039e-05,0.027315583,0.0
ERR1854505,0.0076971836,0.0036551817,0.0007270999,0.009294607,0.0012555324,0.9723424,0.005028046,0.0
SRR1623130,0.0018980558,0.98295534,0.003079863,0.0033205585,0.0017705733,0.0011426249,0.0058330595,0.0
SRR6264864,0.000528431,0.00020687522,0.00270798,0.927374,0.009504947,0.0010433536,0.058634423,0.0
DRR048001,0.00023314489,0.0012605232,0.0016902558,0.9929622,0.00073658675,0.0019751876,0.001142166,0.0
ERR1384455,0.00024517992,0.0012178984,0.0016857124,0.9927179,0.0008010658,0.002114056,0.0012182257,0.0
ERR1297971,0.0050000935,0.0036334568,0.009096714,0.0050869165,0.00084149075,0.00088847405,0.97545284,0.0
SRR6292368,0.0018980558,0.98295534,0.003079863,0.0033205585,0.0017705733,0.0011426249,0.0058330595,0.0
ERR1593402,0.007879394,0.007841948,0.9407302,0.00673789,0.009433328,6.16805e-05,0.027315583,0.0
ERR1743336,0.0014251099,0.9169651,0.019272404,0.0003189104,0.008868454,0.0005329307,0.05261709,0.0
SRR2103017,0.0018980555,0.9829553,0.0030798921,0.0033205284,0.0017706321,0.0011426248,0.005833,0.0
ERR1383157,0.000239945,0.0012305101,0.0016830058,0.99281704,0.0007734932,0.0020635212,0.0011924377,0.0
SRR952068,0.007879396,0.007842126,0.94073,0.006737833,0.009433448,6.16804e-05,0.027315501,0.0
SRR6451741,0.00024283354,0.0012202051,0.0016270294,0.9929091,0.0007753721,0.001979636,0.0012458714,0.0
ERR878227,0.0077235685,0.003636042,0.00072969793,0.009342705,0.0012635132,0.9722704,0.0050340486,0.0
SRR6931744,0.0002323735,0.001264163,0.0016921443,0.9929743,0.0007330533,0.0019682439,0.0011356913,0.0
SRR7303130,0.0076974444,0.0036542432,0.00072721683,0.009297884,0.0012555612,0.9723405,0.0050271656,0.0
DRR043050,0.00023628691,0.0012467526,0.00167358,0.9929352,0.0007498778,0.0019841378,0.0011741472,0.0
SRR3586512,0.0018980558,0.98295534,0.003079863,0.0033205585,0.0017705733,0.0011426249,0.0058330595,0.0
SRR5178867,0.0018980558,0.98295534,0.003079863,0.0033205585,0.0017705733,0.0011426249,0.0058330595,0.0
ERR1315594,0.00023326054,0.0012499457,0.0016967459,0.9928853,0.0007466895,0.002035393,0.0011526794,0.0
ERR2260419,0.80051976,0.026847985,0.047099404,0.0057588434,0.00077486347,0.045679335,0.073319875,0.0
ERR1960713,0.0020444694,0.0011995734,0.0033878984,0.8943276,0.005275101,0.018051775,0.041997764,0.033715848
SRR575220,0.007879335,0.007841948,0.9407302,0.006737949,0.009433328,6.168039e-05,0.027315583,0.0
ERR1103258,0.0018980558,0.98295534,0.003079863,0.0033205585,0.0017705733,0.0011426249,0.0058330595,0.0
ERR2730273,0.00023249237,0.0012640732,0.0016918757,0.99297357,0.00073332066,0.0019685405,0.0011361071,0.0
SRR5915447,0.0018980558,0.98295534,0.003079863,0.0033205585,0.0017705733,0.0011426249,0.0058330595,0.0
ERR990193,0.00023278869,0.0012626392,0.0016898746,0.9929726,0.0007344177,0.001968412,0.0011392249,0.0
SRR5525222,0.0002324626,0.0012639838,0.0016920243,0.99297404,0.00073320157,0.0019682427,0.001135988,0.0
SRR5196293,0.00023249243,0.0012638058,0.0016920844,0.992973,0.00073326135,0.001969225,0.0011360777,0.0
DRR061151,0.0018989051,0.9829529,0.0030801191,0.0033208728,0.0017709219,0.0011428279,0.005833396,0.0
ERR499164,0.0002323735,0.001264163,0.0016921443,0.9929743,0.0007330533,0.0019682439,0.0011356913,0.0
SRR6412122,0.0002323735,0.001264163,0.0016921443,0.9929743,0.0007330533,0.0019682439,0.0011356913,0.0
SRR5803523,0.007879335,0.007841948,0.9407302,0.006737949,0.009433328,6.168039e-05,0.027315583,0.0
SRR6436934,0.0002378861,0.0012401426,0.0016594027,0.9929352,0.0007557747,0.0019790826,0.0011925832,0.0
SRR8605070,0.0050000935,0.0036334568,0.009096714,0.0050869165,0.00084149075,0.00088847405,0.97545284,0.0
SRR2097594,0.0018980558,0.98295534,0.003079863,0.0033205585,0.0017705733,0.0011426249,0.0058330595,0.0
SRR3951215,0.0002328185,0.0012618959,0.0016908268,0.9929671,0.0007351615,0.0019726064,0.0011396416,0.0
SRR3419444,0.00023664888,0.0012443698,0.001685692,0.9928932,0.0007548017,0.0020164233,0.0011688182,0.0
ERR1897684,0.0076967487,0.0036548618,0.00072712963,0.009294905,0.0012554453,0.9723436,0.0050272876,0.0
SRR5647921,0.0018980558,0.98295534,0.003079863,0.0033205585,0.0017705733,0.0011426249,0.0058330595,0.0
ERR498770,0.00024138202,0.001226718,0.0016350092,0.99292415,0.0007686988,0.0019745382,0.0012295434,0.0
ERR538465,0.007879335,0.007841948,0.9407302,0.006737949,0.009433328,6.168039e-05,0.027315583,0.0
ERR1109638,0.00023302651,0.0012608239,0.001692045,0.9929607,0.00073629123,0.0019763825,0.0011406818,0.0
ERR209537,0.0007061363,0.002137095,0.0030301814,0.5625574,0.002613038,0.36259916,0.0007823409,0.06557465
ERR2814661,0.7810713,0.05312111,0.042263646,0.004267007,0.00086739036,0.042205043,0.07620458,0.0
ERR531877,0.00024091185,0.0012261521,0.0016513169,0.99287564,0.0007728214,0.0020117925,0.001221423,0.0
ERR2511036,0.0002329073,0.0012621316,0.0016893365,0.99297124,0.00073489244,0.0019691526,0.0011403237,0.0
ERR1314093,0.000233115,0.0012610281,0.0016883214,0.99296594,0.0007363781,0.0019725985,0.0011426115,0.0
SRR1145375,0.00023323476,0.0012598425,0.0016927293,0.99295515,0.00073724316,0.001980458,0.001141366,0.0
SRR1948807,0.00023246263,0.0012640434,0.0016920245,0.9929739,0.0007332017,0.001968362,0.0011359287,0.0
ERR878299,0.007700135,0.003650594,0.00072789285,0.009301898,0.0012570005,0.9723343,0.0050281486,0.0
SRR2154932,0.00023252203,0.001263924,0.0016917264,0.992974,0.00073320145,0.001968272,0.0011362853,0.0
ERR1366500,0.007697159,0.0036549496,0.0007271882,0.009294495,0.0012554453,0.9723433,0.005027522,0.0
SRR6745989,0.0018980558,0.98295534,0.003079863,0.0033205585,0.0017705733,0.0011426249,0.0058330595,0.0
SRR500312,0.0018980558,0.98295534,0.003079863,0.0033205585,0.0017705733,0.0011426249,0.0058330595,0.0
ERR1759971,0.0002323735,0.001264163,0.0016921443,0.9929743,0.0007330533,0.0019682439,0.0011356913,0.0
ERR1428977,0.0050000935,0.0036334568,0.009096714,0.0050869165,0.00084149075,0.00088847405,0.97545284,0.0
ERR1226442,0.0050000935,0.0036334568,0.009096714,0.0050869165,0.00084149075,0.00088847405,0.97545284,0.0
SRR505164,0.00023509997,0.0012517646,0.0016746114,0.9929565,0.00074447336,0.0019729184,0.0011646729,0.0
ERR2002276,0.00022743814,0.0012307718,0.0017741425,0.99252766,0.0007673881,0.0023323267,0.0011402545,0.0
SRR6411976,0.0002324329,0.001263984,0.0016919652,0.99297416,0.00073320174,0.0019683028,0.0011359883,0.0
SRR5699407,0.00023255167,0.0012638639,0.0016916959,0.99297374,0.00073337957,0.001968301,0.0011364334,0.0
DRR047882,0.00023252175,0.0012636548,0.0016913972,0.9929736,0.00073358725,0.0019683293,0.001136968,0.0
ERR1385172,0.00023682692,0.0012440701,0.0016823873,0.99289054,0.00075655524,0.0020181153,0.0011714932,0.0
ERR2854562,0.0077437344,0.0036354016,0.0007288727,0.009402537,0.0012660894,0.9721374,0.005086089,0.0
SRR5002031,0.0018981143,0.9829551,0.0030798623,0.0033205282,0.0017706319,0.0011426246,0.0058330875,0.0
ERR983847,0.00023261097,0.0012635356,0.0016913376,0.99297327,0.0007336169,0.0019686264,0.0011370571,0.0
SRR6411772,0.0002323735,0.0012641035,0.0016920848,0.9929743,0.00073308306,0.0019682439,0.0011358103,0.0
SRR1948876,0.00023246267,0.0012641032,0.0016920844,0.99297404,0.00073314237,0.0019682732,0.0011358099,0.0
ERR1383184,0.00025203888,0.001189564,0.0016306246,0.9926867,0.00082912616,0.0021004132,0.0013115539,0.0
DRR068159,0.00024620103,0.0012115542,0.0016468227,0.9927578,0.0008043916,0.0020772135,0.001256018,0.0
ERR1226431,0.0050000935,0.0036334568,0.009096714,0.0050869165,0.00084149075,0.00088847405,0.97545284,0.0
ERR500350,0.00023255167,0.0012637151,0.0016915769,0.9929739,0.00073337957,0.0019682413,0.0011366119,0.0
ERR2495417,0.0050000935,0.0036334568,0.009096714,0.0050869165,0.00084149075,0.00088847405,0.97545284,0.0
ERR1263448,0.007694419,0.0036462708,0.0007266711,0.009451088,0.0012681892,0.9721005,0.00511288,0.0
SRR6265025,0.00023456698,0.0012543057,0.001679001,0.99295807,0.00074219063,0.0019738309,0.001158022,0.0
ERR1896874,0.003754139,0.35452384,0.0005028546,0.0031055808,0.0019240379,0.48765972,0.0076797307,0.14085007
SRR5196433,0.00023252217,0.0012640734,0.0016921439,0.9929741,0.0007330829,0.0019682434,0.0011357802,0.0
SRR2168158,0.0018980558,0.98295534,0.003079863,0.0033205585,0.0017705733,0.0011426249,0.0058330595,0.0
SRR2061260,0.0018980558,0.98295534,0.003079863,0.0033205585,0.0017705733,0.0011426249,0.0058330595,0.0
DRR012987,0.0018980558,0.98295534,0.003079863,0.0033205585,0.0017705733,0.0011426249,0.0058330595,0.0
ERR1987749,0.00023756153,0.0012417921,0.0016672435,0.9929244,0.00075503933,0.0019869567,0.0011870343,0.0
SRR5822826,0.0075590084,0.003916704,0.00071132375,0.009239152,0.0013122373,0.9721183,0.0051433435,0.0
SRR1246262,0.007879335,0.007841948,0.9407302,0.006737949,0.009433328,6.168039e-05,0.027315583,0.0
ERR1512070,0.00046551228,0.0027523935,0.003445655,0.5854598,0.0018713474,0.3099913,0.0007638931,0.09525007
ERR1691767,0.0050000935,0.0036334568,0.009096714,0.0050869165,0.00084149075,0.00088847405,0.97545284,0.0
SRR2668761,0.0018980558,0.9829554,0.0030798924,0.003320529,0.0017705733,0.0011426249,0.0058330004,0.0
SRR500461,0.0018980558,0.98295534,0.003079863,0.0033205585,0.0017705733,0.0011426249,0.0058330595,0.0
SRR943535,0.007879335,0.007841948,0.9407302,0.006737949,0.009433328,6.168039e-05,0.027315583,0.0
SRR1633031,0.0002323735,0.001264163,0.0016921443,0.9929743,0.0007330533,0.0019682439,0.0011356913,0.0
ERR1109442,0.0002323735,0.001264163,0.0016921443,0.9929743,0.0007330533,0.0019682439,0.0011356913,0.0
SRR2090130,0.007569895,0.08066525,0.83764565,0.0016550586,0.058460847,6.589593e-05,0.013937446,0.0
ERR1760047,0.0002323735,0.001264163,0.0016921443,0.9929743,0.0007330533,0.0019682439,0.0011356913,0.0
SRR2657616,0.0018980558,0.98295534,0.003079863,0.0033205585,0.0017705733,0.0011426249,0.0058330595,0.0
SRR3053538,0.00024198132,0.0012297173,0.0017074036,0.99275386,0.00078397786,0.0021038544,0.0011792091,0.0
ERR1384252,0.00023305567,0.0012613265,0.0016891555,0.992968,0.0007356647,0.0019713505,0.0011415117,0.0
ERR2169020,0.0018980558,0.98295534,0.003079863,0.0033205585,0.0017705733,0.0011426249,0.0058330595,0.0
SRR5983345,0.00023264038,0.0012630281,0.0016906213,0.992973,0.00073406205,0.0019684748,0.001138156,0.0
SRR5647918,0.0018980558,0.98295534,0.003079863,0.0033205585,0.0017705733,0.0011426249,0.0058330595,0.0
ERR2511092,0.00024586907,0.0012093594,0.0016542256,0.9927848,0.0007952453,0.0020543018,0.0012561419,0.0
SRR2558660,0.0018980558,0.98295534,0.003079863,0.0033205585,0.0017705733,0.0011426249,0.0058330595,0.0
ERR2002235,0.0002335,0.0012594424,0.0016852751,0.99296784,0.0007374138,0.0019697882,0.0011466485,0.0
SRR1922928,0.0002323735,0.001264163,0.0016921443,0.9929743,0.0007330533,0.0019682439,0.0011356913,0.0
SRR7633209,0.0018980558,0.98295534,0.003079863,0.0033205585,0.0017705733,0.0011426249,0.0058330595,0.0
ERR908081,0.007763828,0.003639808,0.0007406271,0.009215469,0.0012755423,0.9722878,0.005076979,0.0
SRR5113082,0.0018980558,0.98295534,0.003079863,0.0033205585,0.0017705733,0.0011426249,0.0058330595,0.0
SRR1618163,0.00023243295,0.0012640439,0.0016920846,0.9929742,0.0007331127,0.0019682436,0.00113581,0.0
SRR3037301,0.00023344059,0.0012597403,0.0016852162,0.9929699,0.00073699764,0.0019683908,0.0011463218,0.0
ERR1583323,0.0018980558,0.98295534,0.003079863,0.0033205585,0.0017705733,0.0011426249,0.0058330595,0.0
SRR6054643,0.00025163012,0.0011865749,0.001577461,0.992839,0.00081201416,0.0019911847,0.0013421562,0.0
SRR1618159,0.00014712873,0.0008627908,0.0038862024,0.9671246,0.00130165,0.025754109,0.0009236169,0.0
ERR1382880,0.00024146921,0.0012328969,0.0016838596,0.99277824,0.0007854145,0.0020849698,0.0011930983,0.0
ERR500714,0.00023243295,0.0012641033,0.0016921143,0.99297416,0.0007331424,0.0019682436,0.00113581,0.0
SRR5874708,0.0018980558,0.98295534,0.003079863,0.0033205585,0.0017705733,0.0011426249,0.0058330595,0.0
ERR1924320,0.0049995496,0.0036362193,0.009094965,0.0050853654,0.0008417361,0.0008886013,0.97545356,0.0
ERR441160,0.00023246267,0.0012640734,0.0016921142,0.99297404,0.00073314237,0.001968303,0.0011358099,0.0
ERR1226570,0.0050000935,0.0036334568,0.009096714,0.0050869165,0.00084149075,0.00088847405,0.97545284,0.0
SRR656641,0.007879335,0.007841948,0.9407302,0.006737949,0.009433328,6.168039e-05,0.027315583,0.0
SRR1980851,0.0018980558,0.98295534,0.003079863,0.0033205585,0.0017705733,0.0011426249,0.0058330595,0.0
SRR7449306,0.0002325816,0.0012638649,0.001693482,0.99297094,0.0007335586,0.0019698197,0.0011357204,0.0
ERR1513262,0.0076772384,0.0036630784,0.00071818003,0.009785602,0.0013091625,0.9715163,0.005330379,0.0
SRR1617840,0.00023243295,0.0012641628,0.0016920548,0.9929742,0.0007331424,0.0019682436,0.0011357506,0.0
SRR1653625,0.00023370875,0.001258077,0.0016892053,0.99295443,0.000738873,0.0019792218,0.0011465322,0.0
SRR6932406,0.0002323735,0.001264163,0.0016921443,0.9929743,0.0007330533,0.0019682439,0.0011356913,0.0
SRR4434601,0.0018980558,0.98295534,0.003079863,0.0033205585,0.0017705733,0.0011426249,0.0058330595,0.0
ERR579469,0.00023867433,0.0012129439,0.0017378252,0.99213886,0.00082762644,0.0025802052,0.0012638972,0.0
ERR2002110,0.00023237347,0.0012641033,0.0016921441,0.9929742,0.00073308294,0.0019682436,0.0011357804,0.0
ERR380904,0.0050000935,0.0036334568,0.009096714,0.0050869165,0.00084149075,0.00088847405,0.97545284,0.0
ERR2738575,0.00023889319,0.0012371765,0.0016496181,0.99294394,0.0007581409,0.001969233,0.0012029724,0.0
ERR2002064,0.00023240327,0.0012637764,0.0016930071,0.9929701,0.00073341036,0.0019716353,0.0011356914,0.0
SRR2006406,0.0002327293,0.0012624018,0.0016907082,0.99296933,0.0007347155,0.0019709114,0.0011391065,0.0
ERR2314481,0.0050007054,0.003634694,0.009097258,0.005085631,0.0008415186,0.00088853145,0.97545165,0.0
ERR1523239,0.00770489,0.0036592113,0.0007269803,0.009283416,0.0012570805,0.9723329,0.0050354977,0.0
ERR1519458,0.0076734223,0.0036917545,0.00072463724,0.009275767,0.0012632237,0.972349,0.0050223162,0.0
SRR2980439,0.0005520702,0.0011515621,0.0014466101,0.9885524,0.0015895545,0.0021446976,0.0045630517,0.0
ERR1226210,0.0050000935,0.0036334568,0.009096714,0.0050869165,0.00084149075,0.00088847405,0.97545284,0.0
ERR1689458,0.0050000935,0.0036334568,0.009096714,0.0050869165,0.00084149075,0.00088847405,0.97545284,0.0
ERR1306529,0.0018980558,0.98295534,0.003079863,0.0033205585,0.0017705733,0.0011426249,0.0058330595,0.0
SRR6056102,0.0018980558,0.98295534,0.003079863,0.0033205585,0.0017705733,0.0011426249,0.0058330595,0.0
SRR4826217,0.001897997,0.98295546,0.0030798633,0.0033204998,0.0017705736,0.001142625,0.0058330013,0.0
SRR1631065,0.0002323735,0.001264163,0.0016921443,0.9929743,0.0007330533,0.0019682439,0.0011356913,0.0
SRR2922981,0.0050000935,0.0036334568,0.009096714,0.0050869165,0.00084149075,0.00088847405,0.97545284,0.0
SRR900246,0.007879335,0.007841948,0.9407302,0.006737949,0.009433328,6.168039e-05,0.027315583,0.0
ERR1111290,0.0002330576,0.0012609799,0.0016933039,0.99295616,0.0007365036,0.0019814505,0.0011385466,0.0
ERR1690847,0.0050000935,0.0036334568,0.009096714,0.0050869165,0.00084149075,0.00088847405,0.97545284,0.0
ERR1428216,0.0050000935,0.0036334568,0.009096714,0.0050869165,0.00084149075,0.00088847405,0.97545284,0.0
SRR1119088,0.007879335,0.007841948,0.9407302,0.006737949,0.009433328,6.168039e-05,0.027315583,0.0
SRR6414081,0.00023252178,0.0012635359,0.0016915462,0.9929728,0.0007336468,0.0019690136,0.0011369681,0.0
SRR5178831,0.0018980558,0.98295534,0.003079863,0.0033205585,0.0017705733,0.0011426249,0.0058330595,0.0
SRR6444520,0.00026578613,0.0011669255,0.0016097041,0.99241847,0.0009110714,0.002222398,0.0014056215,0.0
ERR499003,0.0002324627,0.0012641033,0.0016921143,0.9929742,0.00073308294,0.0019682436,0.00113581,0.0
SRR4434595,0.0018980558,0.98295534,0.003079863,0.0033205585,0.0017705733,0.0011426249,0.0058330595,0.0
SRR492190,0.00024475917,0.0012129409,0.0016190389,0.9928878,0.0007836457,0.0019857017,0.0012661455,0.0
SRR5165748,0.00023385588,0.0012579198,0.0016838099,0.992963,0.00073898694,0.001972486,0.0011498559,0.0
ERR1315107,0.00024053387,0.001229825,0.0016653558,0.99284446,0.0007748421,0.002037801,0.0012071903,0.0
ERR1385475,0.00024948842,0.001197122,0.0016370354,0.99272466,0.0008167779,0.0020851272,0.0012898513,0.0
SRR6444173,0.00024956214,0.0012231222,0.0016776287,0.99260545,0.0008367917,0.0021749088,0.0012325217,0.0
SRR1617879,0.00023792074,0.0012388297,0.0016738329,0.9928945,0.0007593,0.0020099082,0.0011858263,0.0
SRR6931548,0.00023944699,0.001234892,0.0016994787,0.992823,0.00076837203,0.002059036,0.0011757591,0.0
ERR1315351,0.00023269934,0.0012611513,0.0016924021,0.99295807,0.0007358154,0.001980101,0.0011398193,0.0
SRR1632997,0.0002323735,0.001264163,0.0016921443,0.9929743,0.0007330533,0.0019682439,0.0011356913,0.0
ERR833582,0.0018980558,0.98295534,0.003079863,0.0033205585,0.0017705733,0.0011426249,0.0058330595,0.0
SRR1279404,0.0018980558,0.98295534,0.003079863,0.0033205585,0.0017705733,0.0011426249,0.0058330595,0.0
ERR537670,0.007700069,0.003654384,0.0007274793,0.009297694,0.0012557936,0.97233784,0.0050266893,0.0
SRR2167990,0.0018980558,0.98295534,0.003079863,0.0033205585,0.0017705733,0.0011426249,0.0058330595,0.0
SRR505223,0.00023287756,0.0012622506,0.001689277,0.9929717,0.00073483295,0.001968855,0.0011402345,0.0
ERR1578848,0.0018980558,0.98295534,0.003079863,0.0033205585,0.0017705733,0.0011426249,0.0058330595,0.0
ERR765702,0.0050000935,0.0036334568,0.009096714,0.0050869165,0.00084149075,0.00088847405,0.97545284,0.0
SRR5595878,0.0018980558,0.98295534,0.003079863,0.0033204993,0.0017705733,0.0011426249,0.0058330595,0.0
SRR6414123,0.00023444941,0.0012550271,0.001684633,0.99294895,0.00074207614,0.0019798216,0.0011550247,0.0
SRR1010978,0.0018980558,0.98295534,0.003079863,0.0033205585,0.0017705733,0.0011426249,0.0058330595,0.0
ERR522154,0.00023252214,0.001264103,0.0016920544,0.99297404,0.00073314225,0.0019682432,0.0011358098,0.0
SRR5983367,0.00023691647,0.0012432686,0.0016886954,0.99288714,0.0007555449,0.0020191292,0.0011692639,0.0
SRR1744111,0.00023243293,0.0012641032,0.0016920547,0.9929742,0.0007331126,0.0019682434,0.0011358397,0.0
DRR050951,0.00023278872,0.0012623419,0.0016906481,0.9929692,0.0007347747,0.0019708513,0.0011393143,0.0
SRR6054603,0.00024327786,0.001219066,0.0016230321,0.9929134,0.0007761991,0.0019747738,0.0012501746,0.0
SRR3361475,0.00023430011,0.001255381,0.0016806133,0.9929592,0.00074124144,0.0019736595,0.001155587,0.0
SRR1922844,0.00023255161,0.0012635959,0.0016916062,0.992973,0.00073355786,0.0019689251,0.0011368198,0.0
ERR756823,0.007702069,0.003649543,0.0007269446,0.009315698,0.001257333,0.97231746,0.005030972,0.0
SRR2006417,0.00023270039,0.0012634177,0.001692618,0.9929682,0.0007340934,0.0019714837,0.0011374447,0.0
ERR1905651,0.0050000935,0.0036334568,0.009096714,0.0050869165,0.00084149075,0.00088847405,0.97545284,0.0
SRR7663484,0.0018980558,0.98295534,0.003079863,0.0033205585,0.0017705733,0.0011426249,0.0058330595,0.0
SRR3931529,0.0002324626,0.0012640135,0.0016919053,0.9929739,0.0007332611,0.0019683915,0.0011360177,0.0
ERR543856,0.007879335,0.007841948,0.9407302,0.006737949,0.009433328,6.168039e-05,0.027315583,0.0
SRR1583211,0.0018980558,0.98295534,0.003079863,0.0033205585,0.0017705733,0.0011426249,0.0058330595,0.0
SRR2442993,0.0018980558,0.98295534,0.003079863,0.0033205585,0.0017705733,0.0011426249,0.0058330595,0.0
SRR996268,0.0002325222,0.0012641033,0.0016920846,0.9929742,0.00073308294,0.0019682436,0.0011357209,0.0
SRR5450620,0.0018980558,0.98295534,0.003079863,0.0033205585,0.0017705733,0.0011426249,0.0058330595,0.0
ERR2570292,0.8033578,0.023414344,0.045332592,0.0062910663,0.00072838634,0.046955574,0.07392032,0.0
SRR830598,0.0018980558,0.98295534,0.003079863,0.0033205585,0.0017705733,0.0011426249,0.0058330595,0.0
DRR047463,0.00023258127,0.0012632385,0.0016916652,0.9929716,0.00073385506,0.001969906,0.0011372061,0.0
ERR719964,0.00023453849,0.0012539852,0.0016824604,0.99294627,0.0007432059,0.0019832111,0.0011563625,0.0
ERR1689257,0.0050000935,0.0036334568,0.009096714,0.0050869165,0.00084149075,0.00088847405,0.97545284,0.0
SRR923906,0.18677323,0.003167672,0.7702232,0.00036087306,0.028898317,0.0015897038,0.008987053,0.0
SRR6745879,0.0018980558,0.98295534,0.003079863,0.0033205585,0.0017705733,0.0011426249,0.0058330595,0.0
SRR5180921,0.0018980558,0.98295534,0.003079863,0.0033205585,0.0017705733,0.0011426249,0.0058330595,0.0
SRR6393993,0.0002323735,0.001264163,0.0016921443,0.9929743,0.0007330533,0.0019682439,0.0011356913,0.0
SRR3037256,9.984438e-05,0.004545272,0.003995002,0.8076377,0.00063917047,0.09237582,0.0013206304,0.08938659
ERR1201255,0.0076857684,0.0037073917,0.00072883704,0.009334995,0.0012630754,0.9721059,0.005174087,0.0
ERR2003265,0.0002323735,0.001264163,0.0016921443,0.9929743,0.0007330533,0.0019682439,0.0011356913,0.0
SRR5822416,0.007696748,0.0036548614,0.00072715885,0.009295021,0.0012554452,0.97234356,0.0050272867,0.0
SRR592766,0.007879335,0.007841948,0.9407302,0.006737949,0.009433328,6.168039e-05,0.027315583,0.0
ERR380972,0.004860594,0.0044427454,0.012596615,0.004116795,0.0010120086,0.0007262154,0.972245,0.0
SRR2897064,0.0076968074,0.003655096,0.00072712963,0.0092945825,0.0012555624,0.9723435,0.005027229,0.0
ERR719097,0.00024109731,0.0012277046,0.0016629944,0.992837,0.0007776028,0.00204088,0.0012126248,0.0
ERR499797,0.0002326106,0.0012632065,0.001690621,0.99297327,0.0007339727,0.0019682366,0.001138037,0.0
SRR2658682,0.00023786275,0.001239016,0.0016765799,0.9928868,0.0007599889,0.0020160184,0.0011836921,0.0
SRR5617443,0.0018980558,0.98295534,0.003079863,0.0033205585,0.0017705733,0.0011426249,0.0058330595,0.0
ERR1331854,0.00021381465,0.0010100612,0.0024215705,0.9847379,0.0012379165,0.009149801,0.0012290409,0.0
ERR543582,0.007879335,0.007841948,0.9407302,0.006737949,0.009433328,6.168039e-05,0.027315583,0.0
ERR1382655,0.00026257694,0.0011687499,0.0016547699,0.99249345,0.0008715294,0.00217695,0.0013720016,0.0
ERR1960667,0.00023432999,0.0012557982,0.0016805845,0.992962,0.0007407362,0.0019717272,0.0011548441,0.0
SRR656634,0.007879335,0.007841948,0.9407302,0.006737949,0.009433328,6.168039e-05,0.027315583,0.0
ERR789807,0.0018980558,0.98295534,0.003079863,0.0033205585,0.0017705733,0.0011426249,0.0058330595,0.0
SRR8608631,0.0050000935,0.0036334568,0.009096714,0.0050869165,0.00084149075,0.00088847405,0.97545284,0.0
ERR1913230,0.00023269981,0.0012630576,0.001690472,0.99297315,0.00073403213,0.001968415,0.001138245,0.0
SRR5179739,0.0017702281,0.16290519,0.21379474,0.00023922324,0.002927512,0.00018119812,0.26555014,0.3526318
SRR3884290,0.0018980558,0.98295534,0.003079863,0.0033205585,0.0017705733,0.0011426249,0.0058330595,0.0
ERR923607,0.0050000935,0.0036334568,0.009096714,0.0050869165,0.00084149075,0.00088847405,0.97545284,0.0
ERR441800,0.00023243293,0.0012641032,0.0016920547,0.99297416,0.00073314237,0.0019682434,0.0011358397,0.0
ERR1263307,0.007689502,0.003651944,0.00072688586,0.009340387,0.0012581235,0.97228485,0.0050483393,0.0
SRR765931,0.007879335,0.007841948,0.9407302,0.006737949,0.009433328,6.168039e-05,0.027315583,0.0
ERR538800,0.007879335,0.007841948,0.9407302,0.006737949,0.009433328,6.168039e-05,0.027315583,0.0
SRR1426392,0.0076962844,0.0036609403,0.0007269863,0.009290054,0.0012565637,0.97233725,0.005031937,0.0
ERR1971257,0.00030670856,0.0011481942,0.0018939672,0.9915273,0.0010602147,0.002653957,0.0014096043,0.0
SRR996391,0.0002323735,0.001264163,0.0016921443,0.9929743,0.0007330533,0.0019682439,0.0011356913,0.0
SRR1556843,0.00023281883,0.0012623735,0.0016912457,0.9929674,0.00073477585,0.0019726986,0.0011386318,0.0
SRR8608603,0.0050000935,0.0036334568,0.009096714,0.0050869165,0.00084149075,0.00088847405,0.97545284,0.0
SRR640649,0.007879335,0.007841948,0.9407302,0.006737949,0.009433328,6.168039e-05,0.027315583,0.0
SRR6414101,0.00023341112,0.0012597418,0.001686408,0.99296695,0.0007371175,0.0019706835,0.001145639,0.0
ERR1960694,0.0002323735,0.001264163,0.0016921443,0.9929743,0.0007330533,0.0019682439,0.0011356913,0.0
ERR531457,0.00021117824,0.0011298526,0.0021058344,0.99008495,0.0009087415,0.004399859,0.0011595918,0.0
SRR5109980,0.0018980558,0.98295534,0.003079863,0.0033205585,0.0017705733,0.0011426249,0.0058330595,0.0
SRR6477253,0.0018980558,0.98295534,0.003079863,0.0033205585,0.0017705733,0.0011426249,0.0058330595,0.0
ERR1311045,0.00023352941,0.0012592622,0.001684529,0.9929691,0.000737502,0.0019685954,0.0011475096,0.0
SRR2002308,0.0018980558,0.98295534,0.003079863,0.0033205585,0.0017705733,0.0011426249,0.0058330595,0.0
SRR4826509,0.0018980558,0.98295534,0.003079863,0.0033205585,0.0017705733,0.0011426249,0.0058330595,0.0
DRR024131,0.00023607985,0.00124661,0.0016752539,0.99293065,0.0007500897,0.0019892338,0.0011721303,0.0
SRR3503222,0.00023522052,0.0012504046,0.0016816423,0.99293506,0.00074647117,0.0019883392,0.0011628662,0.0
SRR6411579,0.00023486356,0.0012536467,0.0016776861,0.9929585,0.00074275304,0.001972485,0.0011601296,0.0
DRR012982,0.0018980558,0.98295534,0.003079863,0.0033205585,0.0017705733,0.0011426249,0.0058330595,0.0
SRR6411561,0.0002323735,0.001264163,0.0016921443,0.9929743,0.0007330533,0.0019682439,0.0011356913,0.0
ERR923546,0.0050000935,0.0036334568,0.009096714,0.0050869165,0.00084149075,0.00088847405,0.97545284,0.0
ERR1690705,0.0050000935,0.0036334568,0.009096714,0.0050869165,0.00084149075,0.00088847405,0.97545284,0.0
ERR1315000,0.0002482721,0.0011803333,0.0017052795,0.992284,0.0008508702,0.0024506014,0.0012806772,0.0
SRR505162,0.00025071684,0.0011896486,0.001596636,0.9927933,0.0008148669,0.0020283947,0.0013264709,0.0
SRR575249,0.007879335,0.007841948,0.9407302,0.006737949,0.009433328,6.168039e-05,0.027315583,0.0
SRR6444204,0.00024972696,0.0012047928,0.0016953236,0.99263227,0.0008213982,0.002156438,0.0012399794,0.0
ERR908122,0.0076975836,0.0036542106,0.00072712824,0.009297465,0.0012557358,0.9723402,0.005027688,0.0
SRR2984229,0.0018980558,0.98295534,0.003079863,0.0033205585,0.0017705733,0.0011426249,0.0058330595,0.0
SRR7454059,0.00023237347,0.0012641033,0.0016921441,0.9929742,0.0007330532,0.0019682436,0.00113581,0.0
SRR2026363,0.0018980558,0.98295534,0.003079863,0.0033205585,0.0017705733,0.0011426249,0.0058330595,0.0
ERR2286326,0.00023255158,0.0012636255,0.0016913383,0.992974,0.00073343876,0.0019682406,0.0011368792,0.0
SRR5165680,0.0002323735,0.001264163,0.0016921443,0.9929743,0.0007330533,0.0019682439,0.0011356913,0.0
SRR2046633,0.00023246265,0.0012640435,0.0016919652,0.99297404,0.00073320174,0.0019682432,0.0011359586,0.0
ERR2511492,0.00023587277,0.0012472405,0.0016770762,0.99292713,0.00074994453,0.0019927234,0.0011699944,0.0
ERR1512111,0.007696748,0.0036548614,0.00072715885,0.009295021,0.0012554452,0.97234356,0.0050272867,0.0
ERR500615,0.0002326999,0.001263177,0.0016906809,0.9929734,0.0007339134,0.0019681777,0.0011379777,0.0
ERR209170,0.0002452349,0.0012163294,0.0016786321,0.99272805,0.00080075365,0.0021053022,0.0012256985,0.0
ERR499624,0.00023252214,0.0012640435,0.0016919355,0.9929741,0.000733172,0.0019682432,0.0011359586,0.0
SRR7453345,0.0002346559,0.001254899,0.0016777198,0.9929638,0.00074165425,0.001969069,0.0011582584,0.0
ERR1523682,0.007696748,0.0036548614,0.00072715885,0.009295021,0.0012554452,0.97234356,0.0050272867,0.0
SRR5431363,0.00025915547,0.0011761762,0.0015936202,0.9925801,0.00087193993,0.0021401215,0.0013789509,0.0
SRR2090114,0.0018980558,0.98295534,0.003079863,0.0033205585,0.0017705733,0.0011426249,0.0058330595,0.0
SRR1632830,0.0002323735,0.001264163,0.0016921443,0.9929743,0.0007330533,0.0019682439,0.0011356913,0.0
SRR1602693,0.0018980558,0.98295534,0.003079863,0.0033205585,0.0017705733,0.0011426249,0.0058330595,0.0
SRR2658148,0.0021755642,0.0028582355,0.0017575506,0.05723926,0.0019751447,0.93081814,0.003176097,0.0
DRR030533,0.00023243285,0.0012638945,0.001691935,0.9929739,0.00073323137,0.001968451,0.0011361665,0.0
SRR1426171,0.007696748,0.0036548614,0.00072718813,0.0092949625,0.0012554452,0.97234344,0.0050273747,0.0
ERR1263437,0.0077035427,0.0036527247,0.0007273876,0.009302566,0.0012574272,0.97232115,0.0050352444,0.0
ERR1897680,0.0018980558,0.98295534,0.003079863,0.0033205585,0.0017705733,0.0011426249,0.0058330595,0.0
SRR3201975,0.0002323735,0.001264163,0.0016921443,0.9929743,0.0007330533,0.0019682439,0.0011356913,0.0
ERR1298173,0.0050000935,0.0036334568,0.009096714,0.0050869165,0.00084149075,0.00088847405,0.97545284,0.0
ERR1905654,0.0050000935,0.0036334568,0.009096714,0.0050869165,0.00084149075,0.00088847405,0.97545284,0.0
SRR8609962,0.0050000935,0.0036334568,0.009096714,0.0050869165,0.00084149075,0.00088847405,0.97545284,0.0
DRR032950,0.0018980558,0.98295534,0.003079863,0.0033205585,0.0017705733,0.0011426249,0.0058330595,0.0
ERR1971194,0.00023415303,0.0012556277,0.0016849678,0.99295056,0.0007412466,0.0019811392,0.0011523232,0.0
ERR883517,0.00023536703,0.0012512852,0.0016732386,0.99295735,0.00074488774,0.0019716935,0.0011662164,0.0
SRR5869946,0.0002323735,0.001264163,0.0016921443,0.9929743,0.0007330533,0.0019682439,0.0011356913,0.0
ERR537640,0.0076967496,0.003654862,0.0007271297,0.009294907,0.0012554454,0.9723436,0.005027288,0.0
ERR906533,0.0076967487,0.0036548618,0.0007271589,0.009294963,0.0012554453,0.9723435,0.0050272876,0.0
SRR1802774,0.003886488,0.017312082,0.108296946,0.0009197744,0.0035400265,0.00017444705,0.86587024,0.0
SRR2048146,0.0018980558,0.98295534,0.003079863,0.0033205585,0.0017705733,0.0011426249,0.0058330595,0.0
ERR2042081,0.00024096809,0.0012311355,0.0017087882,0.99277663,0.00077671383,0.0020911365,0.0011746786,0.0
ERR1522424,0.0076967487,0.0036549203,0.00072712963,0.009294817,0.0012554453,0.9723436,0.0050272876,0.0
ERR757106,0.004494597,0.003384528,0.0010068762,0.02484094,0.0016151039,0.95939916,0.0052588736,0.0
ERR1896890,0.0018980558,0.98295534,0.003079863,0.0033205585,0.0017705733,0.0011426249,0.0058330595,0.0
ERR1688980,0.0050000935,0.0036334568,0.009096714,0.0050869165,0.00084149075,0.00088847405,0.97545284,0.0
SRR5983414,0.00023801977,0.0012524445,0.0016843424,0.9928623,0.0007641797,0.002030545,0.0011682363,0.0
SRR1708068,0.00016651633,0.0010351,0.0030544107,0.9809607,0.0010716653,0.012710075,0.0010015891,0.0
SRR5002151,0.0018980558,0.98295534,0.003079863,0.0033205585,0.0017705733,0.0011426249,0.0058330595,0.0
SRR7704465,0.00028183562,0.001122943,0.0015199683,0.9922519,0.0009860531,0.0022343819,0.0016029048,0.0
SRR6411714,0.00023267027,0.0012631479,0.0016912171,0.99297196,0.0007339732,0.001969309,0.0011377403,0.0
SRR6931628,0.0002323735,0.001264163,0.0016921443,0.9929743,0.0007330533,0.0019682439,0.0011356913,0.0
ERR1523164,0.007698977,0.0036568407,0.0007268049,0.009292354,0.0012564952,0.9723384,0.0050301403,0.0
SRR4125094,0.007696748,0.0036548614,0.00072715885,0.009295021,0.0012554452,0.97234356,0.0050272867,0.0
SRR1660174,0.00023246265,0.0012640138,0.0016919652,0.9929743,0.00073308276,0.001968273,0.0011359586,0.0
SRR3884202,0.0018980558,0.98295534,0.003079863,0.0033205585,0.0017705733,0.0011426249,0.0058330595,0.0
ERR924156,0.0050000935,0.0036334568,0.009096714,0.0050869165,0.00084149075,0.00088847405,0.97545284,0.0
SRR6054442,0.00023607814,0.0012485045,0.0016682221,0.99295545,0.0007474965,0.0019705996,0.001173609,0.0
ERR2271650,0.0018980558,0.98295534,0.003079863,0.0033205585,0.0017705733,0.0011426249,0.0058330595,0.0
ERR2511893,0.00023243295,0.0012640439,0.0016921143,0.9929742,0.0007331127,0.0019682436,0.00113581,0.0
SRR5823968,0.0076923743,0.003656013,0.0007271021,0.009310305,0.0012563856,0.9723295,0.005028325,0.0
SRR4826769,0.0018980558,0.98295534,0.003079863,0.0033205585,0.0017705733,0.0011426249,0.0058330595,0.0
ERR2836153,0.007707883,0.0036507957,0.00072723615,0.009312664,0.0012603767,0.9722985,0.0050424733,0.0
SRR5895997,0.0018980558,0.98295534,0.003079863,0.0033205585,0.0017705733,0.0011426249,0.0058330595,0.0
SRR3647860,0.00023676039,0.0012448956,0.0016665433,0.99294025,0.0007513871,0.001979894,0.0011802922,0.0
ERR209697,0.0002323735,0.001264163,0.0016921443,0.9929743,0.0007330533,0.0019682439,0.0011356913,0.0
SRR5915911,0.0018988145,0.98295224,0.0030802335,0.00332137,0.0017708314,0.0011426791,0.0058338903,0.0
ERR1263483,0.0077025695,0.0036510674,0.000726857,0.009310489,0.0012570405,0.97231984,0.0050321748,0.0
SRR6028367,0.00024404931,0.0012144769,0.0016245369,0.9928784,0.0007832716,0.0019969158,0.0012584629,0.0
ERR500699,0.00023243288,0.0012639541,0.0016919352,0.99297416,0.00073317194,0.001968243,0.0011360775,0.0
SRR6056118,0.0018980558,0.98295534,0.003079863,0.0033205585,0.0017705733,0.0011426249,0.0058330595,0.0
SRR960944,0.007879335,0.007841948,0.9407302,0.006737949,0.009433328,6.168039e-05,0.027315583,0.0
ERR2002257,0.00023246265,0.0012641328,0.0016920544,0.99297404,0.00073314225,0.0019682432,0.0011358991,0.0
SRR5699327,0.00023246273,0.0012641035,0.0016920848,0.9929743,0.0007330533,0.0019682439,0.0011357805,0.0
ERR1760096,0.0002323735,0.001264163,0.0016921443,0.9929743,0.0007330533,0.0019682439,0.0011356913,0.0
SRR6931197,0.0002323735,0.001264163,0.0016921443,0.9929743,0.0007330533,0.0019682439,0.0011356913,0.0
ERR2739274,0.00024182646,0.0012244788,0.0016327674,0.99291307,0.00077205425,0.001980562,0.0012352451,0.0
SRR5178751,0.0018980558,0.98295534,0.003079863,0.0033205585,0.0017705733,0.0011426249,0.0058330595,0.0
SRR3098316,0.0018980558,0.98295534,0.003079863,0.0033205585,0.0017705733,0.0011426249,0.0058330595,0.0
ERR469669,0.007696833,0.0036550064,0.00072715856,0.00929496,0.0012555618,0.97234297,0.005027549,0.0
DRR050801,0.00023258114,0.0012633865,0.0016911584,0.9929731,0.0007337356,0.0019686853,0.0011374137,0.0
DRR044024,0.00023246265,0.001264103,0.0016920544,0.992974,0.0007331125,0.001968392,0.0011358396,0.0
ERR1677265,0.0050000935,0.0036334568,0.009096714,0.0050869165,0.00084149075,0.00088847405,0.97545284,0.0
SRR7449041,0.00023255189,0.0012640138,0.0016920544,0.99297404,0.00073314225,0.0019682432,0.0011358396,0.0
SRR6028420,0.0002453511,0.0012111126,0.0016090572,0.9929064,0.00078393397,0.001971017,0.0012731195,0.0
ERR499103,0.00023246263,0.0012640137,0.001691965,0.99297416,0.0007330827,0.001968243,0.0011359882,0.0
ERR2002253,0.00012439414,0.0015982167,0.0039963135,0.9486815,0.0010118042,0.043495264,0.0010925669,0.0
ERR2806338,0.00023355952,0.0012589667,0.0016856323,0.9929636,0.00073809805,0.0019730306,0.0011471247,0.0
SRR5699255,0.00023252217,0.0012640734,0.0016921439,0.9929741,0.00073314237,0.0019682434,0.0011357208,0.0
SRR3111416,0.0018979969,0.98295534,0.0030798924,0.0033204993,0.0017706323,0.0011426249,0.0058330004,0.0
SRR8609576,0.0050000935,0.0036334568,0.009096714,0.0050869165,0.00084149075,0.00088847405,0.97545284,0.0
SRR7633211,0.0018980558,0.98295534,0.003079863,0.0033205585,0.0017705733,0.0011426249,0.0058330595,0.0
ERR1677258,0.0050000935,0.0036334568,0.009096714,0.0050869165,0.00084149075,0.00088847405,0.97545284,0.0
ERR498678,0.00023243285,0.0012638945,0.0016918755,0.9929741,0.00073323137,0.001968332,0.001136107,0.0
SRR3062839,0.007879335,0.007841948,0.9407302,0.006737949,0.009433328,6.168039e-05,0.027315583,0.0
SRR900244,0.007879335,0.007841948,0.9407302,0.006737949,0.009433328,6.168039e-05,0.027315583,0.0
ERR986149,0.0077236164,0.0036500953,0.0007284375,0.0092985835,0.0012601139,0.97229105,0.0050481292,0.0
SRR2761080,0.0001181719,0.002690971,0.0036555529,0.93061733,0.0007432699,0.0390113,0.0011287332,0.022034645
SRR6663529,0.0018980558,0.98295534,0.003079863,0.0033205585,0.0017705733,0.0011426249,0.0058330595,0.0
ERR1896866,0.0069079953,0.012407898,0.00041637497,0.0050945887,0.0030635532,0.96838623,0.0037233266,0.0
SRR1602715,0.0018980558,0.98295534,0.003079863,0.0033205585,0.0017705733,0.0011426249,0.0058330595,0.0
SRR1346092,0.0018980558,0.98295534,0.003079863,0.0033205585,0.0017705733,0.0011426249,0.0058330595,0.0
SRR028696,0.00023252217,0.0012640734,0.0016921439,0.9929741,0.0007330829,0.0019682434,0.0011357802,0.0
SRR5869528,0.00023246267,0.0012641627,0.0016920844,0.9929741,0.0007331126,0.0019682434,0.0011357802,0.0
ERR1897422,0.0018980558,0.98295534,0.003079863,0.0033205585,0.0017705733,0.0011426249,0.0058330595,0.0
ERR500973,0.00023314447,0.0012612944,0.0016877542,0.9929712,0.0007356633,0.0019684914,0.0011424614,0.0
ERR756925,0.007696748,0.0036548614,0.00072715885,0.009295021,0.0012554452,0.97234356,0.0050272867,0.0
ERR1382403,0.00023293697,0.0012621013,0.001689098,0.9929715,0.0007349517,0.0019688841,0.0011405613,0.0
ERR1384709,0.00023492378,0.0012518659,0.001680636,0.9929413,0.00074516464,0.0019854598,0.0011606091,0.0
ERR833584,0.0018980558,0.98295534,0.003079863,0.0033205585,0.0017705733,0.0011426249,0.0058330595,0.0
SRR1631321,0.00023237347,0.0012641033,0.0016921441,0.9929742,0.0007330532,0.0019682436,0.00113581,0.0
SRR2658726,8.670503e-05,0.0048453514,0.004283846,0.813892,0.0005626381,0.085630156,0.0011814536,0.08951784
ERR1897690,0.0016431707,0.06819611,0.00030072077,0.008238233,0.0045036254,0.9130428,0.004075334,0.0
ERR2570208,0.7972475,0.032350484,0.044966377,0.0053823204,0.00076960213,0.044018913,0.07526474,0.0
ERR2017142,0.0018980558,0.98295534,0.003079863,0.0033205585,0.0017705733,0.0011426249,0.0058330595,0.0
ERR2739315,0.00024535158,0.0012110851,0.0016109339,0.99289674,0.00078503584,0.0019783368,0.0012725568,0.0
ERR719999,0.0002478461,0.0012119267,0.0016610418,0.99268866,0.0008180735,0.0021214292,0.0012510383,0.0
SRR6265263,0.0002325515,0.0012635655,0.0016912485,0.9929736,0.0007335575,0.0019683589,0.001137087,0.0
SRR1747786,0.0018980558,0.98295534,0.003079863,0.0033205585,0.0017705733,0.0011426249,0.0058330595,0.0
SRR6408704,0.00023367767,0.001258278,0.001684496,0.99296445,0.0007384821,0.0019715363,0.001149054,0.0
SRR1923867,0.0002323735,0.001264163,0.0016921443,0.9929743,0.0007330533,0.0019682439,0.0011356913,0.0
SRR7663467,0.0018980558,0.98295534,0.003079863,0.0033205585,0.0017705733,0.0011426249,0.0058330595,0.0
SRR2922850,0.003882268,0.017330967,0.10842423,0.00091932714,0.0035353145,0.0001744441,0.86573344,0.0
SRR802893,0.0018980558,0.98295534,0.003079863,0.0033204993,0.0017705733,0.0011426249,0.0058330595,0.0
SRR5165729,0.00023347045,0.001259741,0.0016856036,0.9929687,0.0007370575,0.0019693733,0.0011460249,0.0
ERR1713348,0.80566853,0.01921354,0.045951854,0.006880039,0.0007117291,0.048902847,0.07267152,0.0
SRR2168028,0.0018980558,0.98295534,0.003079863,0.0033205585,0.0017705733,0.0011426249,0.0058330595,0.0
SRR923478,0.007879335,0.007841948,0.9407302,0.006737949,0.009433328,6.168039e-05,0.027315583,0.0
ERR1689289,0.0050000935,0.0036334568,0.009096714,0.0050869165,0.00084149075,0.00088847405,0.97545284,0.0
SRR5588406,0.0012142956,0.3338362,0.10271329,0.0001257956,0.005829543,0.00019776821,0.24784416,0.30823898
SRR7126069,0.0018980558,0.98295534,0.003079863,0.0033205585,0.0017705733,0.0011426249,0.0058330595,0.0
ERR522632,0.00024402155,0.0012143975,0.0016315391,0.99286216,0.00078422966,0.00200862,0.0012549637,0.0
SRR5180956,0.0018980558,0.98295534,0.003079863,0.0033204993,0.0017705733,0.0011426249,0.0058330595,0.0
SRR6028300,0.0002425965,0.0012213397,0.0016280168,0.99291295,0.00077412586,0.0019777697,0.001243229,0.0
SRR8605652,0.0050000935,0.0036334568,0.009096714,0.0050869165,0.00084149075,0.00088847405,0.97545284,0.0
SRR5586761,0.0050000935,0.0036334568,0.009096714,0.0050869165,0.00084149075,0.00088847405,0.97545284,0.0
SRR5915620,0.0018980558,0.98295534,0.003079863,0.0033205585,0.0017705733,0.0011426249,0.0058330595,0.0
SRR7902211,0.0050000935,0.0036334568,0.009096714,0.0050869165,0.00084149075,0.00088847405,0.97545284,0.0
SRR6411591,0.00023237347,0.0012641628,0.0016921441,0.9929742,0.0007330532,0.0019682436,0.00113581,0.0
SRR2086881,0.0002324627,0.0012641033,0.0016920846,0.99297416,0.0007330532,0.0019682436,0.00113581,0.0
ERR2495379,0.0050000935,0.0036334568,0.009096714,0.0050869165,0.00084149075,0.00088847405,0.97545284,0.0
SRR1922554,0.0002325222,0.0012641033,0.0016920846,0.9929742,0.00073308294,0.0019682436,0.0011357804,0.0
SRR5483124,0.0002333523,0.0012595373,0.0016890601,0.99296105,0.0007374171,0.001975151,0.0011444525,0.0
SRR6745998,0.0018980558,0.98295534,0.003079863,0.0033205585,0.0017705733,0.0011426249,0.0058330595,0.0
SRR8610127,0.0050000935,0.0036334568,0.009096714,0.0050869165,0.00084149075,0.00088847405,0.97545284,0.0
ERR1689890,0.0050000935,0.0036334568,0.009096714,0.0050869165,0.00084149075,0.00088847405,0.97545284,0.0
ERR525757,0.00023510166,0.0012515653,0.001679561,0.9929427,0.000745252,0.0019840272,0.0011617959,0.0
ERR500535,0.00023770962,0.0012414319,0.0016658412,0.99292547,0.0007553348,0.0019857022,0.0011884887,0.0
ERR1522157,0.0076967487,0.0036548618,0.00072712963,0.009294905,0.0012554453,0.9723436,0.0050272876,0.0
ERR1726030,0.8125696,0.027299402,0.04578712,0.0090900315,0.0009535584,0.051559873,0.052740403,0.0
ERR525752,0.00023261094,0.001263476,0.0016911589,0.9929736,0.0007336763,0.0019682692,0.0011371463,0.0
ERR579727,0.00023352938,0.0012584291,0.0016851238,0.9929636,0.0007383645,0.0019727894,0.0011481638,0.0
ERR451349,0.0002323735,0.001264163,0.0016921443,0.9929743,0.0007330533,0.0019682439,0.0011356913,0.0
SRR2984202,0.0018980558,0.98295534,0.003079863,0.0033205585,0.0017705733,0.0011426249,0.0058330595,0.0
SRR6413961,0.00023243293,0.0012640437,0.0016920547,0.99297416,0.00073314237,0.001968303,0.0011358694,0.0
SRR6265033,0.00023513433,0.001251224,0.0016850848,0.9929225,0.0007476409,0.0019999952,0.0011584493,0.0
ERR522430,0.00026466197,0.0011998723,0.0017968044,0.9923513,0.0008572811,0.0022568544,0.0012732805,0.0
ERR3534807,0.0018980558,0.98295534,0.003079863,0.0033205585,0.0017705733,0.0011426249,0.0058330595,0.0
SRR5915564,0.0018980558,0.98295534,0.003079863,0.0033205585,0.0017705733,0.0011426249,0.0058330595,0.0
DRR047439,0.00023249215,0.0012636258,0.0016916957,0.9929728,0.00073358766,0.0019691633,0.0011366713,0.0
SRR1785003,0.007879335,0.007841948,0.9407302,0.006737949,0.009433328,6.168039e-05,0.027315583,0.0
SRR027996,0.001214087,0.33391327,0.102680236,0.0001258254,0.0058296323,0.0001977086,0.24775493,0.30828428
SRR505165,0.0002817516,0.0011973475,0.0018025796,0.9918097,0.0009428997,0.0025883194,0.0013774092,0.0
SRR6408912,0.00023409286,0.0012566057,0.0016827023,0.99296093,0.00074008445,0.0019728942,0.0011527066,0.0
SRR5415612,0.0002335,0.0012590558,0.001685751,0.9929657,0.0007376815,0.001971454,0.0011468865,0.0
ERR441533,0.0002324627,0.0012641033,0.0016921143,0.99297416,0.0007330532,0.0019682436,0.0011357804,0.0
ERR2806346,0.00023284799,0.0012622217,0.0016896054,0.99297124,0.00073480373,0.0019693025,0.0011399081,0.0
SRR3419402,0.00023311467,0.001261294,0.0016876347,0.9929714,0.0007356631,0.0019683123,0.0011425207,0.0
SRR6409193,0.00023243298,0.001264044,0.0016921443,0.9929742,0.00073314254,0.0019682737,0.001135721,0.0
ERR2442781,0.007696748,0.0036548614,0.00072715885,0.009295021,0.0012554452,0.97234356,0.0050272867,0.0
SRR7448864,0.00023246267,0.0012640437,0.0016921142,0.99297416,0.0007331126,0.0019682434,0.0011358397,0.0
ERR500144,0.00023468575,0.0012336618,0.0017081196,0.9927171,0.00077217264,0.002165147,0.0011691456,0.0
SRR1426781,0.0076948274,0.0037038918,0.0007254303,0.009235082,0.0012639891,0.9723354,0.005041341,0.0
ERR499226,0.0002399325,0.0012304162,0.0016531757,0.99289685,0.0007670583,0.0019999135,0.0012126897,0.0
ERR908140,0.007732693,0.003628402,0.0007276426,0.00939873,0.0012648887,0.9722055,0.0050420994,0.0
SRR6058728,0.0018980558,0.98295534,0.003079863,0.0033205585,0.0017705733,0.0011426249,0.0058330595,0.0
ERR500636,0.00023237347,0.0012641628,0.0016921441,0.9929742,0.0007330532,0.0019682436,0.00113581,0.0
ERR1690311,0.0050000935,0.0036334568,0.009096714,0.0050869165,0.00084149075,0.00088847405,0.97545284,0.0
ERR2122341,0.0018980558,0.98295534,0.003079863,0.0033205585,0.0017705733,0.0011426249,0.0058330595,0.0
ERR1384106,0.00027657434,0.0011821783,0.0017358625,0.9920565,0.0009808305,0.0024366681,0.0013314119,0.0
ERR1523539,0.007830804,0.0038054553,0.00070832134,0.009116958,0.0013255693,0.97199416,0.0052186134,0.0
ERR986157,0.007697924,0.0036547463,0.0007273057,0.009293445,0.0012557388,0.9723424,0.0050284616,0.0
ERR2233566,0.007696748,0.0036548614,0.00072715885,0.009295021,0.0012554452,0.97234356,0.0050272867,0.0
SRR5113079,0.0018980558,0.98295534,0.003079863,0.0033205585,0.0017705733,0.0011426249,0.0058330595,0.0
SRR3037090,0.00015796266,0.00092154724,0.003446764,0.97508025,0.0012062227,0.01821704,0.00097019435,0.0
SRR3094777,0.0002533934,0.0014364519,0.0019547362,0.9913916,0.00084075256,0.0028640274,0.0012590438,0.0
ERR309049,0.007793575,0.0036698112,0.00072978,0.009257909,0.0012798241,0.9721081,0.005160972,0.0
ERR498860,0.00025752754,0.0011678685,0.0015698742,0.9927238,0.00084236864,0.0020411308,0.0013973864,0.0
ERR1522028,0.007673176,0.0038009987,0.00071483286,0.009127476,0.0012916144,0.9723975,0.0049943984,0.0
ERR2560196,0.007879335,0.007841948,0.9407302,0.006737949,0.009433328,6.168039e-05,0.027315583,0.0
ERR2729827,0.80712366,0.016022483,0.04660813,0.0074717537,0.00069824845,0.05073796,0.07133777,0.0
SRR6975906,0.0018980558,0.98295534,0.003079863,0.0033205585,0.0017705733,0.0011426249,0.0058330595,0.0
SRR4431487,0.0018980558,0.98295534,0.003079863,0.0033205585,0.0017705733,0.0011426249,0.0058330595,0.0
SRR1618059,0.000675261,0.0024482608,0.0036408305,0.48987997,0.002221465,0.40912634,0.00046110153,0.091546774
ERR1691702,0.0050000935,0.0036334568,0.009096714,0.0050869165,0.00084149075,0.00088847405,0.97545284,0.0
SRR5210820,0.007704365,0.003653011,0.00073034444,0.009268858,0.0012594671,0.9723494,0.0050345,0.0
SRR943918,0.0018980558,0.98295534,0.003079863,0.0033205585,0.0017705733,0.0011426249,0.0058330595,0.0
SRR8609445,0.0050000935,0.0036334568,0.009096714,0.0050869165,0.00084149075,0.00088847405,0.97545284,0.0
SRR8605546,0.0050000935,0.0036334568,0.009096714,0.0050869165,0.00084149075,0.00088847405,0.97545284,0.0
ERR2262434,0.00800962,0.0036936016,0.0007145251,0.009461097,0.0013584321,0.97138196,0.005380853,0.0
SRR8609658,0.0050000935,0.0036334568,0.009096714,0.0050869165,0.00084149075,0.00088847405,0.97545284,0.0
SRR6444722,0.00023465719,0.0012535971,0.001681328,0.9929438,0.00074427587,0.001984577,0.0011578484,0.0
ERR525914,0.00023252203,0.0012638943,0.0016917264,0.99297404,0.0007332907,0.0019682422,0.0011362853,0.0
SRR095679,0.0018980558,0.98295534,0.003079863,0.0033205585,0.0017705733,0.0011426249,0.0058330595,0.0
SRR5947903,0.00026097894,0.5181768,0.0013562739,0.2609717,0.0058940053,0.06285396,0.0009444654,0.14954185
ERR532130,0.00024170477,0.0011959716,0.0017752183,0.9918345,0.0008611364,0.0028216934,0.001269768,0.0
DRR050861,0.0002337108,0.0012574635,0.001693206,0.99294186,0.00074003957,0.0019900964,0.0011436867,0.0
SRR5178126,0.0002323735,0.001264163,0.0016921443,0.9929743,0.0007330533,0.0019682439,0.0011356913,0.0
SRR7453940,0.00023252217,0.0012641032,0.0016919952,0.99297416,0.0007330829,0.0019682434,0.0011358397,0.0
ERR2784841,0.00023646568,0.0012446126,0.0016747719,0.9929216,0.0007523476,0.001994551,0.0011756954,0.0
SRR995048,0.0002323735,0.001264163,0.0016921443,0.9929743,0.0007330533,0.0019682439,0.0011356913,0.0
ERR1548874,0.002542973,0.037591387,0.07864649,0.035610665,0.8053833,0.006604286,0.0336209,0.0
DRR060040,0.0018980558,0.98295534,0.003079863,0.0033205585,0.0017705733,0.0011426249,0.0058330595,0.0
ERR1583173,0.0018980558,0.98295534,0.003079863,0.0033205585,0.0017705733,0.0011426249,0.0058330595,0.0
ERR309053,0.0077875755,0.0036267326,0.00072264066,0.009498492,0.001290867,0.9719108,0.005163087,0.0
SRR1286274,0.0018661466,0.982974,0.0030832693,0.0033760334,0.0017590033,0.0011499405,0.005791699,0.0
ERR499498,0.00023258147,0.0012638641,0.0016916962,0.9929739,0.0007332905,0.0019683014,0.0011363742,0.0
SRR6394180,0.0002324627,0.0012639249,0.0016924117,0.99297225,0.00073332095,0.0019697011,0.0011358993,0.0
ERR499674,0.00032280662,0.0013495719,0.0020736444,0.98978555,0.00141194,0.004107508,0.0009489913,0.0
SRR3354477,0.0032522078,0.9555607,0.0031139548,0.0025436876,0.0030607576,0.004663437,0.00259006,0.025215145
SRR944548,0.007889257,0.007837731,0.9407368,0.006731039,0.009437458,6.175206e-05,0.027305966,0.0
ERR1201965,0.80765915,0.014451807,0.046980575,0.007828305,0.0006906935,0.051802848,0.07058662,0.0
ERR664729,0.0050000935,0.0036334568,0.009096714,0.0050869165,0.00084149075,0.00088847405,0.97545284,0.0
SRR3951016,0.00023267027,0.0012632371,0.0016911279,0.99297243,0.00073391374,0.0019690413,0.0011376214,0.0
SRR3587068,0.0018980558,0.98295534,0.003079863,0.0033205585,0.0017705733,0.0011426249,0.0058330595,0.0
ERR2271640,0.0018980558,0.98295534,0.003079863,0.0033205585,0.0017705733,0.0011426249,0.0058330595,0.0
SRR4125132,0.0018980558,0.98295534,0.003079863,0.0033204993,0.0017705733,0.0011426249,0.0058330595,0.0
ERR1308126,0.0002323735,0.001264163,0.0016921443,0.9929743,0.0007330533,0.0019682439,0.0011356913,0.0
ERR1691848,0.0050000935,0.0036334568,0.009096714,0.0050869165,0.00084149075,0.00088847405,0.97545284,0.0
SRR5467679,0.0002325222,0.0012641033,0.0016920846,0.9929741,0.0007330532,0.001968333,0.0011357804,0.0
SRR995103,0.0002323735,0.001264163,0.0016921443,0.9929743,0.0007330533,0.0019682439,0.0011356913,0.0
SRR8610884,0.0050000935,0.0036334568,0.009096714,0.0050869165,0.00084149075,0.00088847405,0.97545284,0.0
ERR1844396,0.007879371,0.007842278,0.9407293,0.0067376313,0.009432895,6.1681494e-05,0.027316868,0.0
ERR923730,0.0050000935,0.0036334568,0.009096714,0.0050869165,0.00084149075,0.00088847405,0.97545284,0.0
ERR1987719,0.00023717771,0.001247042,0.0016694645,0.9929263,0.0007521038,0.0019843334,0.0011835685,0.0
ERR2001872,0.00023246263,0.0012636865,0.0016927681,0.99297005,0.00073352887,0.0019715151,0.001136018,0.0
ERR579758,0.00023516464,0.0012506023,0.0016914542,0.99291724,0.0007470478,0.0020022905,0.0011561617,0.0
SRR1145719,0.0018980558,0.98295534,0.003079863,0.0033205585,0.0017705733,0.0011426249,0.0058330595,0.0
ERR1310552,0.00024327636,0.0017382503,0.002254039,0.97777104,0.0011708736,0.012371749,0.0015974939,0.0028532743
SRR995413,0.0002323735,0.001264163,0.0016921443,0.9929743,0.0007330533,0.0019682439,0.0011356913,0.0
ERR1331809,0.00023373707,0.0012583965,0.0016838409,0.9929665,0.00073836284,0.0019700483,0.0011491429,0.0
SRR7453657,0.00023252187,0.0012636554,0.0016913683,0.9929736,0.00073349837,0.0019685086,0.0011368495,0.0
ERR986169,0.007931647,0.0033843662,0.00073170266,0.010692202,0.0013517385,0.97072136,0.005187016,0.0
ERR1522062,0.0037716925,0.35313547,0.00050488114,0.003075689,0.0019405186,0.4936384,0.0077414215,0.13619196
ERR675237,0.0076973024,0.0036549775,0.00072721724,0.009294814,0.0012555913,0.972342,0.005028194,0.0
SRR8611118,0.0050000935,0.0036334568,0.009096714,0.0050869165,0.00084149075,0.00088847405,0.97545284,0.0
SRR5178604,0.0018980558,0.98295534,0.003079863,0.0033205585,0.0017705733,0.0011426249,0.0058330595,0.0
SRR2057934,0.007879335,0.007841948,0.9407302,0.006737949,0.009433328,6.168039e-05,0.027315583,0.0
SRR6444680,0.0002520487,0.0012108035,0.001738074,0.99234724,0.000857971,0.002403937,0.0011898911,0.0
SRR2145602,0.00023243282,0.0012639241,0.0016917266,0.9929741,0.0007332015,0.001968302,0.0011362556,0.0
SRR6670452,0.007696748,0.0036548614,0.00072715885,0.009295021,0.0012554452,0.97234356,0.0050272867,0.0
ERR1298104,0.0050000935,0.0036334568,0.009096714,0.0050869165,0.00084149075,0.00088847405,0.97545284,0.0
ERR1897322,0.0018980558,0.98295534,0.003079863,0.0033205585,0.0017705733,0.0011426249,0.0058330595,0.0
ERR2600140,0.0050000935,0.0036334568,0.009096714,0.0050869165,0.00084149075,0.00088847405,0.97545284,0.0
ERR1523754,0.007696748,0.0036548614,0.00072715885,0.009295021,0.0012554452,0.97234356,0.0050272867,0.0
ERR499224,0.00023874515,0.001237061,0.0016520023,0.99293643,0.00075861893,0.0019753359,0.0012017266,0.0
SRR1926174,0.0050000935,0.0036334568,0.009096714,0.0050869165,0.00084149075,0.00088847405,0.97545284,0.0
SRR632454,0.0018980558,0.98295534,0.003079863,0.0033204993,0.0017705733,0.0011426249,0.0058330595,0.0
SRR943617,0.007879335,0.007841948,0.9407302,0.006737949,0.009433328,6.168039e-05,0.027315583,0.0
SRR3034976,0.00023539741,0.0012508723,0.001676872,0.9929471,0.0007456929,0.0019786886,0.0011654166,0.0
ERR006919,0.0002323735,0.001264163,0.0016921443,0.9929743,0.0007330533,0.0019682439,0.0011356913,0.0
SRR6444570,0.00023284818,0.0012623714,0.0016901422,0.9929704,0.00073471514,0.0019701668,0.0011394033,0.0
SRR976724,0.0050000935,0.0036334568,0.009096714,0.0050869165,0.00084149075,0.00088847405,0.97545284,0.0
ERR1467108,0.0002323735,0.001264163,0.0016921443,0.9929743,0.0007330533,0.0019682439,0.0011356913,0.0
ERR1897129,0.0018980558,0.98295534,0.003079863,0.0033205585,0.0017705733,0.0011426249,0.0058330595,0.0
SRR505242,0.00023311473,0.001261324,0.0016876649,0.9929713,0.0007356633,0.0019684318,0.0011425507,0.0
SRR5570749,0.0018980558,0.98295534,0.003079863,0.0033205585,0.0017705733,0.0011426249,0.0058330595,0.0
SRR5786148,0.0018980558,0.98295534,0.003079863,0.0033205585,0.0017705733,0.0011426249,0.0058330595,0.0
ERR1263254,0.007702809,0.0036524618,0.00072670827,0.009313212,0.0012577103,0.9723082,0.005038895,0.0
SRR5801357,0.007879335,0.007841948,0.9407302,0.006737949,0.009433328,6.168039e-05,0.027315583,0.0
SRR6931468,0.00067421794,0.002092898,0.003363222,0.9710473,0.0038720667,0.0090485215,0.0013203621,0.0085814595
ERR1298119,0.0050000935,0.0036334568,0.009096714,0.0050869165,0.00084149075,0.00088847405,0.97545284,0.0
ERR833152,0.0050000935,0.0036334568,0.009096714,0.0050869165,0.00084149075,0.00088847405,0.97545284,0.0
SRR6145474,0.0018980558,0.98295534,0.003079863,0.0033205585,0.0017705733,0.0011426249,0.0058330595,0.0
SRR6975978,0.0018980558,0.98295534,0.003079863,0.0033205585,0.0017705733,0.0011426249,0.0058330595,0.0
SRR2034575,0.007879335,0.007841948,0.9407302,0.006737949,0.009433328,6.168039e-05,0.027315583,0.0
SRR6932323,0.0002323735,0.001264163,0.0016921443,0.9929743,0.0007330533,0.0019682439,0.0011356913,0.0
DRR044336,0.00023940628,0.0012352519,0.0016814655,0.9928644,0.00076467835,0.002021673,0.0011931052,0.0
ERR883520,0.00023427047,0.0012558575,0.0016805546,0.99296165,0.0007407659,0.0019719054,0.0011549332,0.0
ERR1523350,0.003754139,0.35452384,0.0005028546,0.0031055808,0.0019240379,0.48765972,0.0076797307,0.14085007
ERR1256053,0.0075635198,0.0036827382,0.0007292539,0.009454173,0.0012496265,0.9722539,0.0050668735,0.0
ERR1522097,0.007696748,0.0036548614,0.00072715885,0.009295021,0.0012554452,0.97234356,0.0050272867,0.0
SRR6781783,0.0018980558,0.98295534,0.003079863,0.0033205585,0.0017705733,0.0011426249,0.0058330595,0.0
ERR2260413,0.8041145,0.023400731,0.044896077,0.006469468,0.00073210493,0.04731956,0.07306756,0.0
DRR048164,0.00023255161,0.0012635661,0.0016916062,0.9929732,0.0007335281,0.0019688061,0.0011368198,0.0
SRR6671030,0.007725666,0.003609454,0.00072682276,0.009456077,0.0012633953,0.9721997,0.005018934,0.0
SRR6264845,0.00023320357,0.0012603403,0.0016873647,0.9929675,0.0007365842,0.0019710758,0.0011439468,0.0
SRR924049,0.0050000935,0.0036334568,0.009096714,0.0050869165,0.00084149075,0.00088847405,0.97545284,0.0
SRR5179805,0.0018980558,0.98295534,0.003079863,0.0033205585,0.0017705733,0.0011426249,0.0058330595,0.0
ERR1677283,0.0050000935,0.0036334568,0.009096714,0.0050869165,0.00084149075,0.00088847405,0.97545284,0.0
SRR5181266,0.0018980558,0.98295534,0.003079863,0.0033205585,0.0017705733,0.0011426249,0.0058330595,0.0
SRR5155989,0.0002324328,0.0012638348,0.0016917562,0.9929741,0.0007332907,0.0019683018,0.0011363447,0.0
ERR1313550,0.0002344192,0.0012544,0.0016821608,0.992952,0.0007421936,0.0019787764,0.0011560338,0.0
ERR1315632,0.00023397635,0.0012589688,0.0016836124,0.9929485,0.0007422636,0.001982582,0.0011501309,0.0
ERR531820,0.00023548884,0.0012490992,0.0016836991,0.99292433,0.0007481388,0.001996197,0.0011631072,0.0
SRR2086945,0.0002323735,0.001264163,0.0016921443,0.9929743,0.0007330533,0.0019682439,0.0011356913,0.0
ERR1583018,0.0018980558,0.98295534,0.003079863,0.0033205585,0.0017705733,0.0011426249,0.0058330595,0.0
ERR1384660,0.00015881658,0.0022983253,0.0038326085,0.8868566,0.001039505,0.081970006,0.0010640025,0.02278012
ERR1311508,0.00024542405,0.001249015,0.0016985724,0.9925365,0.0008343525,0.0022635832,0.001172532,0.0
SRR1818152,0.0018978501,0.9829551,0.0030805718,0.0033194097,0.0017709277,0.0011434803,0.005832708,0.0
SRR2048140,0.0018980558,0.98295534,0.003079863,0.0033205585,0.0017705733,0.0011426249,0.0058330595,0.0
ERR1310304,0.0002324627,0.0012641033,0.0016921143,0.9929742,0.0007331127,0.0019682436,0.0011357804,0.0
ERR1111259,0.00023284815,0.0012623416,0.0016901421,0.9929701,0.00073474477,0.0019703154,0.0011394627,0.0
SRR7453902,0.0002324329,0.0012640435,0.0016921139,0.9929741,0.00073314225,0.0019682432,0.0011358991,0.0
ERR2188027,0.0025429153,0.037591342,0.078646705,0.035610422,0.8053833,0.0066043963,0.03362083,0.0
ERR719631,0.00023382578,0.0012576501,0.001683153,0.99296415,0.0007391048,0.0019713526,0.0011507465,0.0
ERR498781,0.0002455151,0.0012230246,0.0016889798,0.9926925,0.0008072194,0.0021325073,0.0012102639,0.0
SRR6054613,0.00025023808,0.0011919242,0.0015835327,0.9928577,0.0008053116,0.0019844787,0.0013267822,0.0
ERR2043559,0.007879335,0.007841948,0.9407302,0.006737949,0.009433328,6.168039e-05,0.027315583,0.0
SRR8484792,0.0002486106,0.0017233557,0.002184811,0.96711415,0.0032495386,0.024580035,0.0008995512,0.0
ERR719327,0.00022517447,0.0012120454,0.0018197191,0.99228233,0.00078561204,0.0025384629,0.00113667,0.0
SRR6745377,0.0018980558,0.98295534,0.003079863,0.0033205585,0.0017705733,0.0011426249,0.0058330595,0.0
SRR640640,0.007879335,0.007841948,0.9407302,0.006737949,0.009433328,6.168039e-05,0.027315583,0.0
ERR1384242,0.00023376671,0.0012577714,0.0016838996,0.992963,0.0007389872,0.001972665,0.0011499156,0.0
ERR1103336,0.0018980558,0.98295534,0.003079863,0.0033205585,0.0017705733,0.0011426249,0.0058330595,0.0
DRR047728,0.00025015353,0.0012015756,0.0016807962,0.99267983,0.00081333355,0.0021077315,0.0012666197,0.0
SRR6418289,0.00023972518,0.001232473,0.0016572565,0.9929009,0.00076483045,0.001995608,0.0012092143,0.0
ERR442974,0.00023403355,0.0012569041,0.0016827036,0.9929624,0.00073972804,0.0019720925,0.001152172,0.0
ERR1249627,0.0050001834,0.0036334274,0.009096716,0.005086917,0.00084143155,0.00088847417,0.97545296,0.0
ERR498556,0.0002323735,0.001264163,0.0016921443,0.9929743,0.0007330533,0.0019682439,0.0011356913,0.0
ERR1385338,0.00024076045,0.0012279229,0.0016432682,0.9929099,0.000768292,0.0019869057,0.0012228668,0.0
ERR1366706,0.007696748,0.0036548907,0.00072715885,0.009294904,0.0012554452,0.97234356,0.0050272867,0.0
ERR1624642,0.00023249225,0.0012638049,0.0016917858,0.99297357,0.00073335005,0.0019686287,0.0011363743,0.0
SRR6745873,0.0018980558,0.98295534,0.003079863,0.0033205585,0.0017705733,0.0011426249,0.0058330595,0.0
ERR1513273,0.007696748,0.0036548614,0.00072715885,0.009295021,0.0012554452,0.97234356,0.0050272867,0.0
ERR441621,0.0002324627,0.0012640735,0.0016920846,0.9929742,0.00073308294,0.0019682436,0.0011357804,0.0
SRR6932450,0.0002323735,0.001264163,0.0016921443,0.9929743,0.0007330533,0.0019682439,0.0011356913,0.0
ERR1303854,0.007696748,0.0036548614,0.00072715885,0.009295021,0.0012554452,0.97234356,0.0050272867,0.0
DRR088611,0.0018980558,0.98295534,0.003079863,0.0033205585,0.0017705733,0.0011426249,0.0058330595,0.0
SRR2145423,0.00023702893,0.0012453761,0.0016654785,0.99292344,0.0007555539,0.0019908764,0.0011822297,0.0
SRR5916504,0.0018980558,0.98295534,0.003079863,0.0033205585,0.0017705733,0.0011426249,0.0058330595,0.0
ERR719620,0.00023430042,0.001254758,0.0016820134,0.99295247,0.00074207527,0.0019788078,0.001155529,0.0
ERR1593368,0.007879335,0.007841948,0.9407302,0.006737949,0.009433328,6.168039e-05,0.027315583,0.0
SRR8609861,0.0050000935,0.0036334568,0.009096714,0.0050869165,0.00084149075,0.00088847405,0.97545284,0.0
ERR866501,0.00023243298,0.0012641333,0.001692055,0.99297434,0.0007330533,0.0019682439,0.0011357805,0.0
SRR3037272,0.00023249222,0.0012638046,0.0016917557,0.9929738,0.00073335,0.0019683607,0.0011364039,0.0
ERR1428750,0.0050000935,0.0036334568,0.009096714,0.0050869165,0.00084149075,0.00088847405,0.97545284,0.0
ERR1383315,0.00023759194,0.0012402787,0.0016666236,0.9929132,0.00075751025,0.0019972238,0.0011876029,0.0
ERR1315347,0.00015893333,0.00092046673,0.0034252761,0.9745528,0.0012240997,0.018719582,0.0009987816,0.0
SRR1461477,0.00023995964,0.0012321577,0.0016433131,0.99293315,0.0007631835,0.001973094,0.0012151749,0.0
ERR2758328,0.0050000935,0.0036334568,0.009096714,0.0050869165,0.00084149075,0.00088847405,0.97545284,0.0
SRR1929549,0.0018980558,0.98295534,0.003079863,0.0033205585,0.0017705733,0.0011426249,0.0058330595,0.0
ERR1690423,0.0050000935,0.0036334568,0.009096714,0.0050869165,0.00084149075,0.00088847405,0.97545284,0.0
ERR1960753,0.00023255158,0.001263685,0.001691487,0.9929735,0.000733528,0.0019685084,0.0011368197,0.0
ERR1255936,0.0009083037,0.0012930593,0.003586536,0.3550605,0.0038737531,0.6344461,0.00083172304,0.0
SRR6331628,0.0018980558,0.98295534,0.003079863,0.0033204993,0.0017705733,0.0011426249,0.0058330595,0.0
ERR365916,0.00023646979,0.0012446938,0.0016855983,0.9928996,0.00075352064,0.002011421,0.0011687259,0.0
SRR995643,0.0002323735,0.001264163,0.0016921443,0.9929743,0.0007330533,0.0019682439,0.0011356913,0.0
ERR1263224,0.0076984507,0.00365441,0.00072712713,0.009297451,0.0012559097,0.9723373,0.0050292914,0.0
ERR1298447,0.0050000935,0.0036334568,0.009096714,0.0050869165,0.00084149075,0.00088847405,0.97545284,0.0
SRR3581162,0.00022355448,0.0010471138,0.0023677181,0.98405904,0.0012873829,0.009704046,0.0013111634,0.0
SRR7901914,0.0050000935,0.0036334568,0.009096714,0.0050869165,0.00084149075,0.00088847405,0.97545284,0.0
ERR1298211,0.0050000935,0.0036334568,0.009096714,0.0050869165,0.00084149075,0.00088847405,0.97545284,0.0
ERR1102998,0.0018980558,0.98295534,0.003079863,0.0033205585,0.0017705733,0.0011426249,0.0058330595,0.0
SRR6444225,0.00026593736,0.0011774166,0.0016563835,0.9923432,0.00091787346,0.0022800663,0.0013591297,0.0
SRR6056007,0.0018980558,0.98295534,0.003079863,0.0033205585,0.0017705733,0.0011426249,0.0058330595,0.0
ERR1309866,0.00023240315,0.0012635081,0.0016929766,0.9929686,0.0007336777,0.0019727645,0.0011360776,0.0
SRR3633238,0.0018980558,0.98295534,0.003079863,0.0033205585,0.0017705733,0.0011426249,0.0058330595,0.0
SRR5488200,0.0018980558,0.98295534,0.003079863,0.0033205585,0.0017705733,0.0011426249,0.0058330595,0.0
SRR3664306,0.0018980558,0.98295534,0.003079863,0.0033205585,0.0017705733,0.0011426249,0.0058330595,0.0
ERR1583469,0.0018980558,0.98295534,0.003079863,0.0033205585,0.0017705733,0.0011426249,0.0058330595,0.0
ERR538646,0.007879335,0.007841948,0.9407302,0.006737949,0.009433328,6.168039e-05,0.027315583,0.0
SRR575222,0.007879335,0.007841948,0.9407302,0.006737949,0.009433328,6.168039e-05,0.027315583,0.0
SRR5915249,0.0018980558,0.98295534,0.003079863,0.0033205585,0.0017705733,0.0011426249,0.0058330595,0.0
ERR866628,0.0024312437,0.00068217516,0.01433301,0.5604564,0.060064018,0.007873714,0.2872815,0.06687796
SRR6457351,0.0018980558,0.98295534,0.003079863,0.0033205585,0.0017705733,0.0011426249,0.0058330595,0.0
SRR7448704,0.0002324329,0.0012641328,0.0016920544,0.99297404,0.00073314225,0.001968273,0.0011358693,0.0
SRR5155843,0.0026944026,0.0019402168,0.0020637282,0.068188705,0.0028007491,0.9202639,0.0020482857,0.0
SRR6764896,0.0050000935,0.0036334568,0.009096714,0.0050869165,0.00084149075,0.00088847405,0.97545284,0.0
ERR2709801,0.0050000935,0.0036334568,0.009096714,0.0050869165,0.00084149075,0.00088847405,0.97545284,0.0
ERR560962,0.000242247,0.0012213769,0.0016466252,0.9928541,0.0007798896,0.0020225616,0.0012332142,0.0
DRR035511,0.0018980558,0.98295534,0.003079863,0.0033204993,0.0017705733,0.0011426249,0.0058330595,0.0
SRR6411950,0.00023243295,0.0012640735,0.0016920846,0.99297404,0.0007331127,0.0019684222,0.00113581,0.0
ERR443673,0.0002323735,0.001264163,0.0016921443,0.9929743,0.0007330533,0.0019682439,0.0011356913,0.0
ERR1897282,0.0018980558,0.98295534,0.003079863,0.0033205585,0.0017705733,0.0011426249,0.0058330595,0.0
ERR499703,0.00023243295,0.0012641033,0.0016921143,0.9929742,0.0007330532,0.0019682436,0.0011357804,0.0
SRR5002087,0.0018980548,0.982955,0.0030799499,0.0033205273,0.0017706314,0.0011427128,0.005833145,0.0
ERR139459,0.00023424148,0.0012568729,0.0016806789,0.9929588,0.00074130367,0.0019741128,0.0011540445,0.0
ERR1382858,0.00023902633,0.001214525,0.0017316618,0.99253964,0.0007949797,0.0022954678,0.0011847508,0.0
ERR2247369,0.00023625615,0.0012468959,0.0016688138,0.9929457,0.0007493095,0.0019772882,0.0011758079,0.0
ERR2730396,0.0002350447,0.0012541667,0.0016800849,0.9929305,0.00074781815,0.0019930613,0.0011593695,0.0
ERR1256078,0.007612039,0.003671912,0.0007282255,0.009409434,0.0012524998,0.9722637,0.005062166,0.0
SRR500310,0.0018980558,0.98295534,0.003079863,0.0033205585,0.0017705733,0.0011426249,0.0058330595,0.0
ERR139297,0.00023388639,0.0012581617,0.0016841723,0.99295413,0.00074071455,0.0019789173,0.0011499786,0.0
SRR5415576,0.0002332336,0.0012599552,0.0016890324,0.9929627,0.000736942,0.0019745287,0.0011436209,0.0
SRR5180684,0.0018980558,0.98295534,0.003079863,0.0033205585,0.0017705733,0.0011426249,0.0058330595,0.0
SRR5179822,0.0018980558,0.98295534,0.003079863,0.0033205585,0.0017705733,0.0011426249,0.0058330595,0.0
SRR5181073,0.0018980558,0.98295534,0.003079863,0.0033205585,0.0017705733,0.0011426249,0.0058330595,0.0
SRR2145598,0.00023275874,0.0012623407,0.0016896947,0.9929715,0.00073474424,0.0019692432,0.0011397891,0.0
ERR543270,0.007879335,0.007841948,0.9407302,0.006737949,0.009433328,6.168039e-05,0.027315583,0.0
SRR6436905,0.00024325072,0.0012203876,0.0016371764,0.9928772,0.0007783785,0.0019972196,0.0012464109,0.0
ERR1971224,0.00025465648,0.0011864933,0.0017257571,0.99233437,0.0008577777,0.0023902375,0.0012507375,0.0
SRR1823093,0.00026838778,0.001104703,0.001737342,0.99042183,0.0010948046,0.0038012736,0.0015716841,0.0
ERR1398132,0.00023685266,0.0012435731,0.0016742685,0.9929088,0.00075538247,0.0020034767,0.0011776899,0.0
ERR923591,0.0050000935,0.0036334568,0.009096714,0.0050869165,0.00084149075,0.00088847405,0.97545284,0.0
ERR500185,0.00023237347,0.0012641033,0.0016921441,0.9929742,0.0007330532,0.0019682436,0.00113581,0.0
ERR1760099,0.0002323735,0.001264163,0.0016921443,0.9929743,0.0007330533,0.0019682439,0.0011356913,0.0
ERR1366488,0.007697244,0.0036550947,0.0007271587,0.0092942575,0.001255562,0.9723427,0.00502793,0.0
ERR719592,0.00023448025,0.0012532483,0.001686842,0.99293566,0.00074404274,0.001991104,0.001154584,0.0
SRR2558657,0.0018980558,0.98295534,0.003079863,0.0033205585,0.0017705733,0.0011426249,0.0058330595,0.0
ERR444447,0.00021812289,0.0011685176,0.0019896687,0.9905601,0.0008912906,0.0039497404,0.0012225352,0.0
ERR499677,0.00023255158,0.0012637444,0.0016913681,0.99297386,0.0007334685,0.0019682406,0.0011367899,0.0
DRR032932,0.0018980558,0.98295534,0.003079863,0.0033205585,0.0017705733,0.0011426249,0.0058330595,0.0
ERR1298494,0.0050000935,0.0036334568,0.009096714,0.0050869165,0.00084149075,0.00088847405,0.97545284,0.0
ERR1383399,0.0002363163,0.0012457691,0.0016712573,0.99293315,0.00075100694,0.0019865143,0.0011759301,0.0
SRR5178596,0.0018980558,0.98295534,0.003079863,0.0033205585,0.0017705733,0.0011426249,0.0058330595,0.0
SRR5431568,0.00027166502,0.0011701074,0.0016444431,0.99224126,0.0009522104,0.0023200817,0.0014003164,0.0
ERR1522888,0.007696748,0.0036548614,0.00072715885,0.009295021,0.0012554452,0.97234356,0.0050272867,0.0
ERR2738656,0.0002326999,0.0012632365,0.0016907702,0.9929732,0.00073388364,0.001968237,0.0011379182,0.0
ERR1263609,0.007696748,0.0036548614,0.00072715885,0.009295021,0.0012554452,0.97234356,0.0050272867,0.0
SRR5431400,0.0002593088,0.0012042589,0.0016114977,0.992487,0.00089564,0.0022022068,0.0013400845,0.0
ERR924343,0.016476337,0.0013164763,0.0076408824,0.045518868,0.012441613,0.0010030973,0.9156026,0.0
SRR3742087,0.0018980558,0.98295534,0.003079863,0.0033205585,0.0017705733,0.0011426249,0.0058330595,0.0
ERR1689926,0.0050000935,0.0036334568,0.009096714,0.0050869165,0.00084149075,0.00088847405,0.97545284,0.0
SRR6287348,0.0018980558,0.98295534,0.003079863,0.0033205585,0.0017705733,0.0011426249,0.0058330595,0.0
DRR050936,0.0002324329,0.0012640733,0.0016920544,0.9929739,0.0007331125,0.0019684217,0.0011358693,0.0
SRR5786426,0.0018980558,0.98295534,0.003079863,0.0033205585,0.0017705733,0.0011426249,0.0058330595,0.0
SRR7584225,0.0076958197,0.0037122387,0.0007217632,0.009213567,0.0012708914,0.9723797,0.005006123,0.0
SRR7454023,0.00023252211,0.0012640434,0.0016920245,0.99297404,0.00073317194,0.001968243,0.0011359585,0.0
SRR5180099,0.0018980558,0.98295534,0.003079863,0.0033205585,0.0017705733,0.0011426249,0.0058330595,0.0
SRR3095051,0.00023270001,0.0012627612,0.0016913955,0.9929698,0.0007343004,0.0019710937,0.0011379783,0.0
ERR1938007,0.00083878636,0.006572753,0.0014166534,0.20929465,0.00076144934,0.5541695,0.0014439225,0.22550231
ERR2511914,0.00023450746,0.001254841,0.0016785547,0.9929623,0.0007415659,0.0019705885,0.0011576351,0.0
ERR1313537,0.0002425777,0.001219997,0.0016609554,0.9928254,0.00078189373,0.002041329,0.0012277596,0.0
SRR3027135,0.0018980558,0.98295534,0.003079863,0.0033205585,0.0017705733,0.0011426249,0.0058330595,0.0
SRR3581184,0.00026108584,0.0011689984,0.0016381501,0.992539,0.0008651813,0.0021525903,0.0013750421,0.0
ERR520784,0.0002506634,0.0011908668,0.0016142497,0.9927592,0.0008165816,0.002052799,0.0013156483,0.0
ERR1256767,0.00022948137,0.0011743592,0.0019278637,0.9910873,0.00087541464,0.0035130226,0.0011925654,0.0
SRR3095024,0.00023400386,0.0012574398,0.0016820793,0.99296623,0.0007391631,0.0019694457,0.0011515773,0.0
SRR3742106,0.0018980558,0.98295534,0.003079863,0.0033205585,0.0017705733,0.0011426249,0.0058330595,0.0
SRR5720232,0.0018980558,0.98295534,0.003079863,0.0033205585,0.0017705733,0.0011426249,0.0058330595,0.0
SRR996286,0.0002323735,0.001264163,0.0016921443,0.9929743,0.0007330533,0.0019682439,0.0011356913,0.0
ERR2784774,0.00024026052,0.0012364626,0.0017111831,0.9927838,0.00077456277,0.0020904182,0.0011632869,0.0
SRR2145453,0.00023391482,0.0012576788,0.0016821998,0.99296707,0.0007389257,0.0019689715,0.0011512215,0.0
SRR7454007,0.00023252159,0.0012633266,0.0016910688,0.99297327,0.00073373545,0.0019685659,0.0011374431,0.0
ERR2662943,0.00023284793,0.0012623107,0.0016897537,0.99297076,0.0007348333,0.0019695698,0.0011398484,0.0
SRR8605707,0.0050000935,0.0036334568,0.009096714,0.0050869165,0.00084149075,0.00088847405,0.97545284,0.0
SRR2013438,0.0018980558,0.98295534,0.003079863,0.0033205585,0.0017705733,0.0011426249,0.0058330595,0.0
ERR833296,0.0018980558,0.98295534,0.003079863,0.0033205585,0.0017705733,0.0011426249,0.0058330595,0.0
SRR2922957,0.0050000935,0.0036334568,0.009096714,0.0050869165,0.00084149075,0.00088847405,0.97545284,0.0
SRR5181272,0.0018980558,0.98295534,0.003079863,0.0033205585,0.0017705733,0.0011426249,0.0058330595,0.0
SRR6444959,0.000232522,0.0012639238,0.0016918452,0.9929736,0.00073329057,0.00196848,0.0011362851,0.0
DRR044000,0.0002326699,0.001262908,0.0016903222,0.9929727,0.0007341803,0.0019685624,0.0011386904,0.0
ERR1384257,0.00024598945,0.0012086823,0.0016473947,0.9927722,0.0008004844,0.0020667457,0.0012585286,0.0
SRR2143800,0.00024429872,0.0012535928,0.0017070865,0.9922386,0.0008772978,0.002505341,0.0011737465,0.0
SRR6408939,0.0002342114,0.00125583,0.0016821935,0.99295855,0.0007407969,0.0019741992,0.0011541917,0.0
ERR1297730,0.00023545587,0.0012503314,0.0016733251,0.9929524,0.00074589776,0.0019749026,0.0011676422,0.0
ERR923676,0.0050000935,0.0036334568,0.009096714,0.0050869165,0.00084149075,0.00088847405,0.97545284,0.0
ERR1582603,0.0018980558,0.98295534,0.003079863,0.0033205585,0.0017705733,0.0011426249,0.0058330595,0.0
SRR5699521,0.0002325222,0.0012641033,0.0016920846,0.9929742,0.00073308294,0.0019682436,0.0011357804,0.0
DRR044281,0.00023246267,0.001263895,0.0016922033,0.9929734,0.0007332316,0.001968868,0.0011359289,0.0
SRR504981,0.0002563076,0.0011765943,0.0016214972,0.99262285,0.0008493925,0.0021237934,0.0013496071,0.0
ERR3506628,0.0077109346,0.0036572588,0.00072629115,0.009305096,0.0012603925,0.97228885,0.005051147,0.0
DRR027529,0.0018980558,0.98295534,0.003079863,0.0033205585,0.0017705733,0.0011426249,0.0058330595,0.0
SRR2922929,0.0050000935,0.0036334568,0.009096714,0.0050869165,0.00084149075,0.00088847405,0.97545284,0.0
SRR2046550,0.00023587083,0.00124842,0.0016712623,0.99294823,0.00074776704,0.0019764667,0.0011719776,0.0
SRR2097664,0.0018980558,0.98295534,0.003079863,0.0033205585,0.0017705733,0.0011426249,0.0058330595,0.0
ERR2596256,0.0077545173,0.003583045,0.0007299695,0.009516811,0.0012710989,0.9721149,0.0050296295,0.0
ERR695440,0.0076977694,0.0036550646,0.00072721706,0.009295046,0.0012555909,0.9723408,0.0050284853,0.0
SRR3503227,0.00023249222,0.0012637154,0.0016919342,0.9929728,0.0007334987,0.0019691044,0.0011364337,0.0
SRR6746050,0.0018980558,0.98295534,0.003079863,0.0033205585,0.0017705733,0.0011426249,0.0058330595,0.0
SRR2026361,0.0018980558,0.98295534,0.003079863,0.0033205585,0.0017705733,0.0011426249,0.0058330595,0.0
SRR952003,0.007879335,0.007841948,0.9407302,0.006737949,0.009433328,6.168039e-05,0.027315583,0.0
SRR8605161,0.0050000935,0.0036334568,0.009096714,0.0050869165,0.00084149075,0.00088847405,0.97545284,0.0
SRR2046691,0.00023243285,0.001263954,0.0016919648,0.9929738,0.00073323137,0.001968451,0.0011360772,0.0
DRR043061,0.00023264046,0.0012628203,0.0016915736,0.9929697,0.0007343598,0.0019709147,0.001137978,0.0
SRR5175950,0.0018980558,0.98295534,0.003079863,0.0033205585,0.0017705733,0.0011426249,0.0058330595,0.0
ERR1689387,0.0050000935,0.0036334568,0.009096714,0.0050869165,0.00084149075,0.00088847405,0.97545284,0.0
SRR3099517,0.0018980558,0.98295534,0.003079863,0.0033205585,0.0017705733,0.0011426249,0.0058330595,0.0
SRR980714,0.007879335,0.007841948,0.9407302,0.006737949,0.009433328,6.168039e-05,0.027315583,0.0
SRR2896976,0.007697013,0.0036550378,0.00072715903,0.009294408,0.0012554454,0.9723435,0.005027493,0.0
SRR5637472,0.00023237347,0.0012641033,0.0016921441,0.9929742,0.00073308294,0.0019682436,0.0011357804,0.0
SRR950750,0.007879335,0.007841948,0.9407302,0.006737949,0.009433328,6.168039e-05,0.027315583,0.0
ERR1678162,0.0050000935,0.0036334568,0.009096714,0.0050869165,0.00084149075,0.00088847405,0.97545284,0.0
ERR2624743,0.0002323735,0.001264163,0.0016921443,0.9929743,0.0007330533,0.0019682439,0.0011356913,0.0
ERR2991820,0.0002323735,0.001264163,0.0016921443,0.9929743,0.0007330533,0.0019682439,0.0011356913,0.0
SRR5002025,0.0018980844,0.982955,0.0030799205,0.0033206157,0.0017706314,0.0011427128,0.0058330274,0.0
ERR368846,0.0002329073,0.001261388,0.0016901098,0.99296683,0.0007355766,0.0019724246,0.0011407699,0.0
ERR1583263,0.0018980558,0.98295534,0.003079863,0.0033205585,0.0017705733,0.0011426249,0.0058330595,0.0
SRR1602695,0.0018980558,0.98295534,0.003079863,0.0033205585,0.0017705733,0.0011426249,0.0058330595,0.0
ERR1263857,0.007696748,0.0036548614,0.00072715885,0.009295021,0.0012554452,0.97234356,0.0050272867,0.0
SRR2124997,0.0018980558,0.98295534,0.003079863,0.0033205585,0.0017705733,0.0011426249,0.0058330595,0.0
SRR4414881,0.007879335,0.007841948,0.9407302,0.006737949,0.009433328,6.168039e-05,0.027315583,0.0
SRR2046646,0.00023243293,0.0012641032,0.0016921142,0.99297416,0.0007330829,0.0019682434,0.0011358397,0.0
SRR6411827,0.0002332639,0.0012598987,0.0016911781,0.99295866,0.000737152,0.0019773294,0.0011425528,0.0
SRR8611127,0.0050000935,0.0036334568,0.009096714,0.0050869165,0.00084149075,0.00088847405,0.97545284,0.0
SRR2090096,0.0018980558,0.98295534,0.003079863,0.0033205585,0.0017705733,0.0011426249,0.0058330595,0.0
ERR1223851,0.007704235,0.0036546525,0.0007270351,0.009297398,0.0012576304,0.9723244,0.005034681,0.0
SRR3647798,0.00023325993,0.001230876,0.0017269623,0.99266666,0.00076908554,0.0022077598,0.0011653776,0.0
ERR1913084,0.0002458564,0.001207602,0.0016157767,0.9928637,0.00079038664,0.0019995945,0.0012770437,0.0
ERR1297911,0.0050000935,0.0036334568,0.009096714,0.0050869165,0.00084149075,0.00088847405,0.97545284,0.0
ERR1522590,0.007696747,0.0036550073,0.00072712946,0.009294874,0.0012554743,0.9723433,0.005027345,0.0
SRR5916541,0.0018980558,0.98295534,0.003079863,0.0033205585,0.0017705733,0.0011426249,0.0058330595,0.0
SRR8609516,0.0050000935,0.0036334568,0.009096714,0.0050869165,0.00084149075,0.00088847405,0.97545284,0.0
SRR4414601,0.007879335,0.007841948,0.9407302,0.006737949,0.009433328,6.168039e-05,0.027315583,0.0
ERR1691624,0.0050000935,0.0036334568,0.009096714,0.0050869165,0.00084149075,0.00088847405,0.97545284,0.0
ERR1855277,0.0018980558,0.98295534,0.003079863,0.0033205585,0.0017705733,0.0011426249,0.0058330595,0.0
SRR5902451,0.0018980558,0.98295534,0.003079863,0.0033205585,0.0017705733,0.0011426249,0.0058330595,0.0
SRR1503368,0.007879335,0.007841948,0.9407302,0.006737949,0.009433328,6.168039e-05,0.027315583,0.0
SRR3587088,0.0018980558,0.98295534,0.003079863,0.0033205585,0.0017705733,0.0011426249,0.0058330595,0.0
SRR6054693,0.00023844946,0.0012371294,0.0016569219,0.9929239,0.0007591598,0.001985671,0.0011987016,0.0
ERR1522952,0.007696748,0.0036548614,0.00072715885,0.009295021,0.0012554452,0.97234356,0.0050272867,0.0
ERR501153,0.0002324627,0.001264014,0.0016919953,0.9929743,0.0007331424,0.0019682436,0.0011358398,0.0
ERR1897215,0.0018980558,0.98295534,0.003079863,0.0033205585,0.0017705733,0.0011426249,0.0058330595,0.0
SRR7633192,0.0018980558,0.98295534,0.003079863,0.0033204993,0.0017705733,0.0011426249,0.0058330595,0.0
ERR443504,0.00023258099,0.0012632667,0.001690979,0.9929727,0.0007339137,0.0019688327,0.0011377997,0.0
ERR1513389,0.007730438,0.0036989895,0.00072402286,0.009232229,0.0012738351,0.9722933,0.0050471304,0.0
SRR953009,0.0018980558,0.98295534,0.003079863,0.0033205585,0.0017705733,0.0011426249,0.0058330595,0.0
SRR1649680,0.0018980558,0.98295534,0.003079863,0.0033205585,0.0017705733,0.0011426249,0.0058330595,0.0
ERR1844378,0.007879335,0.007841948,0.9407302,0.006737949,0.009433328,6.168039e-05,0.027315583,0.0
SRR2922984,0.0050000935,0.0036334568,0.009096714,0.0050869165,0.00084149075,0.00088847405,0.97545284,0.0
ERR501327,0.0002325222,0.0012641033,0.0016920846,0.9929742,0.00073308294,0.0019682436,0.0011357209,0.0
SRR5196400,0.00023302685,0.0012613017,0.0016929398,0.99296063,0.0007359948,0.001976534,0.001139553,0.0
DRR029223,0.0002399242,0.0012341253,0.0017078462,0.9928113,0.0007690603,0.002064758,0.0011730585,0.0
ERR867162,0.00023249212,0.0012636554,0.0016913683,0.9929739,0.0007334686,0.0019683004,0.0011367603,0.0
ERR1313353,0.0002339456,0.0012566433,0.0016853304,0.99295133,0.00074083265,0.0019813243,0.0011506613,0.0
ERR007186,0.0002323735,0.001264163,0.0016921443,0.9929743,0.0007330533,0.0019682439,0.0011356913,0.0
SRR1460674,0.0018980558,0.98295534,0.003079863,0.0033205585,0.0017705733,0.0011426249,0.0058330595,0.0
ERR924349,0.0050000935,0.0036334568,0.009096714,0.0050869165,0.00084149075,0.00088847405,0.97545284,0.0
SRR6393970,0.00023255167,0.0012638044,0.0016916661,0.99297374,0.00073337957,0.0019683307,0.0011365226,0.0
ERR522277,0.00022070184,0.0013493457,0.0019518607,0.98868513,0.0009355483,0.005368704,0.0014885983,0.0
SRR3633390,0.0018980558,0.98295534,0.003079863,0.0033205585,0.0017705733,0.0011426249,0.0058330595,0.0
ERR1690802,0.0050000935,0.0036334568,0.009096714,0.0050869165,0.00084149075,0.00088847405,0.97545284,0.0
ERR1581954,0.007879335,0.007841948,0.9407302,0.006737949,0.009433328,6.168039e-05,0.027315583,0.0
ERR500183,0.00023246265,0.001264103,0.0016921734,0.99297404,0.0007331125,0.0019682432,0.0011357801,0.0
SRR5165962,0.00023424093,0.0012564237,0.001680318,0.9929656,0.0007400526,0.0019691705,0.0011541905,0.0
ERR1398145,0.00023281935,0.0012622575,0.0016925583,0.9929642,0.00073504524,0.00197541,0.0011377124,0.0
ERR866667,0.0002414392,0.0012284635,0.001705155,0.99278235,0.00077747164,0.002080922,0.0011842329,0.0
SRR5002045,0.0018980558,0.98295534,0.0030798924,0.00332047,0.0017706323,0.0011426249,0.0058330004,0.0
SRR7453718,0.00023252214,0.0012640435,0.0016920544,0.9929741,0.00073314225,0.0019682432,0.0011358991,0.0
ERR2495348,0.0050000935,0.0036334568,0.009096714,0.0050869165,0.00084149075,0.00088847405,0.97545284,0.0
ERR867077,0.0002371747,0.0012431297,0.0016624536,0.992941,0.00075301627,0.0019775266,0.001185695,0.0
ERR2714243,0.0076981536,0.0036555643,0.0007271295,0.009292649,0.0012555623,0.97234225,0.0050286343,0.0
SRR8608441,0.0050000935,0.0036334568,0.009096714,0.0050869165,0.00084149075,0.00088847405,0.97545284,0.0
SRR2658699,0.00023261104,0.0012636848,0.0016914273,0.9929736,0.00073352794,0.0019683891,0.0011367601,0.0
ERR365926,0.0002389121,0.0012383154,0.0016886254,0.9928316,0.0007694147,0.0020559467,0.0011772191,0.0
SRR7448575,0.0002324627,0.001264014,0.0016920548,0.9929743,0.0007331127,0.0019682436,0.0011357804,0.0
ERR1548895,0.002542979,0.037591845,0.07864506,0.035611942,0.80538327,0.00660382,0.03362115,0.0
ERR1428803,0.0050000944,0.0036334572,0.0090967445,0.005086917,0.0008414019,0.0008883852,0.97545296,0.0
SRR8608598,0.016476337,0.0013164763,0.0076409383,0.045518868,0.012441669,0.0010030693,0.9156026,0.0
ERR1522200,0.0076967487,0.0036548618,0.00072712963,0.009294905,0.0012554453,0.9723436,0.0050272876,0.0
ERR441860,0.00023246265,0.001263984,0.0016919652,0.99297416,0.00073314225,0.0019683028,0.0011359883,0.0
ERR1519445,0.005169032,0.0036934796,0.00079924555,0.018343903,0.0014232205,0.9641924,0.006378765,0.0
ERR1297894,0.0050000935,0.0036334568,0.009096714,0.0050869165,0.00084149075,0.00088847405,0.97545284,0.0
SRR1949187,0.00023252214,0.001264103,0.0016921139,0.99297404,0.000733172,0.0019682432,0.0011358396,0.0
ERR675241,0.007696924,0.0036548907,0.00072718813,0.00929464,0.0012555037,0.9723433,0.005027492,0.0
ERR1314333,0.0018980558,0.98295534,0.003079863,0.0033205585,0.0017705733,0.0011426249,0.0058330595,0.0
SRR618527,0.007879335,0.007841948,0.9407302,0.006737949,0.009433328,6.168039e-05,0.027315583,0.0
SRR6931514,0.0002323735,0.001264163,0.0016921443,0.9929743,0.0007330533,0.0019682439,0.0011356913,0.0
ERR567257,0.007696748,0.0036548614,0.00072715885,0.009295021,0.0012554452,0.97234356,0.0050272867,0.0
SRR8356237,0.0002357903,0.0012479009,0.0016948227,0.9928972,0.00075082865,0.0020160412,0.0011574159,0.0
ERR2738967,0.00023249212,0.0012637149,0.0016914873,0.9929739,0.0007334686,0.0019682408,0.0011367009,0.0
ERR500009,0.0002324627,0.0012641628,0.0016920846,0.9929742,0.00073308294,0.0019682436,0.0011357804,0.0
ERR1256210,0.007696748,0.0036548614,0.00072715885,0.009295021,0.0012554452,0.97234356,0.0050272867,0.0
SRR3660145,0.0018980558,0.98295534,0.003079863,0.0033205585,0.0017705733,0.0011426249,0.0058330595,0.0
SRR943236,0.007879335,0.007841948,0.9407302,0.006737949,0.009433328,6.168039e-05,0.027315583,0.0
SRR1618060,8.9918525e-05,0.004386604,0.0042403936,0.8334706,0.0005956888,0.080861956,0.001186192,0.07516867
SRR1271673,0.0018980558,0.98295534,0.003079863,0.0033205585,0.0017705733,0.0011426249,0.0058330595,0.0
SRR980768,0.007879335,0.007841948,0.9407302,0.006737949,0.009433328,6.168039e-05,0.027315583,0.0
SRR2016340,0.0076969494,0.0036546253,0.0007271878,0.009295954,0.0012555324,0.9723424,0.0050273724,0.0
SRR1949364,0.00023252214,0.0012640138,0.0016919057,0.9929742,0.00073314225,0.0019682432,0.0011360181,0.0
ERR499750,0.00022777908,0.0014296753,0.0016873924,0.9913977,0.0010260772,0.0031073363,0.0011240453,0.0
SRR5083247,0.0077337413,0.003685706,0.00072547846,0.009227753,0.001265443,0.97229606,0.0050659017,0.0
SRR5486588,0.0018989613,0.98295176,0.0030802325,0.0033216344,0.0017708897,0.0011427673,0.0058337706,0.0
SRR6419744,0.0018980558,0.98295534,0.003079863,0.0033205585,0.0017705733,0.0011426249,0.0058330595,0.0
DRR060096,0.0018980558,0.98295534,0.003079863,0.0033205585,0.0017705733,0.0011426249,0.0058330595,0.0
SRR7365537,0.0018980558,0.98295534,0.003079863,0.0033205585,0.0017705733,0.0011426249,0.0058330595,0.0
DRR048241,0.00023759175,0.001240932,0.0016688828,0.9929183,0.00075578445,0.0019921062,0.0011863824,0.0
SRR2923075,0.0050000935,0.0036334568,0.009096714,0.0050869165,0.00084149075,0.00088847405,0.97545284,0.0
SRR3037191,8.863986e-05,0.004468053,0.004286527,0.83074987,0.0005846917,0.08135449,0.0011598169,0.07730781
DRR048197,0.00023370713,0.0012580684,0.0016836908,0.9929654,0.0007386597,0.0019707605,0.0011497665,0.0
DRR042938,0.00023996222,0.0012310109,0.0016554359,0.9928987,0.0007660767,0.0019968795,0.0012119162,0.0
SRR2123653,0.0018980558,0.98295534,0.003079863,0.0033205585,0.0017705733,0.0011426249,0.0058330595,0.0
ERR789512,0.0018980558,0.98295534,0.003079863,0.0033205585,0.0017705733,0.0011426249,0.0058330595,0.0
ERR1690499,0.0050000935,0.0036334568,0.009096714,0.0050869165,0.00084149075,0.00088847405,0.97545284,0.0
SRR7448971,0.00023246265,0.0012640733,0.0016919652,0.99297416,0.0007331125,0.0019682432,0.0011359883,0.0
ERR1109479,0.00023323398,0.0012602548,0.0016900763,0.99296176,0.00073670526,0.0019753648,0.0011426115,0.0
SRR3419426,0.00025542232,0.0011977903,0.001717498,0.99256015,0.0008316096,0.0021625538,0.0012749701,0.0
ERR500872,0.00023237347,0.0012641033,0.0016921441,0.9929742,0.00073308294,0.0019682436,0.0011357804,0.0
ERR923485,0.0050000935,0.0036334568,0.009096714,0.0050869165,0.00084149075,0.00088847405,0.97545284,0.0
SRR5823632,0.0076620155,0.0036862406,0.0007281564,0.009330068,0.0012574026,0.9722621,0.0050739264,0.0
SRR6781791,0.0018980558,0.98295534,0.003079863,0.0033205585,0.0017705733,0.0011426249,0.0058330595,0.0
SRR944460,0.007880794,0.008011312,0.94062275,0.006659643,0.00959247,6.174819e-05,0.0271712,0.0
ERR1310676,0.0062595643,0.003943481,0.00076155,0.01145263,0.0012000012,0.971006,0.005376856,0.0
SRR6411688,0.00023249217,0.0012636556,0.0016915769,0.99297374,0.0007334093,0.0019684497,0.0011367309,0.0
ERR1960741,0.00023252208,0.0012638945,0.001691935,0.9929736,0.00073323137,0.0019685996,0.0011361367,0.0
SRR995945,0.0002323735,0.001264163,0.0016921443,0.9929743,0.0007330533,0.0019682439,0.0011356913,0.0
SRR2761253,0.00018687003,0.0010608217,0.002563655,0.9862043,0.0010100192,0.007879766,0.0010945712,0.0
SRR3362206,0.00023249228,0.001263924,0.0016918752,0.9929738,0.00073326094,0.0019683612,0.001136196,0.0
ERR1523593,0.007698081,0.0036575198,0.00072674744,0.009291665,0.0012564972,0.9723412,0.005028361,0.0
ERR675223,0.0076967487,0.003654891,0.0007271589,0.009294905,0.0012554453,0.9723435,0.005027229,0.0
SRR1426397,0.007696748,0.0036549785,0.0007271295,0.009294904,0.0012554452,0.97234356,0.005027228,0.0
SRR2010385,0.0002323735,0.001264163,0.0016921443,0.9929743,0.0007330533,0.0019682439,0.0011356913,0.0
SRR5001989,0.0018979969,0.9829554,0.0030798924,0.0033205585,0.0017705733,0.0011426249,0.0058330004,0.0
SRR5180609,0.0018980558,0.98295534,0.003079863,0.0033205585,0.0017705733,0.0011426249,0.0058330595,0.0
ERR979077,0.0050000935,0.0036334568,0.009096714,0.0050869165,0.00084149075,0.00088847405,0.97545284,0.0
ERR2738886,0.00024194532,0.0012244782,0.0016324096,0.99291366,0.00077202416,0.001979996,0.001235423,0.0
ERR1313351,0.00023341109,0.0012597417,0.0016859616,0.9929665,0.00073732564,0.0019710998,0.0011459066,0.0
SRR5586624,0.0050000935,0.0036334568,0.009096714,0.0050869165,0.00084149075,0.00088847405,0.97545284,0.0
SRR7902167,0.0012142956,0.3338362,0.10271329,0.0001257956,0.005829543,0.00019776821,0.24784416,0.30823898
ERR1522301,0.00375399,0.3545158,0.0005028248,0.0031057596,0.0019240379,0.48766395,0.0076794326,0.14085424
SRR5740186,0.0018980558,0.98295534,0.003079863,0.0033205585,0.0017705733,0.0011426249,0.0058330595,0.0
SRR6265508,0.0002323735,0.001264163,0.0016921443,0.99297434,0.0007330533,0.0019682439,0.0011356913,0.0
ERR1103209,0.0018980558,0.98295534,0.003079863,0.0033205585,0.0017705733,0.0011426249,0.0058330595,0.0
SRR6457390,0.0018980558,0.98295534,0.003079863,0.0033205585,0.0017705733,0.0011426249,0.0058330595,0.0
SRR6038466,0.0002323735,0.001264163,0.0016921443,0.9929743,0.0007330533,0.0019682439,0.0011356913,0.0
SRR5687867,0.0002324627,0.0012640735,0.0016920846,0.9929742,0.00073308294,0.0019682436,0.0011357804,0.0
ERR441513,0.00023246273,0.0012641035,0.0016920848,0.99297434,0.0007330533,0.0019682439,0.0011356913,0.0
ERR539431,0.007879335,0.007841948,0.9407302,0.006737949,0.009433328,6.168039e-05,0.027315583,0.0
ERR1385044,0.00023898583,0.0012345767,0.0016608549,0.99289364,0.0007645167,0.0020064102,0.0012009968,0.0
ERR1263716,0.006981691,0.0037988923,0.0007309337,0.010753689,0.0012661412,0.9708537,0.0056149475,0.0
ERR1624657,0.00023344056,0.0012597105,0.001685216,0.9929694,0.00073711656,0.0019687475,0.0011464109,0.0
SRR5983379,0.00027701678,0.0011970433,0.0019163227,0.99080914,0.0010720897,0.0036237745,0.0011046448,0.0
SRR6264714,0.00023252208,0.001263954,0.0016919053,0.99297404,0.00073320157,0.001968332,0.0011360177,0.0
ERR531994,0.0002486834,0.0011996402,0.001640234,0.9927577,0.0008074033,0.0020609915,0.0012854096,0.0
ERR1811233,0.0002327592,0.0012627892,0.0016904118,0.9929724,0.00073424,0.00196889,0.0011385716,0.0
SRR6239864,0.0002332649,0.0012594282,0.001693565,0.99295104,0.00073786906,0.0019837331,0.0011411597,0.0
SRR2831420,0.0018980558,0.98295534,0.003079863,0.0033205585,0.0017705733,0.0011426249,0.0058330595,0.0
ERR1897203,0.0018980558,0.98295534,0.003079863,0.0033205585,0.0017705733,0.0011426249,0.0058330595,0.0
SRR1770658,0.007879335,0.007841948,0.9407302,0.006737949,0.009433328,6.168039e-05,0.027315583,0.0
ERR1896797,0.0027247202,0.10894578,0.0004057424,0.0033313357,0.004543089,0.8731918,0.0068576597,0.0
SRR8610102,0.0001282692,0.0037524402,0.0036408603,0.8243793,0.0008402765,0.09554669,0.0013934672,0.0703187
SRR8608572,0.0050000935,0.0036334568,0.009096714,0.0050869165,0.00084149075,0.00088847405,0.97545284,0.0
SRR5180847,0.0018980558,0.98295534,0.003079863,0.0033205585,0.0017705733,0.0011426249,0.0058330595,0.0
SRR7479553,0.0018980558,0.98295534,0.003079863,0.0033205585,0.0017705733,0.0011426249,0.0058330595,0.0
ERR1314493,0.00023320357,0.0012606081,0.0016873647,0.9929684,0.000736376,0.0019703025,0.0011437683,0.0
SRR8610820,0.004997831,0.0036319888,0.009105109,0.0050796145,0.00084190903,0.00089090824,0.9754526,0.0
ERR498457,0.00023249222,0.0012638641,0.0016917557,0.99297386,0.0007332905,0.0019683014,0.0011363742,0.0
SRR3995667,0.0018980558,0.98295534,0.003079863,0.0033205585,0.0017705733,0.0011426249,0.0058330595,0.0
ERR514697,0.0076967487,0.0036548618,0.0007271589,0.009294963,0.0012554453,0.9723435,0.0050272876,0.0
ERR1690686,0.0050000935,0.0036334568,0.009096714,0.0050869165,0.00084149075,0.00088847405,0.97545284,0.0
SRR6670926,0.007696778,0.0036549496,0.00072721747,0.009294817,0.0012554453,0.9723435,0.0050273165,0.0
SRR8608469,0.0050000935,0.0036334568,0.009096714,0.0050869165,0.00084149075,0.00088847405,0.97545284,0.0
SRR2897203,0.0076972777,0.0036550676,0.0007271591,0.0092939995,0.0012554455,0.9723435,0.0050275815,0.0
SRR5180078,0.0018980558,0.98295534,0.003079863,0.0033205585,0.0017705733,0.0011426249,0.0058330595,0.0
SRR5647923,0.0018980558,0.98295534,0.003079863,0.0033205585,0.0017705733,0.0011426249,0.0058330595,0.0
SRR3931541,0.00023246265,0.001264103,0.0016921139,0.99297404,0.00073314225,0.0019683028,0.0011357801,0.0
SRR951973,0.007879335,0.007841948,0.9407302,0.006737949,0.009433328,6.168039e-05,0.027315583,0.0
ERR1971238,0.00023545985,0.0012492817,0.0016836153,0.9929204,0.0007488254,0.0019998918,0.0011624864,0.0
ERR1263356,0.007699051,0.0036552956,0.00072730426,0.009293573,0.0012556777,0.9723396,0.005029418,0.0
SRR8609530,0.0050000935,0.0036334568,0.009096714,0.0050869165,0.00084149075,0.00088847405,0.97545284,0.0
SRR1704703,0.0015153289,0.004700899,0.010945618,0.066870004,0.027816385,0.03773269,0.20846304,0.64195603
SRR6411846,0.0002323735,0.001264163,0.0016921443,0.9929743,0.0007330533,0.0019682439,0.0011356913,0.0
ERR441236,0.00023243295,0.0012641033,0.0016920548,0.9929743,0.0007331127,0.0019682436,0.0011357804,0.0
ERR309045,0.00770976,0.0036601678,0.0007272419,0.009280404,0.0012586294,0.97231865,0.00504512,0.0
ERR2002060,0.00023246265,0.0012640435,0.0016919057,0.9929741,0.00073320174,0.0019682432,0.0011359883,0.0
ERR1716710,0.0018980558,0.98295534,0.003079863,0.0033205585,0.0017705733,0.0011426249,0.0058330595,0.0
ERR1897338,0.0018980558,0.98295534,0.003079863,0.0033205585,0.0017705733,0.0011426249,0.0058330595,0.0
ERR308972,0.0077173607,0.0036664875,0.0007276799,0.009272215,0.0012582169,0.97229815,0.0050599016,0.0
SRR1957367,0.0011295675,0.94801605,0.0047619934,0.007557898,0.002092838,0.0013888477,0.004203766,0.030848976
SRR2658272,0.00023498164,0.001253047,0.0016750026,0.9929624,0.00074313686,0.001969027,0.0011624155,0.0
ERR2854480,0.007716079,0.003722724,0.000722004,0.009212807,0.0012740144,0.9722812,0.0050711324,0.0
SRR6932335,0.0002323735,0.001264163,0.0016921443,0.9929743,0.0007330533,0.0019682439,0.0011356913,0.0
ERR1823602,0.000234658,0.0012538393,0.0016828807,0.99293816,0.0007448138,0.0019889264,0.0011566328,0.0
ERR2495193,0.0050001238,0.0036334274,0.0090967445,0.005086917,0.0008414019,0.0008884149,0.97545296,0.0
SRR6386288,0.0002324922,0.001263864,0.0016916961,0.99297386,0.0007333499,0.0019682415,0.0011364336,0.0
ERR1905800,0.0050000935,0.0036334568,0.009096714,0.0050869165,0.00084149075,0.00088847405,0.97545284,0.0
ERR866770,0.00023646523,0.0012449671,0.001673698,0.9929258,0.0007518405,0.0019911563,0.0011760205,0.0
SRR7901938,0.0050000935,0.0036334568,0.009096714,0.0050869165,0.00084149075,0.00088847405,0.97545284,0.0
ERR719886,0.00023702887,0.0012426096,0.0016698207,0.9929166,0.00075537525,0.0019966464,0.001181932,0.0
SRR5688034,0.0002325222,0.0012641033,0.0016920846,0.9929742,0.00073308294,0.0019682436,0.0011357209,0.0
ERR719960,0.00023382653,0.00125697,0.0016853892,0.9929547,0.00074008876,0.0019789143,0.001150066,0.0
SRR7453849,0.00023252214,0.0012641328,0.0016920544,0.99297404,0.00073314225,0.0019682432,0.0011358396,0.0
ERR1582278,0.0018980558,0.98295534,0.003079863,0.0033205585,0.0017705733,0.0011426249,0.0058330595,0.0
DRR088606,0.0018980558,0.98295534,0.003079863,0.0033205585,0.0017705733,0.0011426249,0.0058330595,0.0
ERR2835917,0.007713328,0.0037077304,0.0007212665,0.00922384,0.0012730971,0.97232157,0.005039083,0.0
SRR3062943,0.007879335,0.007841948,0.9407302,0.006737949,0.009433328,6.168039e-05,0.027315583,0.0
SRR6931289,0.00023272925,0.001262699,0.0016900534,0.9929727,0.00073429884,0.001968442,0.0011390764,0.0
SRR943518,0.007879335,0.007841948,0.9407302,0.006737949,0.009433328,6.168039e-05,0.027315583,0.0
SRR1491771,0.0018980558,0.98295534,0.003079863,0.0033205585,0.0017705733,0.0011426249,0.0058330595,0.0
SRR7901971,0.0012142956,0.3338362,0.10271329,0.0001257956,0.005829543,0.00019776821,0.24784416,0.30823898
SRR4414667,0.007879335,0.007841948,0.9407302,0.006737949,0.009433328,6.168039e-05,0.027315583,0.0
ERR1854503,0.007696836,0.0036550078,0.00072715885,0.009294845,0.0012554744,0.97234327,0.005027492,0.0
SRR5178817,0.0018980558,0.98295534,0.003079863,0.0033205585,0.0017705733,0.0011426249,0.0058330595,0.0
SRR1660445,0.0002324627,0.0012641033,0.0016921143,0.99297416,0.0007331722,0.0019682436,0.0011357209,0.0
SRR6414338,0.00024193045,0.0012282715,0.0016836979,0.99282014,0.00077510544,0.0020411804,0.001209682,0.0
ERR1522842,0.0037542582,0.35451108,0.0005028248,0.0031053722,0.0019241273,0.4876989,0.0076802373,0.14082319
ERR1582297,0.0015494364,0.88024557,0.0068362523,0.0006064316,0.004899948,0.0009922087,0.1048702,0.0
ERR1522119,0.007696748,0.0036548614,0.00072715885,0.009295021,0.0012554452,0.97234356,0.0050272867,0.0
SRR6444763,0.00024396836,0.0012153806,0.0016430316,0.99282336,0.000788949,0.0020381454,0.0012471444,0.0
SRR2980436,0.00053512264,0.0013372448,0.0018414028,0.9894287,0.0013686233,0.0021505756,0.0033383504,0.0
ERR1522059,0.0037986934,0.35080895,0.0005081594,0.0030311942,0.0019652843,0.50293565,0.007838517,0.12911355
ERR1256421,0.00087224797,0.0012675991,0.004540206,0.25156167,0.004007348,0.73696005,0.00079083163,0.0
ERR328005,0.007651168,0.0036439782,0.00075664266,0.010974773,0.0014161867,0.9697951,0.0057621384,0.0
SRR5178555,0.0018980558,0.98295534,0.003079863,0.0033205585,0.0017705733,0.0011426249,0.0058330595,0.0
SRR3098347,0.0018980558,0.98295534,0.003079863,0.0033205585,0.0017705733,0.0011426249,0.0058330595,0.0
SRR943569,0.007879335,0.007841948,0.9407302,0.006737949,0.009433328,6.168039e-05,0.027315583,0.0
SRR6408758,0.00023269978,0.0012627302,0.0016910371,0.99297035,0.000734389,0.0019703482,0.0011384531,0.0
ERR1548964,0.0020276308,0.0016404688,0.011397779,0.30175143,0.1270464,0.012490064,0.23431653,0.3093297
ERR1533582,0.00769931,0.0036593939,0.0007266595,0.0092878565,0.0012570828,0.9723404,0.005029239,0.0
ERR1383630,0.00026026324,0.0011708278,0.0016473724,0.9925289,0.0008653634,0.002168999,0.0013582933,0.0
ERR451482,0.0002323735,0.001264163,0.0016921443,0.9929743,0.0007330533,0.0019682439,0.0011356913,0.0
SRR6746040,0.0018980558,0.98295534,0.003079863,0.0033205585,0.0017705733,0.0011426249,0.0058330595,0.0
SRR6408675,0.0002325222,0.0012641033,0.0016920846,0.9929742,0.00073308294,0.0019682436,0.0011357804,0.0
DRR047781,0.00023373721,0.0012584568,0.0016843475,0.9929654,0.0007383038,0.0019707931,0.0011490245,0.0
SRR5902526,0.0018980558,0.98295534,0.003079863,0.0033205585,0.0017705733,0.0011426249,0.0058330595,0.0
ERR209352,0.00014328957,0.003446281,0.003295362,0.85647595,0.00101161,0.084424615,0.0017559826,0.04944694
SRR6264637,0.00023261091,0.001263446,0.0016913074,0.99297255,0.00073382497,0.0019690127,0.0011372651,0.0
ERR2716336,0.807578,0.014721244,0.046913885,0.0077633285,0.0006920152,0.05161086,0.07072067,0.0
ERR1384422,0.00023320346,0.0012603397,0.0016870367,0.99296856,0.00073652435,0.0019702122,0.0011441545,0.0
ERR2738966,0.00023249222,0.0012638046,0.0016916962,0.9929739,0.00073335,0.0019682418,0.0011364039,0.0
SRR951966,0.007879335,0.007841948,0.9407302,0.006737949,0.009433328,6.168039e-05,0.027315583,0.0
SRR5467727,0.00023246265,0.0012641328,0.0016920544,0.99297404,0.00073314225,0.0019683028,0.0011358991,0.0
ERR1583121,0.0018980558,0.98295534,0.003079863,0.0033205585,0.0017705733,0.0011426249,0.0058330595,0.0
SRR1980911,0.0018980558,0.98295534,0.003079863,0.0033205585,0.0017705733,0.0011426249,0.0058330595,0.0
ERR719664,0.00023617198,0.0012462385,0.0016808663,0.9929097,0.0007525082,0.0020056176,0.0011689026,0.0
SRR5450610,0.8074119,0.015232573,0.04679046,0.0076447427,0.0006945175,0.051257856,0.07096804,0.0
SRR6393985,0.0002324627,0.0012640735,0.0016922333,0.99297345,0.0007331722,0.0019687791,0.0011357506,0.0
ERR1297919,0.0050000935,0.0036334568,0.009096714,0.0050869165,0.00084149075,0.00088847405,0.97545284,0.0
SRR3109999,0.0018980558,0.98295534,0.003079863,0.0033205585,0.0017705733,0.0011426249,0.0058330595,0.0
SRR5915925,0.0018980558,0.98295534,0.003079863,0.0033205585,0.0017705733,0.0011426249,0.0058330595,0.0
SRR2849393,0.007606089,0.047167063,0.72545606,0.0007774532,0.0012075007,0.00013956428,0.21499434,0.0026519299
ERR3610821,0.00196402,0.0064297537,0.0009925588,0.031108918,0.00085371546,0.9515391,0.00711186,0.0
ERR1263357,0.0077017914,0.0036558167,0.0007272445,0.009292328,0.001256027,0.9723343,0.0050324555,0.0
SRR6745961,0.0018980558,0.98295534,0.003079863,0.0033205585,0.0017705733,0.0011426249,0.0058330595,0.0
SRR3951228,0.00023471551,0.0012535908,0.0016799218,0.9929492,0.00074335,0.001979332,0.0011599247,0.0
SRR3096018,0.0018980558,0.98295534,0.003079863,0.0033205585,0.0017705733,0.0011426249,0.0058330595,0.0
DRR047465,0.00023314497,0.0012607021,0.0016901671,0.99296355,0.0007362598,0.0019744148,0.0011418095,0.0
ERR441213,0.00023243298,0.0012641035,0.0016920848,0.9929743,0.0007331128,0.0019682439,0.001135721,0.0
ERR542842,0.007879335,0.007841948,0.9407302,0.006737949,0.009433328,6.168039e-05,0.027315583,0.0
SRR2923061,0.0012188852,0.007150829,0.72503626,0.0043179393,0.006816566,8.2591665e-05,0.06532964,0.19004726
SRR3191070,0.00023498197,0.0012525432,0.0016768195,0.9929546,0.00074388157,0.0019750681,0.0011621197,0.0
SRR1631384,0.0002323735,0.001264163,0.0016921443,0.9929743,0.0007330533,0.0019682439,0.0011356913,0.0
ERR1256860,0.0076957005,0.0036550697,0.0007272181,0.009296084,0.0012553877,0.972343,0.005027526,0.0
ERR1310444,0.00023435969,0.0012551434,0.0016810303,0.99295664,0.0007415094,0.0019756232,0.0011556172,0.0
SRR8605500,0.0050000935,0.0036334568,0.009096714,0.0050869165,0.00084149075,0.00088847405,0.97545284,0.0
SRR5178953,0.0018980558,0.98295534,0.003079863,0.0033205585,0.0017705733,0.0011426249,0.0058330595,0.0
SRR765700,0.007879335,0.007841948,0.9407302,0.006737949,0.009433328,6.168039e-05,0.027315583,0.0
SRR6394080,0.00023246265,0.001264103,0.0016921139,0.992974,0.000733172,0.0019683326,0.0011358396,0.0
SRR5178117,0.00023243295,0.0012640439,0.0016921143,0.9929741,0.0007331424,0.0019683924,0.0011357804,0.0
ERR1689907,0.0050000935,0.0036334568,0.009096714,0.0050869165,0.00084149075,0.00088847405,0.97545284,0.0
ERR1297826,0.00023922056,0.0012340248,0.0016538133,0.99291265,0.00076304906,0.0019913036,0.0012059774,0.0
SRR6408925,0.00023246265,0.001264103,0.0016920544,0.99297404,0.0007331125,0.0019683028,0.0011358396,0.0
DRR048078,0.00023284812,0.0012618953,0.0016906476,0.9929674,0.0007351611,0.0019722187,0.0011397898,0.0
SRR6038240,0.00023246265,0.0012640733,0.0016920841,0.9929741,0.0007331125,0.0019683028,0.0011359288,0.0
SRR6299060,0.00023409916,0.0012592869,0.0016899758,0.9929282,0.0007444472,0.001999183,0.0011448847,0.0
ERR1256915,0.0024031112,0.0024855381,0.0017061398,0.06692584,0.0023056504,0.9208428,0.003330976,0.0
SRR1631048,0.0002323735,0.001264163,0.0016921443,0.9929743,0.0007330533,0.0019682439,0.0011356913,0.0
ERR209766,0.00023255155,0.0012635955,0.0016914273,0.9929735,0.00073352794,0.0019685081,0.0011368791,0.0
SRR5942103,0.001129465,0.0045383614,0.0022761961,0.12052916,0.0069951233,0.86327916,0.0012525908,0.0
ERR2233290,0.0018980558,0.98295534,0.003079863,0.0033205585,0.0017705733,0.0011426249,0.0058330595,0.0
ERR1551333,0.0009521842,0.007165551,0.6688295,0.0043007135,0.006640017,8.719426e-05,0.06874621,0.24327862
SRR6239884,0.0002325222,0.0012641033,0.0016920846,0.9929742,0.00073308294,0.0019682436,0.0011357804,0.0
ERR1310261,0.0002479183,0.0012025347,0.0016446596,0.9927408,0.0008097495,0.0020810445,0.0012733174,0.0
SRR831151,0.0018980558,0.98295534,0.003079863,0.0033205585,0.0017705733,0.0011426249,0.0058330595,0.0
ERR1896660,0.0018980558,0.98295534,0.003079863,0.0033205585,0.0017705733,0.0011426249,0.0058330595,0.0
ERR006732,0.0002323735,0.001264163,0.0016921443,0.9929743,0.0007330533,0.0019682439,0.0011356913,0.0
SRR6264140,0.0002323735,0.001264163,0.0016921443,0.9929743,0.0007330533,0.0019682439,0.0011356913,0.0
ERR1678267,0.0050000935,0.0036334568,0.009096714,0.0050869165,0.00084149075,0.00088847405,0.97545284,0.0
SRR5431432,0.00023249228,0.0012639537,0.0016919049,0.9929739,0.00073326094,0.0019683018,0.0011361663,0.0
ERR2729921,0.80744255,0.015139752,0.046812646,0.0076657003,0.00069414126,0.051320706,0.07092446,0.0
SRR5178730,0.0018980558,0.98295534,0.003079863,0.0033205585,0.0017705733,0.0011426249,0.0058330595,0.0
SRR1585375,0.0009600459,0.001026493,0.0031375375,0.53683513,0.004248344,0.45319492,0.0005975466,0.0
SRR5165997,0.0002478458,0.0012023526,0.0016103436,0.9928135,0.00080444315,0.002027762,0.0012936814,0.0
ERR1593333,0.007879335,0.007841948,0.9407302,0.006737949,0.009433328,6.168039e-05,0.027315583,0.0
SRR5180539,0.0018980558,0.98295534,0.003079863,0.0033205585,0.0017705733,0.0011426249,0.0058330595,0.0
SRR2086952,0.00023237347,0.0012641033,0.0016921441,0.9929742,0.0007330532,0.0019682436,0.00113581,0.0
DRR050824,0.00023237347,0.0012641628,0.0016921441,0.9929742,0.0007330532,0.0019682436,0.00113581,0.0
SRR3884295,0.0018980558,0.98295534,0.003079863,0.0033205585,0.0017705733,0.0011426249,0.0058330595,0.0
ERR867179,0.00024836147,0.0012404688,0.0016884059,0.992597,0.0008373908,0.0021849207,0.0012034035,0.0
SRR1426908,0.007696923,0.0036550951,0.00072715874,0.009294522,0.0012555328,0.9723433,0.005027491,0.0
ERR658187,0.0018980558,0.98295534,0.003079863,0.0033205585,0.0017705733,0.0011426249,0.0058330595,0.0
SRR597306,0.007879335,0.007841948,0.9407302,0.006737949,0.009433328,6.168039e-05,0.027315583,0.0
ERR531853,0.00024293,0.0012185461,0.001651674,0.9928394,0.0007819978,0.0020291256,0.0012363316,0.0
SRR6028201,0.00025509583,0.001182279,0.0016248754,0.99263066,0.0008461758,0.0021259969,0.0013349261,0.0
ERR1548635,0.0025429153,0.037591342,0.078646705,0.035610422,0.8053833,0.0066043963,0.03362083,0.0
ERR520789,0.0002473858,0.0012250906,0.0016695639,0.9926615,0.00082356826,0.0021427707,0.0012301174,0.0
ERR1523178,0.007696748,0.0036548614,0.00072715885,0.009295021,0.0012554452,0.97234356,0.0050272867,0.0
ERR1582856,0.0018980558,0.98295534,0.003079863,0.0033205585,0.0017705733,0.0011426249,0.0058330595,0.0
SRR1426482,0.00769919,0.0036552628,0.0007271571,0.00929374,0.0012559401,0.9723387,0.0050300574,0.0
ERR2247316,0.0002393085,0.001234732,0.0016495512,0.9929282,0.0007613496,0.001979515,0.0012072201,0.0
SRR7454013,0.00023246263,0.0012640434,0.0016920245,0.99297404,0.0007332017,0.0019683025,0.0011359287,0.0
ERR1689615,0.0050000935,0.0036334568,0.009096714,0.0050869165,0.00084149075,0.00088847405,0.97545284,0.0
ERR209621,0.00023475285,0.0012532447,0.0016953248,0.9929115,0.0007465569,0.002010986,0.0011476475,0.0
ERR1913102,0.0018980558,0.98295534,0.003079863,0.0033205585,0.0017705733,0.0011426249,0.0058330595,0.0
SRR5915854,0.0018980558,0.98295534,0.003079863,0.0033205585,0.0017705733,0.0011426249,0.0058330595,0.0
SRR5180715,0.0018980558,0.98295534,0.003079863,0.0033205585,0.0017705733,0.0011426249,0.0058330595,0.0
ERR957007,0.0076967184,0.0036549785,0.00072715885,0.009295021,0.0012555037,0.97234344,0.005027228,0.0
ERR538766,0.007879335,0.007841948,0.9407302,0.006737949,0.009433328,6.168039e-05,0.027315583,0.0
ERR539244,0.007879335,0.007841948,0.9407302,0.006737949,0.009433328,6.168039e-05,0.027315583,0.0
ERR1522910,0.007696748,0.0036548614,0.00072715885,0.009295021,0.0012554452,0.97234356,0.0050272867,0.0
ERR2523266,0.0050000935,0.0036334568,0.009096714,0.0050869165,0.00084149075,0.00088847405,0.97545284,0.0
ERR1428822,0.0050000935,0.0036334568,0.009096714,0.0050869165,0.00084149075,0.00088847405,0.97545284,0.0
SRR6411586,0.0002324627,0.0012641033,0.0016920846,0.9929742,0.0007330532,0.0019682436,0.0011357804,0.0
SRR388080,0.0002323735,0.001264163,0.0016921443,0.9929743,0.0007330533,0.0019682439,0.0011356913,0.0
SRR387938,0.000233978,0.0012560925,0.0016947789,0.9929354,0.00074131705,0.0019931262,0.0011452311,0.0
ERR1677185,0.0151718175,0.0011986094,0.007720684,0.046513654,0.009994642,0.000855438,0.9185451,0.0
SRR1660146,0.00024138839,0.0012252037,0.0016588165,0.99286157,0.0007737753,0.0020187874,0.0012204449,0.0
SRR8608337,0.0050000935,0.0036334568,0.009096714,0.0050869165,0.00084149075,0.00088847405,0.97545284,0.0
SRR1770897,0.007879335,0.007841948,0.9407302,0.006737949,0.009433328,6.168039e-05,0.027315583,0.0
SRR3822729,0.0018980558,0.98295534,0.003079863,0.0033205585,0.0017705733,0.0011426249,0.0058330595,0.0
SRR6764624,0.0050000935,0.0036334568,0.009096714,0.0050869165,0.00084149075,0.00088847405,0.97545284,0.0
ERR1313363,0.00026214935,0.0011975472,0.0016525759,0.99238926,0.0009084215,0.002265269,0.0013247554,0.0
SRR8605753,0.0050000935,0.0036334568,0.009096714,0.0050869165,0.00084149075,0.00088847405,0.97545284,0.0
SRR6412180,0.0002324329,0.0012641328,0.001691995,0.9929741,0.00073314225,0.0019683326,0.0011358693,0.0
ERR756686,0.0077585666,0.003535449,0.0007385346,0.009969075,0.0012952175,0.971588,0.0051150406,0.0
DRR043723,0.00023370808,0.0012579247,0.0016871778,0.99295753,0.00073893036,0.001976807,0.0011479269,0.0
SRR2168020,0.0018980558,0.98295534,0.003079863,0.0033205585,0.0017705733,0.0011426249,0.0058330595,0.0
SRR6414022,0.0002323735,0.001264163,0.0016921443,0.9929743,0.0007330533,0.0019682439,0.0011356913,0.0
DRR050796,0.000232701,0.001262945,0.0016938717,0.9929662,0.0007342738,0.001974255,0.001135782,0.0
SRR7221453,0.0018980558,0.98295534,0.003079863,0.0033205585,0.0017705733,0.0011426249,0.0058330595,0.0
ERR2784828,0.00023487244,0.0012530695,0.001696757,0.9929081,0.0007468265,0.002013579,0.0011466987,0.0
SRR028745,0.00041703047,0.9636245,0.001247079,0.029615812,0.0017427767,0.0019208472,0.0014319735,0.0
ERR1314239,0.00023344067,0.0012596218,0.001685663,0.99296683,0.0007373846,0.0019706818,0.0011464114,0.0
SRR1706198,0.00023642479,0.0012508978,0.0017162513,0.99288,0.0007491049,0.0020324858,0.0011348568,0.0
ERR1310876,0.0002367306,0.0012451035,0.0016663645,0.99294174,0.0007511192,0.001978793,0.0011800539,0.0
SRR7584226,0.0076997248,0.003657492,0.0007264549,0.009301949,0.0012584894,0.97233254,0.0050232965,0.0
ERR1689939,0.0050000935,0.0036334568,0.009096714,0.0050869165,0.00084149075,0.00088847405,0.97545284,0.0
ERR1521919,0.007696748,0.0036548907,0.0007271295,0.00929505,0.001255533,0.97234344,0.005027228,0.0
ERR1897677,0.0018980558,0.98295534,0.003079863,0.0033205585,0.0017705733,0.0011426249,0.0058330595,0.0
SRR6364988,0.00023243295,0.0012641033,0.0016920846,0.9929742,0.0007331127,0.0019682436,0.0011357804,0.0
SRR5210826,0.007696748,0.0036548907,0.00072715885,0.009294904,0.0012554452,0.97234356,0.005027228,0.0
SRR3633197,0.0018980558,0.98295534,0.003079863,0.0033205585,0.0017705733,0.0011426249,0.0058330595,0.0
ERR526016,0.00023732279,0.0012426208,0.0016611108,0.99294305,0.0007532225,0.0019755284,0.0011871493,0.0
ERR1256027,0.0076970006,0.0036545927,0.0007271578,0.00929738,0.0012556777,0.9723392,0.0050289785,0.0
ERR3005995,0.00023383215,0.0012577439,0.0016953351,0.99293023,0.00074189133,0.001999903,0.0011410211,0.0
ERR1385060,0.00023662142,0.0012411098,0.0016942748,0.99283546,0.0007609959,0.002066801,0.0011647544,0.0
SRR5467817,0.00023317679,0.0012604754,0.0016963991,0.99295163,0.0007369505,0.0019836538,0.0011377445,0.0
ERR1971181,0.00024826432,0.0012063737,0.0016855324,0.99267596,0.0008127556,0.0021292674,0.0012418868,0.0
ERR1690332,0.0050000935,0.0036334568,0.009096714,0.0050869165,0.00084149075,0.00088847405,0.97545284,0.0
ERR1256166,0.00041270256,0.0028157532,0.003580451,0.5981327,0.0016534925,0.28748775,0.00068295,0.105234206
DRR075447,0.0018980558,0.98295534,0.003079863,0.0033205585,0.0017705733,0.0011426249,0.0058330595,0.0
ERR1384276,0.00023329447,0.001259576,0.0016918683,0.99295247,0.000737928,0.0019830775,0.0011418134,0.0
SRR6931821,0.0002323735,0.001264163,0.0016921443,0.9929743,0.0007330533,0.0019682439,0.0011356913,0.0
ERR1582985,0.0018980558,0.98295534,0.003079863,0.0033205585,0.0017705733,0.0011426249,0.0058330595,0.0
SRR1600295,0.0018980558,0.98295534,0.003079863,0.0033205585,0.0017705733,0.0011426249,0.0058330595,0.0
SRR500356,0.0018980558,0.98295534,0.003079863,0.0033205585,0.0017705733,0.0011426249,0.0058330595,0.0
SRR505261,0.00023308511,0.0012610869,0.0016883798,0.99296856,0.00073587196,0.001970634,0.0011424026,0.0
DRR043991,0.00023329264,0.0012598933,0.0016879287,0.9929645,0.0007370001,0.0019727997,0.0011446003,0.0
SRR1145298,0.00023356188,0.0012584142,0.0016945135,0.99294615,0.0007388789,0.0019859304,0.0011425852,0.0
SRR5644004,0.00023332388,0.0012590983,0.0016922823,0.99295187,0.00073804596,0.0019829853,0.0011424066,0.0
ERR1456949,0.007695772,0.00365597,0.00072780234,0.009316333,0.0012561466,0.97230965,0.0050383816,0.0
SRR6745364,0.0018980558,0.98295534,0.003079863,0.0033205585,0.0017705733,0.0011426249,0.0058330595,0.0
SRR3144722,0.0018979969,0.98295534,0.0030798924,0.0033204993,0.0017706323,0.0011426249,0.0058330004,0.0
ERR1384350,0.00023296653,0.0012615054,0.0016890668,0.992969,0.0007354865,0.001970697,0.0011413039,0.0
ERR488034,0.0076967496,0.00365495,0.00072715903,0.009294848,0.0012554454,0.9723436,0.005027288,0.0
ERR1897056,0.0018980558,0.98295534,0.003079863,0.0033205585,0.0017705733,0.0011426249,0.0058330595,0.0
ERR986144,0.0077611003,0.0036330896,0.0007342389,0.009318674,0.0012694316,0.9722275,0.0050560236,0.0
ERR1691578,0.0050000935,0.0036334568,0.009096714,0.0050869165,0.00084149075,0.00088847405,0.97545284,0.0
SRR4415474,0.007879335,0.007841948,0.9407302,0.006737949,0.009433328,6.168039e-05,0.027315583,0.0
ERR1311348,0.00023296918,0.0012638995,0.0016913171,0.99296093,0.0007369822,0.0019759843,0.0011378962,0.0
ERR1314252,0.00024764167,0.0012023083,0.00170821,0.9925434,0.0008198408,0.0022539673,0.0012246157,0.0
ERR2595912,0.006782569,0.0032687779,0.00085707864,0.016666505,0.0016100925,0.96532977,0.005485286,0.0
ERR1582311,0.0018980558,0.98295534,0.003079863,0.0033205585,0.0017705733,0.0011426249,0.0058330595,0.0
SRR1767205,0.007879335,0.007841948,0.9407302,0.006737949,0.009433328,6.168039e-05,0.027315583,0.0
ERR923602,0.0050000935,0.0036334568,0.009096714,0.0050869165,0.00084149075,0.00088847405,0.97545284,0.0
ERR1971191,0.00024492643,0.0012133599,0.0016615143,0.99277097,0.0007955425,0.0020729967,0.0012406334,0.0
ERR2011932,0.0002324921,0.0012637146,0.0016914275,0.99297374,0.00073343876,0.0019683894,0.0011367899,0.0
SRR5178600,0.0018980558,0.98295534,0.003079863,0.0033205585,0.0017705733,0.0011426249,0.0058330595,0.0
SRR5467756,0.00023341143,0.001259446,0.0016877785,0.9929628,0.0007374754,0.0019738688,0.0011452241,0.0
ERR1135687,0.0076981517,0.0036543626,0.0007273344,0.009295605,0.0012559427,0.9723405,0.0050281645,0.0
ERR2570183,0.8053519,0.01981668,0.04583995,0.00678373,0.0007140079,0.048595138,0.07289862,0.0
SRR8605730,0.0050000935,0.0036334568,0.009096714,0.0050869165,0.00084149075,0.00088847405,0.97545284,0.0
DRR047460,0.00023530793,0.0012506924,0.0016760671,0.99294794,0.0007457813,0.0019782404,0.0011659209,0.0
SRR995735,0.0002323735,0.001264163,0.0016921443,0.9929743,0.0007330533,0.0019682439,0.0011356913,0.0
SRR7584873,0.0076967496,0.003654862,0.00072715903,0.009294907,0.0012554454,0.9723436,0.0050272294,0.0
SRR3884084,0.0018980558,0.98295534,0.003079863,0.0033205585,0.0017705733,0.0011426249,0.0058330595,0.0
SRR8609816,0.0050000935,0.0036334568,0.009096714,0.0050869165,0.00084149075,0.00088847405,0.97545284,0.0
ERR1690569,0.0050000935,0.0036334568,0.009096714,0.0050869165,0.00084149075,0.00088847405,0.97545284,0.0
SRR1426090,0.0076974803,0.0036549785,0.0007271295,0.009293937,0.0012557087,0.9723425,0.0050283414,0.0
ERR2011909,0.00023261097,0.0012635059,0.0016912186,0.9929737,0.0007336169,0.0019682993,0.0011370869,0.0
ERR1428286,0.0050000935,0.0036334568,0.009096714,0.0050869165,0.00084149075,0.00088847405,0.97545284,0.0
ERR923745,0.0050000935,0.0036334568,0.009096714,0.0050869165,0.00084149075,0.00088847405,0.97545284,0.0
ERR1533392,0.007704124,0.003668318,0.00072560325,0.009274009,0.0012602137,0.97233546,0.005032331,0.0
ERR3596484,0.00023246273,0.0012641035,0.0016920848,0.99297434,0.0007330533,0.0019682439,0.0011356913,0.0
ERR1905723,0.0050000935,0.0036334568,0.009096714,0.0050869165,0.00084149075,0.00088847405,0.97545284,0.0
ERR1677298,0.0050000935,0.0036334568,0.009096714,0.0050869165,0.00084149075,0.00088847405,0.97545284,0.0
SRR5947861,0.00023252206,0.0012639241,0.0016917861,0.99297404,0.00073329074,0.0019682723,0.0011361366,0.0
ERR1523272,0.007668087,0.0041004694,0.0006900124,0.008802806,0.0013712366,0.9723783,0.004989122,0.0
SRR4125146,0.0076967487,0.0036548618,0.0007271589,0.009294905,0.0012554453,0.9723436,0.0050272876,0.0
ERR2213192,0.0074838568,0.0035971846,0.000730658,0.010555303,0.0013197642,0.9709282,0.0053850305,0.0
SRR500380,0.0018980558,0.98295534,0.003079863,0.0033205585,0.0017705733,0.0011426249,0.0058330595,0.0
SRR996304,0.0002325222,0.0012641033,0.0016920846,0.9929742,0.00073308294,0.0019682436,0.0011357804,0.0
ERR2738801,0.00023281819,0.0012623701,0.0016894266,0.9929727,0.00073465484,0.001968172,0.0011398484,0.0
SRR5177325,0.0018980558,0.98295534,0.003079863,0.0033205585,0.0017705733,0.0011426249,0.0058330595,0.0
ERR309143,0.007701135,0.00365603,0.00072739256,0.009290298,0.0012557956,0.97233814,0.0050313245,0.0
SRR6172333,0.0018980558,0.98295534,0.0030798924,0.00332047,0.0017706323,0.0011426249,0.0058330004,0.0
SRR5902395,0.0018980558,0.98295534,0.003079863,0.0033205585,0.0017705733,0.0011426249,0.0058330595,0.0
ERR2261913,0.00023611968,0.0012484776,0.0016928752,0.9928851,0.0007539589,0.0020265304,0.0011570102,0.0
DRR047581,0.00023252214,0.0012640733,0.0016921139,0.992974,0.0007331125,0.0019683326,0.0011358991,0.0
SRR5570766,0.0018980558,0.98295534,0.003079863,0.0033205585,0.0017705733,0.0011426249,0.0058330595,0.0
ERR719171,0.0002349853,0.0012514306,0.0016877298,0.9929274,0.000745885,0.0019955903,0.0011569903,0.0
ERR1689160,0.0050000935,0.0036334568,0.009096714,0.0050869165,0.00084149075,0.00088847405,0.97545284,0.0
ERR441084,0.00023237347,0.0012641033,0.0016921441,0.9929742,0.0007330532,0.0019682436,0.00113581,0.0
SRR900229,0.0012430549,0.064012766,0.22787291,0.00039342046,0.0012514591,0.00018435717,0.36557886,0.33946317
SRR6413968,0.00023255189,0.001264103,0.0016921734,0.9929739,0.00073314225,0.0019683326,0.0011358098,0.0
DRR042966,0.00023350035,0.00125879,0.0016876275,0.9929603,0.0007380991,0.0019753536,0.0011463232,0.0
ERR500727,0.00023246265,0.0012640435,0.0016920544,0.99297404,0.00073314225,0.0019683621,0.0011358396,0.0
ERR986200,0.0077781477,0.0036375248,0.00073673687,0.009285099,0.001271555,0.97222525,0.0050656297,0.0
ERR1725558,0.0050000935,0.0036334568,0.009096714,0.0050869165,0.00084149075,0.00088847405,0.97545284,0.0
SRR2924515,0.0002587664,0.0011700393,0.0016186432,0.99259454,0.00085774733,0.0021294258,0.0013708494,0.0
ERR1109481,0.00023510124,0.0012515928,0.0016796472,0.99294484,0.0007450127,0.0019814656,0.0011622995,0.0
ERR1256202,0.00093361887,0.0011271503,0.004850442,0.21802862,0.0045945924,0.76957047,0.00089515315,0.0
ERR1689802,0.0050000935,0.0036334568,0.009096714,0.0050869165,0.00084149075,0.00088847405,0.97545284,0.0
ERR1582298,0.0018980558,0.98295534,0.003079863,0.0033205585,0.0017705733,0.0011426249,0.0058330595,0.0
ERR3506626,0.006793984,0.0038514163,0.0007299668,0.011663359,0.0013205659,0.9696194,0.0060212817,0.0
SRR943258,0.007879335,0.007841948,0.9407302,0.006737949,0.009433328,6.168039e-05,0.027315583,0.0
ERR1896989,0.0018980558,0.98295534,0.003079863,0.0033205585,0.0017705733,0.0011426249,0.0058330595,0.0
ERR2624789,0.00023243298,0.0012641035,0.001692174,0.99297416,0.0007330533,0.0019683333,0.0011357508,0.0
ERR1689601,0.0050000935,0.0036334568,0.009096714,0.0050869165,0.00084149075,0.00088847405,0.97545284,0.0
SRR3624307,0.0012142956,0.3338362,0.10271329,0.0001257956,0.005829543,0.00019776821,0.24784416,0.30823898
SRR1145408,0.00023356291,0.0012583305,0.0016948184,0.99294263,0.00073926884,0.0019901034,0.0011413111,0.0
ERR1428880,0.01009677,0.007976282,0.008443917,0.004271436,0.0053290734,0.0033625225,0.96052,0.0
ERR2314525,0.0050000935,0.0036334568,0.009096714,0.0050869165,0.00084149075,0.00088847405,0.97545284,0.0
ERR526007,0.00023910859,0.0012343583,0.0016699827,0.9928708,0.0007663729,0.0020236338,0.0011957214,0.0
ERR756916,0.007696748,0.0036548614,0.00072715885,0.009295021,0.0012554452,0.97234356,0.0050272867,0.0
ERR923528,0.0050000935,0.0036334568,0.009096714,0.0050869165,0.00084149075,0.00088847405,0.97545284,0.0
ERR1314554,0.00023794561,0.0012395182,0.0016594328,0.99292964,0.00075678603,0.001983366,0.0011932675,0.0
SRR4054193,0.0018980558,0.98295534,0.003079863,0.0033205585,0.0017705733,0.0011426249,0.0058330595,0.0
ERR3660993,0.0018980558,0.98295534,0.003079863,0.0033205585,0.0017705733,0.0011426249,0.0058330595,0.0
SRR5176182,0.0018980558,0.98295534,0.003079863,0.0033205585,0.0017705733,0.0011426249,0.0058330595,0.0
ERR442920,0.0002653897,0.5230453,0.0012947322,0.26428762,0.0058060293,0.064472,0.0009772481,0.1398517
DRR044283,0.00023284793,0.0012623107,0.0016897835,0.99297076,0.00073480356,0.00196954,0.0011399079,0.0
SRR3951106,0.0002323735,0.001264163,0.0016921443,0.9929743,0.0007330533,0.0019682439,0.0011356913,0.0
ERR924015,0.0050000935,0.0036334568,0.009096714,0.0050869165,0.00084149075,0.00088847405,0.97545284,0.0
ERR1726018,0.8058021,0.01895661,0.045999754,0.0069228415,0.0007107312,0.049038235,0.072569765,0.0
ERR1897741,0.0037472069,0.21557035,0.0005247886,0.0022186504,0.00300459,0.7655127,0.0094217695,0.0
SRR7556674,0.0077046594,0.0036509442,0.0007259362,0.009318935,0.0012591564,0.9722967,0.005043684,0.0
ERR567236,0.007721881,0.0037119542,0.000729216,0.009200054,0.0012603697,0.9722882,0.0050883144,0.0
SRR5179727,0.0018980558,0.98295534,0.003079863,0.0033205585,0.0017705733,0.0011426249,0.0058330595,0.0
SRR632478,0.0018980558,0.98295534,0.003079863,0.0033205585,0.0017705733,0.0011426249,0.0058330595,0.0
SRR6056054,0.0018980558,0.98295534,0.003079863,0.0033205585,0.0017705733,0.0011426249,0.0058330595,0.0
SRR980700,0.007879335,0.007841948,0.9407302,0.006737949,0.009433328,6.168039e-05,0.027315583,0.0
ERR2495597,0.0050000935,0.0036334568,0.009096714,0.0050869165,0.00084149075,0.00088847405,0.97545284,0.0
SRR2098520,0.0018980558,0.98295534,0.003079863,0.0033205585,0.0017705733,0.0011426249,0.0058330595,0.0
SRR5467757,0.00023475228,0.0012531227,0.0016997529,0.9929139,0.0007450381,0.0020071736,0.001146336,0.0
SRR5595887,0.0018980558,0.98295534,0.003079863,0.0033205585,0.0017705733,0.0011426249,0.0058330595,0.0
ERR525866,0.00023237347,0.0012641628,0.0016921441,0.9929742,0.0007330532,0.0019682436,0.00113581,0.0
ERR560597,0.00023421185,0.0012559514,0.0016819885,0.99295413,0.00074166094,0.0019779508,0.0011540749,0.0
SRR6932253,0.0002323735,0.001264163,0.0016921443,0.9929743,0.0007330533,0.0019682439,0.0011356913,0.0
SRR6931715,0.00014456177,0.00084205985,0.004010042,0.96452665,0.0013340215,0.028230077,0.00091259566,0.0
ERR2216492,0.005996817,0.004486482,0.0009754323,0.020152112,0.0021211463,0.9607919,0.005476107,0.0
ERR501172,0.00023230391,0.0012729112,0.0017721206,0.99238074,0.00076909014,0.0024129795,0.0011598832,0.0
ERR1523270,0.007690471,0.003656556,0.00072692364,0.009306286,0.0012558537,0.9723296,0.0050342223,0.0
ERR500514,0.000232611,0.0012635655,0.001691189,0.99297374,0.0007335575,0.00196824,0.0011371167,0.0
SRR6414158,0.00023373798,0.0012575389,0.0016883687,0.9929535,0.00073940685,0.0019794258,0.0011480467,0.0
SRR2086743,0.00023252203,0.001263924,0.0016918157,0.9929738,0.00073326094,0.0019684208,0.001136196,0.0
SRR7269993,0.00096568465,0.0016824305,0.0026466548,0.6084475,0.003909588,0.36328876,0.0007981658,0.018261254
SRR6056083,0.0018980558,0.98295534,0.003079863,0.0033205585,0.0017705733,0.0011426249,0.0058330595,0.0
ERR2806305,0.00023311454,0.0012611148,0.0016875445,0.99297047,0.00073590066,0.0019688762,0.0011429662,0.0
ERR2003170,0.00023246267,0.0012641032,0.0016920547,0.99297416,0.00073314237,0.0019682434,0.0011358397,0.0
ERR365888,0.00025015027,0.0011973666,0.0016653686,0.9926832,0.0008179626,0.0021100836,0.0012759122,0.0
ERR499902,0.0002349522,0.0012198834,0.0017296456,0.9924426,0.00080970617,0.0023790286,0.0011841602,0.0
ERR1538952,0.0050000935,0.0036334568,0.009096714,0.0050869165,0.00084149075,0.00088847405,0.97545284,0.0
ERR525695,0.0002325222,0.0012641033,0.0016920846,0.9929742,0.00073308294,0.0019682436,0.0011357804,0.0
ERR1690594,0.0050000935,0.0036334568,0.009096714,0.0050869165,0.00084149075,0.00088847405,0.97545284,0.0
ERR498524,0.0002324627,0.0012640439,0.0016919953,0.9929743,0.0007331127,0.0019682436,0.0011358695,0.0
ERR1691157,0.0050000935,0.0036334568,0.009096714,0.0050869165,0.00084149075,0.00088847405,0.97545284,0.0
ERR1691465,0.0050000935,0.0036334568,0.009096714,0.0050869165,0.00084149075,0.00088847405,0.97545284,0.0
SRR803172,0.0018980558,0.98295534,0.003079863,0.0033205585,0.0017705733,0.0011426249,0.0058330595,0.0
DRR043145,0.00023249222,0.0012636262,0.0016919937,0.9929722,0.00073358795,0.00196961,0.0011365229,0.0
ERR2043462,0.007879335,0.007841948,0.9407302,0.006737949,0.009433328,6.168039e-05,0.027315583,0.0
SRR8605213,0.0050000935,0.0036334568,0.009096714,0.0050869165,0.00084149075,0.00088847405,0.97545284,0.0
SRR5155942,0.00023750424,0.0012413575,0.001668181,0.9929071,0.00075822894,0.0020021445,0.0011854689,0.0
SRR1602718,0.0018980558,0.98295534,0.003079863,0.0033205585,0.0017705733,0.0011426249,0.0058330595,0.0
SRR5590642,0.0018980558,0.98295534,0.003079863,0.0033205585,0.0017705733,0.0011426249,0.0058330595,0.0
ERR1255970,0.0076969806,0.003654919,0.00072718796,0.009295048,0.001255562,0.9723428,0.005027608,0.0
DRR044160,0.00024468178,0.0012168658,0.0016572454,0.9928124,0.0007867172,0.0020357333,0.0012463097,0.0
SRR5915648,0.0018980558,0.98295534,0.003079863,0.0033205585,0.0017705733,0.0011426249,0.0058330595,0.0
ERR765593,0.0050000935,0.0036334568,0.009096714,0.0050869165,0.00084149075,0.00088847405,0.97545284,0.0
SRR5260385,0.0018980558,0.98295534,0.003079863,0.0033205585,0.0017705733,0.0011426249,0.0058330595,0.0
SRR6056069,0.0018980558,0.98295534,0.003079863,0.0033205585,0.0017705733,0.0011426249,0.0058330595,0.0
ERR1989793,0.0077073616,0.0036917478,0.00072323694,0.009298401,0.001269809,0.972209,0.0051003816,0.0
SRR1377054,0.0018980558,0.98295534,0.003079863,0.0033205585,0.0017705733,0.0011426249,0.0058330595,0.0
ERR1594096,0.007879335,0.007841948,0.9407302,0.006737949,0.009433328,6.168039e-05,0.027315583,0.0
ERR1533517,0.0076991124,0.0036598952,0.000726543,0.009287044,0.0012571719,0.9723417,0.0050285994,0.0
ERR1522432,0.007696924,0.0036550956,0.00072710024,0.009294494,0.0012555915,0.9723434,0.0050274627,0.0
ERR1690675,0.0050000935,0.0036334568,0.009096714,0.0050869165,0.00084149075,0.00088847405,0.97545284,0.0
DRR060054,0.0018980558,0.98295534,0.003079863,0.0033205585,0.0017705733,0.0011426249,0.0058330595,0.0
SRR3633406,0.0018980558,0.98295534,0.003079863,0.0033205585,0.0017705733,0.0011426249,0.0058330595,0.0
SRR3419434,0.00025580058,0.0011879961,0.0017006382,0.9924534,0.00084773166,0.0022684494,0.0012860813,0.0
ERR3130421,0.0018980558,0.98295534,0.003079863,0.0033205585,0.0017705733,0.0011426249,0.0058330595,0.0
SRR5915759,0.0018980558,0.98295534,0.003079863,0.0033205585,0.0017705733,0.0011426249,0.0058330595,0.0
SRR3223659,0.0018980558,0.98295534,0.003079863,0.0033204993,0.0017705733,0.0011426249,0.0058330595,0.0
ERR1897673,0.0018980558,0.98295534,0.003079863,0.0033205585,0.0017705733,0.0011426249,0.0058330595,0.0
SRR6746071,0.0018980558,0.98295534,0.003079863,0.0033205585,0.0017705733,0.0011426249,0.0058330595,0.0
ERR498723,0.0002324627,0.0012641033,0.0016921143,0.9929742,0.00073308294,0.0019682436,0.00113581,0.0
ERR500825,0.0002323735,0.001264163,0.0016921443,0.9929743,0.0007330533,0.0019682439,0.0011356913,0.0
SRR6367274,0.00023454551,0.0012553019,0.0017036898,0.9929187,0.000742901,0.0020040034,0.0011408698,0.0
ERR765760,0.0050000935,0.0036334568,0.009096714,0.0050869165,0.00084149075,0.00088847405,0.97545284,0.0
SRR8605091,0.0050000935,0.0036334568,0.009096714,0.0050869165,0.00084149075,0.00088847405,0.97545284,0.0
ERR579458,0.00028752227,0.0011640086,0.0018505583,0.9919298,0.00096024165,0.002448802,0.0013590312,0.0
ERR579794,0.00023249217,0.0012636556,0.0016915174,0.99297374,0.0007334688,0.001968509,0.0011367011,0.0
ERR1428684,0.0050000935,0.0036334568,0.009096714,0.0050869165,0.00084149075,0.00088847405,0.97545284,0.0
ERR1533638,0.007698238,0.0036573492,0.0007268656,0.009290682,0.0012562353,0.9723425,0.0050281337,0.0
ERR866523,0.00023255155,0.0012636253,0.0016914571,0.99297374,0.00073352794,0.0019683298,0.0011368493,0.0
ERR1428830,0.0050000935,0.0036334568,0.009096714,0.0050869165,0.00084149075,0.00088847405,0.97545284,0.0
SRR1129829,0.007879335,0.007841948,0.9407302,0.006737949,0.009433328,6.168039e-05,0.027315583,0.0
SRR6457226,0.0018980558,0.98295534,0.003079863,0.0033205585,0.0017705733,0.0011426249,0.0058330595,0.0
ERR1533331,0.0077012302,0.003664367,0.00072598463,0.009280987,0.001258926,0.97233826,0.0050302856,0.0
ERR2495294,0.0050000935,0.0036334568,0.009096714,0.0050869165,0.00084149075,0.00088847405,0.97545284,0.0
SRR1980884,0.0018980558,0.98295534,0.003079863,0.0033205585,0.0017705733,0.0011426249,0.0058330595,0.0
SRR5312637,0.0018980558,0.98295534,0.003079863,0.0033205585,0.0017705733,0.0011426249,0.0058330595,0.0
SRR5915364,0.0018980558,0.98295534,0.003079863,0.0033205585,0.0017705733,0.0011426249,0.0058330595,0.0
SRR1747567,0.0018980558,0.98295534,0.003079863,0.0033205585,0.0017705733,0.0011426249,0.0058330595,0.0
ERR1511985,0.007119381,0.003676979,0.0007235586,0.011023997,0.0012969994,0.97053605,0.0056230347,0.0
SRR5179933,0.0018980558,0.98295534,0.003079863,0.0033205585,0.0017705733,0.0011426249,0.0058330595,0.0
SRR3624618,0.0018980558,0.98295534,0.003079863,0.0033205585,0.0017705733,0.0011426249,0.0058330595,0.0
SRR5687899,0.0002324627,0.0012641033,0.0016921143,0.99297416,0.0007330532,0.0019682436,0.0011357804,0.0
SRR6412166,0.00023264046,0.0012631178,0.0016908003,0.992973,0.00073391356,0.001968565,0.0011379186,0.0
SRR7902318,0.0012142956,0.3338362,0.10271329,0.0001257956,0.005829543,0.00019776821,0.24784416,0.30823898
ERR2495415,0.0050000935,0.0036334568,0.009096714,0.0050869165,0.00084149075,0.00088847405,0.97545284,0.0
ERR441256,0.00023246265,0.0012639543,0.0016919355,0.99297416,0.000733172,0.0019682432,0.0011360181,0.0
SRR3951181,0.00023290711,0.0012615356,0.0016893649,0.99296886,0.00073542725,0.0019707868,0.0011410961,0.0
SRR5467677,0.0002324329,0.0012638948,0.0016919652,0.9929736,0.00073329103,0.0019686597,0.0011360776,0.0
SRR8611352,0.0050000935,0.0036334568,0.009096714,0.0050869165,0.00084149075,0.00088847405,0.97545284,0.0
SRR831157,0.0018980558,0.98295534,0.003079863,0.0033205585,0.0017705733,0.0011426249,0.0058330595,0.0
SRR6408801,0.00023275914,0.0012628485,0.0016902329,0.9929728,0.0007342101,0.0019684432,0.0011386607,0.0
ERR1298109,0.0050000935,0.0036334568,0.009096714,0.0050869165,0.00084149075,0.00088847405,0.97545284,0.0
ERR1522930,0.007745771,0.003707079,0.00071995455,0.009242555,0.0012805602,0.9721903,0.005113748,0.0
ERR1313864,0.00023397453,0.0012567282,0.0016836886,0.9929574,0.00074026495,0.0019764095,0.0011516092,0.0
ERR1583476,0.0018980558,0.98295534,0.003079863,0.0033205585,0.0017705733,0.0011426249,0.0058330595,0.0
SRR5273216,0.0018980558,0.98295534,0.003079863,0.0033205585,0.0017705733,0.0011426249,0.0058330595,0.0
ERR765815,0.0050000935,0.0036334568,0.009096714,0.0050869165,0.00084149075,0.00088847405,0.97545284,0.0
ERR1811231,0.00023620565,0.0012475086,0.0016858617,0.99289167,0.0007549598,0.00201978,0.0011640439,0.0
ERR380962,0.0050000935,0.0036334568,0.009096714,0.0050869165,0.00084149075,0.00088847405,0.97545284,0.0
ERR1583401,0.0018980558,0.98295534,0.003079863,0.0033205585,0.0017705733,0.0011426249,0.0058330595,0.0
SRR1123417,0.0020545614,0.98243874,0.0031580597,0.003395921,0.0018435741,0.0012029216,0.005906256,0.0
SRR5259164,0.0018980558,0.98295534,0.003079863,0.0033205585,0.0017705733,0.0011426249,0.0058330595,0.0
SRR8605809,0.0050000935,0.0036334568,0.009096714,0.0050869165,0.00084149075,0.00088847405,0.97545284,0.0
SRR2924522,0.00027293575,0.0011736713,0.001722814,0.9917783,0.0009473351,0.002701612,0.0014033086,0.0
SRR8608218,0.0050000935,0.0036334568,0.009096714,0.0050869165,0.00084149075,0.00088847405,0.97545284,0.0
SRR6057213,0.0018980558,0.98295534,0.003079863,0.0033205585,0.0017705733,0.0011426249,0.0058330595,0.0
SRR1253233,0.00023269978,0.001262879,0.0016906206,0.99297214,0.00073412125,0.0019691584,0.0011383638,0.0
ERR720197,0.00023432985,0.0012554405,0.0016806133,0.99295974,0.00074112247,0.0019732728,0.001155468,0.0
ERR866526,0.00015452504,0.0028012395,0.0026327968,0.9590902,0.00065249205,0.015134275,0.0012061,0.018328369
ERR1256024,0.0076917987,0.0036537054,0.0007270682,0.009319531,0.0012562312,0.97231567,0.005036084,0.0
ERR1226473,0.0050000935,0.0036334568,0.009096714,0.0050869165,0.00084149075,0.00088847405,0.97545284,0.0
ERR537771,0.0076968917,0.0036548893,0.00072715856,0.009295076,0.0012554739,0.97234297,0.0050275195,0.0
DRR030557,0.00023243298,0.001264044,0.0016921145,0.99297434,0.0007330533,0.0019682439,0.0011357805,0.0
SRR1922564,0.00023252208,0.001263954,0.0016919053,0.99297386,0.00073323137,0.0019684213,0.0011360772,0.0
ERR1513285,0.0076972707,0.0036550935,0.00072709983,0.009294547,0.0012555616,0.9723424,0.0050280453,0.0
SRR6038508,0.0002707243,0.35376656,0.0013462007,0.30557305,0.0124411285,0.12790549,0.0008286536,0.19786823
ERR1811224,0.00023569351,0.001248783,0.0016735905,0.99294215,0.0007479789,0.0019819196,0.0011698715,0.0
SRR6931653,0.00023249225,0.0012638049,0.0016916965,0.9929737,0.00073335005,0.00196848,0.0011364338,0.0
SRR8609677,0.0050000935,0.0036334568,0.009096714,0.0050869165,0.00084149075,0.00088847405,0.97545284,0.0
SRR769717,0.007288617,0.038620446,0.00021944674,0.0022548805,0.008026319,0.94108975,0.0025005827,0.0
SRR6264235,0.00023382594,0.001257889,0.0016833326,0.9929642,0.0007390161,0.0019713838,0.0011503011,0.0
SRR1784997,0.007879335,0.007841948,0.9407302,0.006737949,0.009433328,6.168039e-05,0.027315583,0.0
ERR522536,0.00023750054,0.0012414869,0.0016604515,0.9929379,0.0007546182,0.001978497,0.0011895252,0.0
SRR4341465,0.0018980558,0.98295534,0.003079863,0.0033205585,0.0017705733,0.0011426249,0.0058330595,0.0
ERR488145,0.00770536,0.0036959099,0.00072259264,0.009236334,0.0012683959,0.9723461,0.0050252858,0.0
ERR2211009,0.0050000935,0.0036334568,0.009096714,0.0050869165,0.00084149075,0.00088847405,0.97545284,0.0
ERR1720631,0.001326263,0.04246235,0.28301722,0.0005131066,0.00089019537,0.00017976761,0.38359725,0.28801382
SRR3034980,0.00023702707,0.0012433139,0.0016668038,0.9929339,0.00075301976,0.0019825327,0.0011833508,0.0
DRR066438,0.0018980558,0.98295534,0.003079863,0.0033205585,0.0017705733,0.0011426249,0.0058330595,0.0
SRR5431303,0.00023246276,0.0012641037,0.0016921444,0.99297434,0.00073305337,0.001968244,0.0011356616,0.0
ERR1987740,0.0002400853,0.0012326381,0.0016699194,0.9928723,0.00076689286,0.0020132426,0.0012049177,0.0
ERR2777864,0.0076967487,0.0036548618,0.00072712963,0.009294905,0.0012554453,0.9723436,0.0050272876,0.0
ERR1315039,0.00023614496,0.0012467288,0.00168621,0.99289787,0.00075329025,0.0020152186,0.0011645734,0.0
ERR1583321,0.0018980558,0.98295534,0.003079863,0.0033205585,0.0017705733,0.0011426249,0.0058330595,0.0
SRR5786512,0.0018980558,0.98295534,0.003079863,0.0033205585,0.0017705733,0.0011426249,0.0058330595,0.0
SRR7269922,0.007696748,0.0036548614,0.00072715885,0.009295021,0.0012554452,0.97234356,0.0050272867,0.0
SRR4408776,0.0018980558,0.98295534,0.003079863,0.0033205585,0.0017705733,0.0011426249,0.0058330595,0.0
ERR2314507,0.0050000935,0.0036334568,0.009096714,0.0050869165,0.00084149075,0.00088847405,0.97545284,0.0
SRR994947,0.0002323735,0.001264163,0.0016921443,0.9929743,0.0007330533,0.0019682439,0.0011356913,0.0
ERR1298265,0.0050000935,0.0036334568,0.009096714,0.0050869165,0.00084149075,0.00088847405,0.97545284,0.0
SRR5155526,0.0018980558,0.98295534,0.003079863,0.0033205585,0.0017705733,0.0011426249,0.0058330595,0.0
ERR2777825,0.007708915,0.003660615,0.0007248479,0.009305929,0.0012624578,0.97228277,0.005054488,0.0
SRR5180142,0.0018980558,0.98295534,0.003079863,0.0033205585,0.0017705733,0.0011426249,0.0058330595,0.0
SRR1271392,0.0018980558,0.98295534,0.003079863,0.0033205585,0.0017705733,0.0011426249,0.0058330595,0.0
SRR027986,0.007897019,0.0108616175,0.9381957,0.005632938,0.012172052,6.2700536e-05,0.025177935,0.0
SRR2046682,0.00023246267,0.0012641032,0.0016919952,0.99297416,0.00073314237,0.0019682732,0.0011358397,0.0
SRR3951076,0.0002326999,0.0012625821,0.0016914245,0.99296886,0.0007345381,0.001971509,0.0011383942,0.0
SRR7081324,0.0018980558,0.98295534,0.003079863,0.0033205585,0.0017705733,0.0011426249,0.0058330595,0.0
ERR924198,0.016476309,0.001316532,0.0076409383,0.045518894,0.012441613,0.0010030973,0.9156026,0.0
ERR1313916,0.0002387161,0.0012366779,0.0016543864,0.99292576,0.00075978105,0.0019834612,0.0012011352,0.0
SRR5699139,0.0002324627,0.0012641628,0.0016920846,0.9929742,0.00073308294,0.0019682436,0.0011357804,0.0
SRR1289119,0.000248126,0.001120685,0.0017450586,0.99151325,0.00093975675,0.0030525592,0.001380526,0.0
ERR579431,0.0009358192,0.0011239349,0.004847177,0.21773674,0.0046109576,0.7698458,0.0008995112,0.0
SRR2006404,0.00023400402,0.0012573515,0.0016827944,0.99296373,0.00073934207,0.0019713507,0.0011513402,0.0
SRR1767172,0.007879335,0.007841948,0.9407302,0.006737949,0.009433328,6.168039e-05,0.027315583,0.0
ERR522676,0.00026054317,0.001197517,0.0017514984,0.9924503,0.00084706274,0.0022094417,0.0012836807,0.0
SRR1632998,0.00023243295,0.0012641033,0.0016921143,0.9929743,0.0007330532,0.0019682436,0.0011357804,0.0
ERR520778,0.00023264046,0.0012631476,0.0016907408,0.992973,0.0007340028,0.001968565,0.0011379482,0.0
SRR387990,0.00023246267,0.0012641627,0.0016921142,0.9929741,0.0007330829,0.0019682434,0.0011357802,0.0
SRR5181008,0.0018980558,0.98295534,0.003079863,0.0033204993,0.0017705733,0.0011426249,0.0058330595,0.0
SRR1622870,0.0002323735,0.001264163,0.0016921443,0.9929743,0.0007330533,0.0019682439,0.0011356913,0.0
ERR543404,0.007879335,0.007841948,0.9407302,0.006737949,0.009433328,6.168039e-05,0.027315583,0.0
SRR6419791,0.0018980558,0.98295534,0.003079863,0.0033205585,0.0017705733,0.0011426249,0.0058330595,0.0
SRR4415109,0.0023618974,0.9817224,0.0042085936,0.003676709,0.0018203155,0.001109574,0.005100521,0.0
ERR1384516,0.00024040864,0.0012236092,0.0017263494,0.99251455,0.00080853095,0.00231928,0.0011672699,0.0
ERR1855244,0.0018980558,0.98295534,0.003079863,0.0033205585,0.0017705733,0.0011426249,0.0058330595,0.0
SRR5902506,0.0018980558,0.98295534,0.003079863,0.0033205585,0.0017705733,0.0011426249,0.0058330595,0.0
SRR2006400,0.00023421124,0.0012539849,0.0016845124,0.9929361,0.00074323546,0.0019914797,0.0011564514,0.0
ERR866697,0.00023264046,0.0012632665,0.0016908598,0.992973,0.00073391356,0.0019685945,0.0011377698,0.0
SRR5595858,0.0018980558,0.98295534,0.003079863,0.0033205585,0.0017705733,0.0011426249,0.0058330595,0.0
ERR1960666,0.0002323735,0.001264163,0.0016921443,0.9929743,0.0007330533,0.0019682439,0.0011356913,0.0
SRR632484,0.0018980558,0.98295534,0.003079863,0.0033205585,0.0017705733,0.0011426249,0.0058330595,0.0
ERR1594243,0.007879335,0.007841948,0.9407302,0.006737949,0.009433328,6.168039e-05,0.027315583,0.0
SRR6931956,0.0002323735,0.001264163,0.0016921443,0.9929743,0.0007330533,0.0019682439,0.0011356913,0.0
ERR2739040,0.00023435945,0.0012559751,0.001679244,0.9929664,0.0007404379,0.0019681852,0.0011553782,0.0
SRR823342,0.00024028705,0.0012298389,0.0016488765,0.992907,0.0007666343,0.0019905844,0.001216812,0.0
SRR2761260,0.000248766,0.0011969615,0.0016171427,0.9927856,0.00080869027,0.0020432714,0.0012995608,0.0
SRR6843751,0.005005196,0.0036433549,0.009095789,0.005081702,0.0008418322,0.00088807364,0.975444,0.0
ERR1689652,0.0050000935,0.0036334568,0.009096714,0.0050869165,0.00084149075,0.00088847405,0.97545284,0.0
SRR8610766,0.0050000935,0.0036334568,0.009096714,0.0050869165,0.00084149075,0.00088847405,0.97545284,0.0
ERR459276,0.8037926,0.025851063,0.045761753,0.0063072126,0.00076945167,0.046410963,0.07110692,0.0
SRR5467590,0.00023249234,0.0012636863,0.0016919945,0.9929728,0.00073340983,0.001969373,0.0011362855,0.0
SRR5823457,0.0018980558,0.98295534,0.003079863,0.0033205585,0.0017705733,0.0011426249,0.0058330595,0.0
SRR6932310,0.00014470743,0.0008402651,0.0040089297,0.96458787,0.0013353908,0.028170554,0.00091238413,0.0
SRR6408966,0.00023569439,0.0012492933,0.0016772553,0.9929398,0.00074723805,0.0019832654,0.001167526,0.0
SRR5740195,0.0018980558,0.98295534,0.003079863,0.0033205585,0.0017705733,0.0011426249,0.0058330595,0.0
SRR5683496,0.0018980558,0.98295534,0.003079863,0.0033205585,0.0017705733,0.0011426249,0.0058330595,0.0
ERR1189700,0.0018980558,0.98295534,0.003079863,0.0033205585,0.0017705733,0.0011426249,0.0058330595,0.0
ERR1582423,0.0018980558,0.98295534,0.003079863,0.0033205585,0.0017705733,0.0011426249,0.0058330595,0.0
ERR1311332,0.00023284796,0.0012623703,0.0016895457,0.99297184,0.0007346847,0.0019687966,0.0011398485,0.0
ERR579670,8.780115e-05,0.0046846867,0.0042676628,0.820701,0.0005737841,0.0839943,0.0011840165,0.08450675
ERR2523263,0.0050000935,0.0036334568,0.009096714,0.0050869165,0.00084149075,0.00088847405,0.97545284,0.0
SRR5001930,0.0018980844,0.982955,0.0030798616,0.0033206157,0.0017706314,0.0011427128,0.005833086,0.0
ERR1614698,0.007691486,0.0036659958,0.0007276284,0.009316472,0.0012576727,0.97227323,0.005067566,0.0
ERR1725994,0.803819,0.022748802,0.045454193,0.006382435,0.0007267788,0.047240324,0.073628545,0.0
ERR756722,0.007697189,0.0036545107,0.00072724686,0.009295053,0.0012555919,0.9723428,0.0050276103,0.0
ERR2059938,0.007696748,0.0036548614,0.00072715885,0.009295021,0.0012554452,0.97234356,0.0050272867,0.0
ERR756741,0.0077372408,0.0036299292,0.0007378955,0.009257319,0.0012710185,0.97230864,0.0050579174,0.0
ERR924005,0.0050000935,0.0036334568,0.009096714,0.0050869165,0.00084149075,0.00088847405,0.97545284,0.0
SRR957767,0.0011949837,0.013723403,0.121480644,0.059399247,0.026827693,0.00035133958,0.08331588,0.6937068
SRR1922852,0.00023477619,0.0012523182,0.0016855819,0.9929362,0.0007447221,0.001988563,0.0011578187,0.0
SRR7448724,0.00023246267,0.0012641032,0.0016920547,0.99297416,0.00073314237,0.0019682434,0.0011357802,0.0
ERR441261,0.00023237347,0.0012641033,0.0016921441,0.9929742,0.00073308294,0.0019682436,0.0011357804,0.0
ERR1313492,0.00023261088,0.0012633567,0.0016910394,0.99297374,0.00073367613,0.001968239,0.0011373244,0.0
ERR1263261,0.0076968907,0.003655006,0.0007271878,0.009295369,0.0012555617,0.97234166,0.0050283098,0.0
SRR5431387,0.00023662031,0.0012477372,0.0016794837,0.9928907,0.0007576312,0.0020180992,0.0011696272,0.0
SRR5260373,0.0018980558,0.98295534,0.003079863,0.0033205585,0.0017705733,0.0011426249,0.0058330595,0.0
ERR2210975,0.0050000935,0.0036334568,0.009096714,0.0050869165,0.00084149075,0.00088847405,0.97545284,0.0
SRR6394024,0.00023246265,0.0012640733,0.0016919652,0.99297416,0.000733172,0.0019682432,0.0011359586,0.0
ERR500829,0.00023237347,0.0012641033,0.0016921441,0.9929742,0.00073308294,0.0019682436,0.0011357804,0.0
ERR1677369,0.0050000935,0.0036334568,0.009096714,0.0050869165,0.00084149075,0.00088847405,0.97545284,0.0
SRR1923875,0.0002323735,0.001264163,0.0016921443,0.9929743,0.0007330533,0.0019682439,0.0011356913,0.0
ERR538715,0.007879335,0.007841948,0.9407302,0.006737949,0.009433328,6.168039e-05,0.027315583,0.0
SRR6444381,0.00024224838,0.0012217705,0.0016488356,0.99284554,0.0007810837,0.0020288785,0.0012316449,0.0
ERR106975,0.00023341118,0.0012595339,0.0016868248,0.9929652,0.00073732587,0.001971993,0.0011456095,0.0
ERR487749,0.0076676835,0.0036595052,0.0007248192,0.009380856,0.0012604672,0.97222364,0.005083048,0.0
SRR1426779,0.0076993797,0.003655695,0.00072692137,0.00929419,0.0012563476,0.9723363,0.00503119,0.0
ERR1897242,0.0018980558,0.98295534,0.003079863,0.0033205585,0.0017705733,0.0011426249,0.0058330595,0.0
ERR007141,0.0002323735,0.001264163,0.0016921443,0.9929743,0.0007330533,0.0019682439,0.0011356913,0.0
SRR3884240,0.0018980558,0.98295534,0.003079863,0.0033205585,0.0017705733,0.0011426249,0.0058330595,0.0
ERR1511943,0.007720205,0.003658251,0.00072519516,0.009306315,0.0012632706,0.972274,0.0050528776,0.0
SRR5916508,0.0018980558,0.98295534,0.003079863,0.0033205585,0.0017705733,0.0011426249,0.0058330595,0.0
ERR487515,0.00782947,0.0036145563,0.0007209905,0.009629369,0.0013171019,0.9716113,0.0052772206,0.0
ERR1020015,0.00023258141,0.0012638341,0.0016916661,0.99297386,0.00073337957,0.0019682413,0.0011365226,0.0
ERR2714244,0.0076969536,0.003654891,0.00072721747,0.009294554,0.0012554453,0.97234344,0.005027463,0.0
ERR1690987,0.0050000935,0.0036334568,0.009096714,0.0050869165,0.00084149075,0.00088847405,0.97545284,0.0
SRR4302682,0.00023243282,0.0012638944,0.0016918754,0.9929741,0.000733261,0.0019682425,0.0011361961,0.0
ERR1226397,0.0050000935,0.0036334568,0.009096714,0.0050869165,0.00084149075,0.00088847405,0.97545284,0.0
ERR209609,0.000324626,0.0012176962,0.0019161691,0.98350334,0.0018344411,0.00938886,0.001814818,0.0
ERR2511038,0.00023243295,0.0012641033,0.0016920846,0.9929742,0.0007331424,0.0019682436,0.00113581,0.0
ERR986331,0.0076968702,0.0036548052,0.00072718866,0.009294413,0.0012555339,0.97234374,0.005027554,0.0
ERR2211152,0.0050000935,0.0036334568,0.009096714,0.0050869165,0.00084149075,0.00088847405,0.97545284,0.0
SRR3951138,0.00023272936,0.0012628483,0.0016902327,0.9929728,0.00073426944,0.0019685025,0.0011387201,0.0
SRR1600338,0.0019331182,0.9828118,0.003096497,0.003368513,0.0017809566,0.001145486,0.005863556,0.0
ERR1398218,0.0002349827,0.0012516844,0.0016790555,0.9929428,0.0007454306,0.001984057,0.0011619746,0.0
DRR060049,0.0018980558,0.98295534,0.003079863,0.0033205585,0.0017705733,0.0011426249,0.0058330595,0.0
SRR6309208,0.00023255155,0.0012635658,0.0016914273,0.9929734,0.0007335874,0.0019685677,0.0011369088,0.0
ERR2002067,0.0002323735,0.001264163,0.0016921443,0.9929743,0.0007330533,0.0019682439,0.0011356913,0.0
SRR624539,0.0076259547,0.0036729993,0.00072774594,0.009386681,0.0012535941,0.9722646,0.0050683874,0.0
SRR1793515,0.007879335,0.007841948,0.9407302,0.006737949,0.009433328,6.168039e-05,0.027315583,0.0
SRR4414311,0.007879335,0.007841948,0.9407302,0.006737949,0.009433328,6.168039e-05,0.027315583,0.0
ERR1594086,0.007879335,0.007841948,0.9407302,0.006737949,0.009433328,6.168039e-05,0.027315583,0.0
ERR2729886,0.80756456,0.014764386,0.046903245,0.007753021,0.0006923065,0.05158052,0.07074196,0.0
ERR1691072,0.0050000935,0.0036334568,0.009096714,0.0050869165,0.00084149075,0.00088847405,0.97545284,0.0
DRR047996,0.00023255167,0.0012637449,0.0016918743,0.9929727,0.00073349854,0.0019691635,0.0011365226,0.0
ERR451541,0.0002323735,0.001264163,0.0016921443,0.9929743,0.0007330533,0.0019682439,0.0011356913,0.0
ERR2510978,0.00023806354,0.0012396615,0.0016559454,0.9929377,0.00075660425,0.0019766947,0.0011953741,0.0
SRR747753,0.0012426972,0.04229912,0.26890272,0.00050514936,0.0008800924,0.00018149614,0.39083892,0.2951498
ERR2738667,0.00023477415,0.0012538837,0.0016763761,0.9929626,0.0007424253,0.001969509,0.0011603965,0.0
SRR4300287,0.0018981728,0.982955,0.003079832,0.0033206453,0.0017706314,0.0011426833,0.0058330568,0.0
SRR3201906,0.00024326085,0.0012180293,0.0016621684,0.99281305,0.0007846568,0.002047329,0.0012314727,0.0
ERR107203,0.00023264046,0.0012631773,0.0016910679,0.9929719,0.00073397305,0.001969368,0.0011378591,0.0
ERR469670,0.0077018323,0.0036581375,0.0007264785,0.0092923,0.0012577474,0.97232914,0.0050343582,0.0
SRR6508140,0.0011985302,0.3395524,0.0016621947,0.014479369,0.008856267,0.2918073,0.0006208718,0.3418231
DRR042796,0.0002324624,0.0012636555,0.0016916362,0.9929733,0.00073352817,0.001968717,0.001136701,0.0
SRR6931844,0.0002323735,0.001264163,0.0016921443,0.9929743,0.0007330533,0.0019682439,0.0011356913,0.0
ERR3661005,0.0018980558,0.98295534,0.003079863,0.0033205585,0.0017705733,0.0011426249,0.0058330595,0.0
ERR1689006,0.0050000935,0.0036334568,0.009096714,0.0050869165,0.00084149075,0.00088847405,0.97545284,0.0
SRR6239925,0.0049999254,0.0036335823,0.0090972055,0.0050867777,0.00084137375,0.00088838686,0.9754527,0.0
SRR5177483,0.0018980558,0.98295534,0.003079863,0.0033205585,0.0017705733,0.0011426249,0.0058330595,0.0
SRR944482,0.007879335,0.007841948,0.9407302,0.006737949,0.009433328,6.168039e-05,0.027315583,0.0
ERR500784,0.00023252208,0.001264073,0.0016919648,0.9929739,0.00073320157,0.0019682427,0.0011360177,0.0
SRR6875378,0.0018980558,0.98295534,0.003079863,0.0033205585,0.0017705733,0.0011426249,0.0058330595,0.0
ERR1309879,0.00024716224,0.0012137124,0.0016602402,0.99270374,0.0008142078,0.002113371,0.001247619,0.0
SRR970286,0.007878945,0.007861397,0.9407215,0.00673027,0.00945086,6.169872e-05,0.027295262,0.0
SRR8608210,0.0050000935,0.0036334568,0.009096714,0.0050869165,0.00084149075,0.00088847405,0.97545284,0.0
ERR1201945,0.8056321,0.019357318,0.045911044,0.0068656895,0.00071250607,0.048844773,0.072676465,0.0
ERR1103285,0.0018980558,0.98295534,0.003079863,0.0033205585,0.0017705733,0.0011426249,0.0058330595,0.0
SRR1279000,0.0018980558,0.98295534,0.003079863,0.0033205585,0.0017705733,0.0011426249,0.0058330595,0.0
ERR537711,0.00769707,0.0036550078,0.0007271295,0.009294582,0.0012554744,0.9723432,0.0050275503,0.0
ERR451072,0.0002324627,0.0012640735,0.0016920846,0.9929742,0.00073308294,0.0019682436,0.00113581,0.0
SRR1258285,0.0018980558,0.98295534,0.003079863,0.0033205585,0.0017705733,0.0011426249,0.0058330595,0.0
SRR3037252,0.00023246267,0.0012641032,0.0016921142,0.9929741,0.0007331126,0.0019682434,0.0011358397,0.0
ERR1428706,0.0050000935,0.0036334568,0.009096714,0.0050869165,0.00084149075,0.00088847405,0.97545284,0.0
ERR1583493,0.0018980558,0.98295534,0.003079863,0.0033205585,0.0017705733,0.0011426249,0.0058330595,0.0
SRR7584121,0.0076967194,0.0036548618,0.00072712963,0.009295081,0.0012554453,0.97234344,0.0050272876,0.0
SRR3633014,0.0018980558,0.98295534,0.003079863,0.0033205585,0.0017705733,0.0011426249,0.0058330595,0.0
ERR1384392,0.0002466597,0.0012044512,0.001620537,0.99282753,0.0007969601,0.0020226454,0.0012812089,0.0
ERR1523123,0.007696748,0.0036549785,0.0007271295,0.009294904,0.0012554452,0.97234356,0.005027228,0.0
SRR1647967,0.0018980558,0.98295534,0.003079863,0.0033205585,0.0017705733,0.0011426249,0.0058330595,0.0
ERR494349,0.00023252208,0.0012641324,0.001692054,0.99297386,0.00073320157,0.001968332,0.0011358691,0.0
SRR6746018,0.0018980558,0.98295534,0.003079863,0.0033205585,0.0017705733,0.0011426249,0.0058330595,0.0
ERR1303852,0.007696748,0.0036548614,0.00072715885,0.009295021,0.0012554452,0.97234356,0.0050272867,0.0
ERR1691573,0.0050000935,0.0036334568,0.009096714,0.0050869165,0.00084149075,0.00088847405,0.97545284,0.0
SRR2442973,0.0018980558,0.98295534,0.003079863,0.0033205585,0.0017705733,0.0011426249,0.0058330595,0.0
ERR1256847,0.007696748,0.0036548614,0.00072715885,0.009295021,0.0012554452,0.97234356,0.0050272867,0.0
SRR1618038,0.00023412275,0.0012559522,0.0016829413,0.99295604,0.00074085826,0.0019769706,0.0011531237,0.0
ERR500813,0.00023267006,0.0012629386,0.0016905911,0.99297255,0.0007341511,0.001968891,0.0011382748,0.0
SRR1767170,0.007879335,0.007841948,0.9407302,0.006737949,0.009433328,6.168039e-05,0.027315583,0.0
DRR042853,0.00023809649,0.0012380423,0.0016699472,0.9929021,0.0007594103,0.0020016166,0.0011907798,0.0
SRR5100258,0.0018980558,0.98295534,0.003079863,0.0033205585,0.0017705733,0.0011426249,0.0058330595,0.0
ERR2511274,0.00023527813,0.001251644,0.0016741334,0.9929563,0.00074465084,0.001972648,0.001165296,0.0
SRR7453616,0.00023252214,0.0012641625,0.0016921139,0.99297404,0.00073314225,0.0019682432,0.0011357801,0.0
ERR451450,0.0002323735,0.001264163,0.0016921443,0.9929743,0.0007330533,0.0019682439,0.0011356913,0.0
ERR2314495,0.0050000935,0.0036334568,0.009096714,0.0050869165,0.00084149075,0.00088847405,0.97545284,0.0
ERR1912970,0.00024106851,0.0012351787,0.0017272213,0.992767,0.0007744296,0.00210224,0.0011528989,0.0
ERR1654716,0.0050000935,0.0036334568,0.009096714,0.0050869165,0.00084149075,0.00088847405,0.97545284,0.0
SRR5983335,0.00023670924,0.0012446718,0.0016848356,0.99288696,0.00075655937,0.0020213388,0.0011689415,0.0
SRR8610240,0.0050000935,0.0036334568,0.009096714,0.0050869165,0.00084149075,0.00088847405,0.97545284,0.0
ERR1691728,0.0050000935,0.0036334568,0.009096714,0.0050869165,0.00084149075,0.00088847405,0.97545284,0.0
SRR3296475,0.0018980558,0.98295534,0.003079863,0.0033205585,0.0017705733,0.0011426249,0.0058330595,0.0
DRR024138,0.00023616839,0.0012461005,0.0016738508,0.9929311,0.00075050385,0.0019883355,0.0011738818,0.0
SRR3095077,0.00023757227,0.0012415806,0.0016875156,0.9928655,0.00076102244,0.0020347275,0.0011720073,0.0
ERR1896809,0.003753692,0.35466945,0.0005033314,0.0031034648,0.0019251108,0.4874966,0.0076737404,0.14087462
SRR6412068,0.00023252175,0.0012634762,0.0016913377,0.9929731,0.00073364674,0.0019688052,0.0011371167,0.0
SRR5155945,0.00023489294,0.0012539421,0.00167575,0.99296427,0.00074233545,0.0019680501,0.0011607822,0.0
SRR6038332,0.00024159125,0.0012244926,0.0016401913,0.99289197,0.00077343103,0.0019973882,0.0012309465,0.0
ERR365981,0.0002680804,0.0011195337,0.0017130745,0.99121344,0.0010233554,0.0031990968,0.001463427,0.0
ERR2097579,0.80762446,0.014570304,0.0469515,0.007799502,0.00069134624,0.05171777,0.070645146,0.0
SRR6038200,0.0002448189,0.00121202,0.0016175236,0.99288327,0.000785074,0.0019902242,0.0012670389,0.0
ERR499151,0.00025276805,0.0011859282,0.0015974941,0.99272996,0.0008303579,0.0020646094,0.001338838,0.0
SRR1923951,0.0002323735,0.001264163,0.0016921443,0.9929743,0.0007330533,0.0019682439,0.0011356913,0.0
ERR1256441,0.007650945,0.0036614067,0.0007275247,0.009380057,0.0012552942,0.9722682,0.005056471,0.0
ERR1677144,0.0050000935,0.0036334568,0.009096714,0.0050869165,0.00084149075,0.00088847405,0.97545284,0.0
SRR8611064,0.0050000935,0.0036334568,0.009096714,0.0050869165,0.00084149075,0.00088847405,0.97545284,0.0
SRR5156012,0.00023352932,0.0012590238,0.0016845284,0.9929676,0.00073779916,0.0019697251,0.0011478661,0.0
ERR442063,0.0002323735,0.001264163,0.0016921443,0.9929743,0.0007330533,0.0019682439,0.0011356913,0.0
SRR1145326,0.00023965449,0.001234829,0.0017050657,0.9928213,0.0007674774,0.0020565016,0.0011751904,0.0
SRR6028449,0.0002499452,0.0011925108,0.0015960215,0.9928156,0.00080966786,0.0020161555,0.0013200557,0.0
ERR1689351,0.0050000935,0.0036334568,0.009096714,0.0050869165,0.00084149075,0.00088847405,0.97545284,0.0
SRR2761376,0.00025871603,0.0011806836,0.0016883904,0.99249566,0.00086132594,0.002207934,0.0013072608,0.0
SRR1602721,0.0018980558,0.98295534,0.003079863,0.0033205585,0.0017705733,0.0011426249,0.0058330595,0.0
SRR8611056,0.0050000935,0.0036334568,0.009096714,0.0050869165,0.00084149075,0.00088847405,0.97545284,0.0
SRR769723,0.0018980558,0.98295534,0.003079863,0.0033205585,0.0017705733,0.0011426249,0.0058330595,0.0
ERR522576,0.00023261094,0.0012634165,0.0016913075,0.9929728,0.0007337358,0.0019689237,0.0011372652,0.0
ERR1384285,0.0002329964,0.0012613276,0.0016896925,0.9929659,0.0007357844,0.0019730183,0.0011412154,0.0
ERR499515,0.0002323735,0.001264163,0.0016921443,0.9929743,0.0007330533,0.0019682439,0.0011356913,0.0
SRR2053295,0.0018980558,0.98295534,0.003079863,0.0033205585,0.0017705733,0.0011426249,0.0058330595,0.0
SRR6477213,0.0018980558,0.98295534,0.003079863,0.0033205585,0.0017705733,0.0011426249,0.0058330595,0.0
ERR1263571,0.0076967487,0.0036548618,0.0007271589,0.009294905,0.0012554453,0.9723436,0.0050272876,0.0
ERR1960655,0.0002323735,0.001264163,0.0016921443,0.9929743,0.0007330533,0.0019682439,0.0011356913,0.0
ERR2261312,0.00023448384,0.0012556472,0.0016995692,0.99292606,0.0007423884,0.0019969647,0.001144875,0.0
SRR100501,0.0028651655,0.001949966,0.0078469515,0.5084162,0.09654939,0.0029782653,0.26548207,0.113912046
SRR3030620,0.00022887548,0.0011255225,0.0019839245,0.99056613,0.0009496726,0.003976146,0.0011696857,0.0
SRR1631806,0.0018980558,0.98295534,0.003079863,0.0033205585,0.0017705733,0.0011426249,0.0058330595,0.0
ERR1314519,0.00038012862,0.0018617511,0.003186196,0.94760764,0.0023268461,0.0407162,0.001190871,0.0027303696
SRR6668832,0.0018980558,0.98295534,0.003079863,0.0033205585,0.0017705733,0.0011426249,0.0058330595,0.0
ERR499196,0.0002324922,0.0012637748,0.0016916961,0.99297345,0.0007333796,0.0019687174,0.0011364633,0.0
SRR1747662,0.0018980558,0.98295534,0.003079863,0.0033205585,0.0017705733,0.0011426249,0.0058330595,0.0
SRR5566363,0.007696748,0.0036548614,0.00072715885,0.009295021,0.0012554452,0.97234356,0.0050272867,0.0
ERR1298012,0.0050000935,0.0036334568,0.009096714,0.0050869165,0.00084149075,0.00088847405,0.97545284,0.0
ERR1691029,0.0050000935,0.0036334568,0.009096714,0.0050869165,0.00084149075,0.00088847405,0.97545284,0.0
SRR6414322,0.00023299633,0.0012618032,0.0016891564,0.9929703,0.00073518924,0.001969567,0.001140977,0.0
SRR1623230,0.0002323735,0.001264163,0.0016921443,0.9929743,0.0007330533,0.0019682439,0.0011356913,0.0
ERR1589345,0.007879335,0.007841948,0.9407302,0.006737949,0.009433328,6.168039e-05,0.027315583,0.0
ERR2198063,0.0002324921,0.0012635065,0.0016915763,0.992973,0.00073355774,0.0019689545,0.0011369089,0.0
SRR5181275,0.0018980558,0.98295534,0.003079863,0.0033205585,0.0017705733,0.0011426249,0.0058330595,0.0
SRR5155517,0.0018980558,0.98295534,0.003079863,0.0033205585,0.0017705733,0.0011426249,0.0058330595,0.0
ERR2854462,0.0002515821,0.0012152861,0.001682459,0.99256986,0.00084493274,0.0021927322,0.0012431571,0.0
ERR1691759,0.0050000935,0.0036334568,0.009096714,0.0050869165,0.00084149075,0.00088847405,0.97545284,0.0
SRR6316017,0.00023258096,0.001263207,0.001690949,0.99297255,0.00073391356,0.0019689219,0.0011377996,0.0
ERR531765,0.00025230195,0.0011889774,0.0016350856,0.9927003,0.0008241447,0.0020843162,0.0013149201,0.0
ERR1533334,0.007714472,0.0036925327,0.0007221343,0.009248012,0.0012701785,0.97230595,0.005046769,0.0
SRR8609679,0.0050000935,0.0036334568,0.009096714,0.0050869165,0.00084149075,0.00088847405,0.97545284,0.0
SRR578757,0.0018980558,0.98295534,0.0030798924,0.00332047,0.0017706323,0.0011426249,0.0058330004,0.0
SRR6746189,0.0018980558,0.98295534,0.003079863,0.0033205585,0.0017705733,0.0011426249,0.0058330595,0.0
SRR4014035,0.0018980558,0.98295534,0.003079863,0.0033205585,0.0017705733,0.0011426249,0.0058330595,0.0
ERR2003088,0.0002323735,0.001264163,0.0016921443,0.9929743,0.0007330533,0.0019682439,0.0011356913,0.0
ERR2806337,0.00023249222,0.0012639237,0.0016917557,0.99297386,0.00073332025,0.0019682716,0.0011362552,0.0
SRR788693,0.007879335,0.007841948,0.9407302,0.006737949,0.009433328,6.168039e-05,0.027315583,0.0
SRR6028465,0.00024022696,0.0012303415,0.0016447977,0.9929175,0.0007657996,0.001983798,0.0012175227,0.0
ERR531563,0.00024061286,0.001228226,0.001645328,0.9929047,0.000768474,0.001991644,0.001220969,0.0
SRR1295409,0.0002323735,0.001264163,0.0016921443,0.9929743,0.0007330533,0.0019682439,0.0011356913,0.0
ERR1691756,0.0050000935,0.0036334568,0.009096714,0.0050869165,0.00084149075,0.00088847405,0.97545284,0.0
SRR8609829,0.0050000935,0.0036334568,0.009096714,0.0050869165,0.00084149075,0.00088847405,0.97545284,0.0
SRR3589583,0.0018980558,0.98295534,0.003079863,0.0033205585,0.0017705733,0.0011426249,0.0058330595,0.0
SRR959961,0.007879335,0.007841948,0.9407302,0.006737949,0.009433328,6.168039e-05,0.027315583,0.0
ERR719424,0.00024182495,0.0012280424,0.0016930125,0.99277437,0.00078320946,0.0020872795,0.0011923785,0.0
ERR1512157,0.007696748,0.0036548614,0.00072715885,0.009295021,0.0012554452,0.97234356,0.0050272867,0.0
SRR3951213,0.0002325222,0.0012640439,0.0016920846,0.9929739,0.0007331127,0.001968452,0.00113581,0.0
ERR2495558,0.0050000935,0.0036334568,0.009096714,0.0050869165,0.00084149075,0.00088847405,0.97545284,0.0
SRR5109964,0.0018980558,0.98295534,0.003079863,0.0033205585,0.0017705733,0.0011426249,0.0058330595,0.0
SRR2668717,0.0018980558,0.98295534,0.003079863,0.0033205585,0.0017705733,0.0011426249,0.0058330595,0.0
SRR7448679,0.0002325222,0.0012641033,0.0016921441,0.9929742,0.00073308294,0.0019682436,0.0011357209,0.0
SRR3183717,0.0018980558,0.98295534,0.003079863,0.0033205585,0.0017705733,0.0011426249,0.0058330595,0.0
SRR2002303,0.0018981141,0.982955,0.003079803,0.0033205573,0.0017706907,0.0011426834,0.0058331457,0.0
SRR3923515,0.007879335,0.007841948,0.9407302,0.006737949,0.009433328,6.168039e-05,0.027315583,0.0
SRR1649648,0.0018980558,0.98295534,0.003079863,0.0033205585,0.0017705733,0.0011426249,0.0058330595,0.0
SRR952007,0.007879335,0.007841948,0.9407302,0.006737949,0.009433328,6.168039e-05,0.027315583,0.0
ERR1691011,0.0050000935,0.0036334568,0.009096714,0.0050869165,0.00084149075,0.00088847405,0.97545284,0.0
ERR1385281,0.00023451209,0.0012541816,0.0016883443,0.99292666,0.0007453582,0.0019989747,0.0011519766,0.0
SRR4414489,0.007879335,0.007841948,0.9407302,0.006737949,0.009433328,6.168039e-05,0.027315583,0.0
SRR7449436,0.00023249228,0.001263924,0.0016918454,0.9929739,0.0007332907,0.001968272,0.0011362258,0.0
ERR2262451,0.0077084927,0.0036555657,0.00072732905,0.0092925485,0.0012577494,0.97232044,0.00503791,0.0
SRR6412060,0.0002324328,0.001263924,0.0016917859,0.9929739,0.0007333204,0.0019683316,0.0011362258,0.0
ERR1691034,0.0050000935,0.0036334568,0.009096714,0.0050869165,0.00084149075,0.00088847405,0.97545284,0.0
ERR1384022,0.00024314455,0.0012199164,0.0016580524,0.99280316,0.0007883237,0.0020569582,0.001230356,0.0
SRR5983464,0.00023243282,0.0012638944,0.0016917861,0.9929741,0.00073323125,0.0019682425,0.0011362854,0.0
ERR2043113,0.007879335,0.007841948,0.9407302,0.006737949,0.009433328,6.168039e-05,0.027315583,0.0
ERR1677305,0.0050000935,0.0036334568,0.009096714,0.0050869165,0.00084149075,0.00088847405,0.97545284,0.0
SRR6429184,0.0018980558,0.98295534,0.003079863,0.0033205585,0.0017705733,0.0011426249,0.0058330595,0.0
ERR1384962,0.00023498206,0.0012522462,0.0016773257,0.99295187,0.00074417924,0.001977151,0.0011622093,0.0
ERR532257,0.00024693165,0.0012039369,0.0016358219,0.99279135,0.0008002453,0.0020465022,0.001275194,0.0
SRR4415609,0.007879335,0.007841948,0.9407302,0.006737949,0.009433328,6.168039e-05,0.027315583,0.0
ERR1311625,0.00023317467,0.0012606721,0.0016889175,0.9929614,0.0007370628,0.0019759908,0.0011427313,0.0
SRR959108,0.0018980558,0.98295534,0.003079863,0.0033205585,0.0017705733,0.0011426249,0.0058330595,0.0
DRR042712,0.0002421376,0.0012250836,0.0016801511,0.9928174,0.0007773625,0.0020454545,0.0012124131,0.0
SRR4431457,0.0018980558,0.98295534,0.003079863,0.0033205585,0.0017705733,0.0011426249,0.0058330595,0.0
SRR7453271,0.00023436228,0.001255782,0.0016915489,0.9929391,0.0007418448,0.0019867402,0.001150603,0.0
DRR066451,0.0018980558,0.98295534,0.003079863,0.0033205585,0.0017705733,0.0011426249,0.0058330595,0.0
ERR765881,0.0050000935,0.0036334568,0.009096714,0.0050869165,0.00084149075,0.00088847405,0.97545284,0.0
SRR5823469,0.0018980558,0.98295534,0.003079863,0.0033205585,0.0017705733,0.0011426249,0.0058330595,0.0
ERR1912985,0.00023732631,0.001241509,0.0016708617,0.99290895,0.0007567435,0.002001554,0.0011831515,0.0
SRR3191019,0.00023945696,0.0012327676,0.0016515125,0.9929142,0.0007636985,0.0019889413,0.0012094495,0.0
ERR1256215,0.007696748,0.0036548614,0.00072715885,0.009295021,0.0012555037,0.97234344,0.0050272574,0.0
SRR6365031,0.007878991,0.007842926,0.9407327,0.006739006,0.009433409,6.168809e-05,0.027311202,0.0
ERR1582449,0.0018980558,0.98295534,0.003079863,0.0033205585,0.0017705733,0.0011426249,0.0058330595,0.0
ERR757065,0.007714017,0.003645912,0.0007273196,0.009321454,0.0012613063,0.97229147,0.005038577,0.0
ERR1681526,0.00023252203,0.001263924,0.0016917859,0.9929739,0.0007332312,0.001968272,0.0011363149,0.0
ERR1194522,0.007696748,0.0036548614,0.00072715885,0.009295021,0.0012554452,0.97234356,0.0050272867,0.0
SRR6411651,0.00023243295,0.0012641033,0.0016920846,0.9929742,0.0007331424,0.0019682436,0.0011357209,0.0
ERR2002127,0.00023347045,0.0012596815,0.0016858119,0.9929681,0.00073711696,0.001969879,0.0011459951,0.0
SRR4780149,0.0018980558,0.98295534,0.003079863,0.0033205585,0.0017705733,0.0011426249,0.0058330595,0.0
SRR2981635,0.0011402186,0.0011189032,0.0011917527,0.9715234,0.003391046,0.0025968924,0.019037768,0.0
SRR6444078,0.0002330259,0.0012614155,0.0016888578,0.9929687,0.0007356349,0.001970815,0.0011415711,0.0
ERR756638,0.0076968926,0.0036547726,0.0007271587,0.009295517,0.0012554742,0.97234285,0.0050272564,0.0
ERR1989822,0.007696748,0.0036548614,0.00072715885,0.009295021,0.0012554452,0.97234356,0.0050272867,0.0
SRR2923049,0.007879335,0.007841948,0.9407302,0.006737949,0.009433328,6.168039e-05,0.027315583,0.0
ERR2107351,0.007697216,0.0036548902,0.0007272173,0.009294639,0.0012555328,0.9723427,0.0050276965,0.0
ERR1194551,0.007892692,0.0037733908,0.00074698013,0.0089532165,0.0012712518,0.9720078,0.0053547,0.0
ERR1384459,0.0002353388,0.0012502522,0.0016788413,0.99293983,0.00074640947,0.001985091,0.0011642608,0.0
SRR6411562,0.0002324627,0.0012641628,0.0016920846,0.9929742,0.00073308294,0.0019682436,0.0011357804,0.0
ERR444616,0.00025936015,0.0011689941,0.0016190533,0.9925799,0.0008611638,0.0021368815,0.0013746207,0.0
ERR1135409,0.0076980167,0.0036543817,0.000727719,0.009291524,0.0012561544,0.9723439,0.0050281617,0.0
SRR3624581,0.0012142956,0.3338362,0.10271329,0.0001257956,0.005829543,0.00019776821,0.24784416,0.30823898
DRR042738,0.00023421185,0.0012555053,0.0016838922,0.9929532,0.00074127427,0.0019783971,0.0011535692,0.0
SRR5165645,0.0002323735,0.001264163,0.0016921443,0.9929743,0.0007330533,0.0019682439,0.0011356913,0.0
SRR882190,0.0018980558,0.98295534,0.003079863,0.0033205585,0.0017705733,0.0011426249,0.0058330595,0.0
ERR498472,0.0002324329,0.0012640138,0.0016919057,0.9929742,0.00073320174,0.0019682432,0.0011360181,0.0
SRR6414052,0.00023293708,0.001261626,0.001690229,0.99296767,0.00073536846,0.0019716513,0.0011405321,0.0
SRR3400388,0.00024222775,0.0012271702,0.0016846785,0.99281347,0.00077653263,0.0020449862,0.0012109007,0.0
SRR5001962,0.0018979969,0.9829554,0.0030798335,0.003320529,0.0017706323,0.0011426249,0.0058330004,0.0
ERR1384883,0.00023302605,0.0012612081,0.0016893644,0.9929668,0.00073584355,0.0019723629,0.0011414528,0.0
ERR2599265,0.0050000935,0.0036334568,0.009096714,0.0050869165,0.00084149075,0.00088847405,0.97545284,0.0
ERR1384586,0.0002360582,0.0012482291,0.0016889643,0.9928915,0.0007537741,0.002020921,0.00116057,0.0
SRR6932520,0.0002323735,0.001264163,0.0016921443,0.9929743,0.0007330533,0.0019682439,0.0011356913,0.0
SRR7269926,0.005829546,0.004033495,0.000785998,0.012199619,0.0011873144,0.97068816,0.005275877,0.0
ERR520861,0.00023555208,0.0012499817,0.0016969328,0.9929064,0.00074824,0.0020079187,0.0011549756,0.0
SRR2000140,0.0040797624,0.0029672803,0.013502756,0.0028149027,0.0011249187,0.002996684,0.97251374,0.0
SRR6346158,0.0018980558,0.98295534,0.003079863,0.0033205585,0.0017705733,0.0011426249,0.0058330595,0.0
SRR1602651,0.0018980558,0.98295534,0.003079863,0.0033205585,0.0017705733,0.0011426249,0.0058330595,0.0
ERR1691054,0.0050000935,0.0036334568,0.009096714,0.0050869165,0.00084149075,0.00088847405,0.97545284,0.0
SRR6670856,0.007696748,0.0036548614,0.00072715885,0.009295021,0.0012554452,0.97234356,0.0050272867,0.0
SRR8611348,0.0050000935,0.0036334568,0.009096714,0.0050869165,0.00084149075,0.00088847405,0.97545284,0.0
ERR2985264,0.7980536,0.031092865,0.044163205,0.005503424,0.00074788096,0.04421856,0.07622042,0.0
SRR7448602,0.00023246267,0.0012640437,0.0016919952,0.99297416,0.00073314237,0.0019682434,0.0011358992,0.0
SRR5985524,0.0012142956,0.3338362,0.10271329,0.0001257956,0.005829543,0.00019776821,0.24784416,0.30823898
SRR1704228,0.0002323735,0.001264163,0.0016921443,0.9929743,0.0007330533,0.0019682439,0.0011356913,0.0
ERR2738721,0.00023684859,0.0012450686,0.0016633237,0.99295026,0.0007507889,0.0019717354,0.0011818932,0.0
ERR1690429,0.0050000935,0.0036334568,0.009096714,0.0050869165,0.00084149075,0.00088847405,0.97545284,0.0
SRR955675,0.007879335,0.007841948,0.9407302,0.006737949,0.009433328,6.168039e-05,0.027315583,0.0
SRR5164059,0.00023676301,0.0012441956,0.001673046,0.99291605,0.0007541318,0.0019983868,0.0011774796,0.0
ERR579591,0.00024456074,0.0012570439,0.0017090396,0.9922651,0.00081230694,0.002428978,0.0012829547,0.0
SRR5180016,0.0018980558,0.98295534,0.003079863,0.0033205585,0.0017705733,0.0011426249,0.0058330595,0.0
ERR560951,0.00023246263,0.0012640732,0.0016919055,0.99297404,0.0007332017,0.0019683025,0.0011359882,0.0
ERR425036,0.0002446506,0.0012247104,0.001648135,0.9928271,0.0007826381,0.002019007,0.0012537377,0.0
ERR2309097,0.00023255167,0.0012637449,0.0016916661,0.9929734,0.0007334688,0.001968628,0.0011365524,0.0
ERR1582276,0.0018980558,0.98295534,0.003079863,0.0033205585,0.0017705733,0.0011426249,0.0058330595,0.0
ERR1511948,0.0055549457,0.004621052,0.0007554306,0.013568232,0.0012850097,0.9672812,0.0069340873,0.0
ERR1690631,0.0050000935,0.0036334568,0.009096714,0.0050869165,0.00084149075,0.00088847405,0.97545284,0.0
ERR2204267,0.0076967487,0.0036549496,0.0007271589,0.009294817,0.001255416,0.9723436,0.0050273165,0.0
SRR6367238,0.0002324329,0.001264103,0.0016920544,0.9929741,0.00073308276,0.001968273,0.0011358991,0.0
SRR6931263,0.00023240321,0.0012641033,0.0016921441,0.9929741,0.0007331127,0.0019684222,0.0011357209,0.0
SRR3725746,0.0002509432,0.0012177497,0.001646536,0.9926999,0.00080734247,0.0020701478,0.0013073256,0.0
SRR1119129,0.007879335,0.007841948,0.9407302,0.006737949,0.009433328,6.168039e-05,0.027315583,0.0
SRR2048121,0.0018982894,0.9829544,0.0030799774,0.003320702,0.0017706302,0.0011426825,0.005833259,0.0
SRR2054676,0.007879335,0.007841948,0.9407302,0.006737949,0.009433328,6.168039e-05,0.027315583,0.0
ERR1315123,0.00023323332,0.0012607866,0.001687097,0.99297035,0.000736138,0.0019688746,0.0011436197,0.0
SRR6444619,0.000246317,0.0012076731,0.0016538217,0.9927659,0.0007998909,0.0020695745,0.0012568652,0.0
SRR1631041,0.0002323735,0.001264163,0.0016921443,0.9929743,0.0007330533,0.0019682439,0.0011356913,0.0
ERR2013444,0.0025429153,0.037591342,0.078646705,0.035610422,0.8053833,0.0066043963,0.03362083,0.0
SRR8605416,0.0050000935,0.0036334568,0.009096714,0.0050869165,0.00084149075,0.00088847405,0.97545284,0.0
SRR5457575,0.0018980558,0.98295534,0.003079863,0.0033205585,0.0017705733,0.0011426249,0.0058330595,0.0
SRR6411619,0.0002323735,0.001264163,0.0016921443,0.9929743,0.0007330533,0.0019682439,0.0011356913,0.0
SRR6931467,0.0006799698,0.0023088753,0.0036782026,0.5124992,0.0022628307,0.39782128,0.00044450164,0.0803051
ERR501102,0.00023266993,0.0012628486,0.0016903521,0.9929723,0.0007342399,0.001968949,0.0011386905,0.0
ERR2002325,0.00023629256,0.0012055858,0.0017611291,0.99215084,0.0008229192,0.0025933287,0.0012299469,0.0
SRR5180286,0.0018980558,0.98295534,0.003079863,0.0033205585,0.0017705733,0.0011426249,0.0058330595,0.0
SRR5156231,0.00024283475,0.0012205086,0.0016292086,0.99289477,0.0007775471,0.0019901446,0.0012449854,0.0
SRR1949373,0.00023249231,0.0012639539,0.0016918754,0.9929739,0.00073323125,0.0019683319,0.0011361664,0.0
SRR1948840,0.00023243293,0.0012641032,0.0016921142,0.99297416,0.0007331126,0.0019682434,0.0011357802,0.0
ERR209362,0.00023762237,0.0011658961,0.0017560561,0.99204063,0.00085181225,0.0026810288,0.0012669823,0.0
SRR6976003,0.0018980558,0.98295534,0.003079863,0.0033205585,0.0017705733,0.0011426249,0.0058330595,0.0
SRR7901835,0.0012142956,0.3338362,0.10271329,0.0001257956,0.005829543,0.00019776821,0.24784416,0.30823898
ERR522282,0.00023990124,0.0012315089,0.0016475737,0.9929165,0.00076482276,0.0019857136,0.0012139609,0.0
SRR5180409,0.0018980558,0.98295534,0.003079863,0.0033205585,0.0017705733,0.0011426249,0.0058330595,0.0
ERR1314979,0.00021988217,0.001226597,0.002469786,0.9769963,0.0014265628,0.016065408,0.0015954517,0.0
ERR1428413,0.0050000935,0.0036334568,0.009096714,0.0050869165,0.00084149075,0.00088847405,0.97545284,0.0
SRR7221451,0.0018980558,0.98295534,0.003079863,0.0033205585,0.0017705733,0.0011426249,0.0058330595,0.0
SRR4414866,0.007879335,0.007841948,0.9407302,0.006737949,0.009433328,6.168039e-05,0.027315583,0.0
SRR6931955,0.0002323735,0.001264163,0.0016921443,0.9929743,0.0007330533,0.0019682439,0.0011356913,0.0
SRR2658046,0.00023530835,0.0012506054,0.0016769922,0.992946,0.0007458421,0.0019800286,0.0011652389,0.0
ERR2528821,0.007696748,0.0036548614,0.00072715885,0.009295021,0.0012554452,0.97234356,0.0050272867,0.0
DRR024103,0.0002328487,0.0012620471,0.0016927636,0.99296445,0.00073513325,0.001974425,0.0011383649,0.0
SRR5155818,0.00024875748,0.0011970692,0.0015926129,0.99286336,0.0008001873,0.0019871455,0.0013108464,0.0
ERR1594180,0.0028001964,0.006113827,0.0070644915,0.1881099,0.41416264,0.02382207,0.20181143,0.15611541
SRR1618320,0.00023507222,0.0012515967,0.0016794144,0.99293864,0.0007462048,0.0019870042,0.001162095,0.0
SRR6670675,0.0020254853,0.39101392,0.002106488,0.002945215,0.005243898,0.39933464,0.0010827483,0.19624773
SRR2168195,0.0018980558,0.98295534,0.003079863,0.0033205585,0.0017705733,0.0011426249,0.0058330595,0.0
SRR6477307,0.0018980558,0.98295534,0.003079863,0.0033205585,0.0017705733,0.0011426249,0.0058330595,0.0
ERR1111248,0.00023299863,0.0012611315,0.0016946761,0.9929557,0.0007362078,0.0019820798,0.0011372403,0.0
SRR5179934,0.0018980558,0.98295534,0.003079863,0.0033205585,0.0017705733,0.0011426249,0.0058330595,0.0
ERR1314352,0.0018980558,0.98295534,0.003079863,0.0033205585,0.0017705733,0.0011426249,0.0058330595,0.0
ERR532251,0.00023483403,0.0012526663,0.0016788179,0.9929505,0.000743884,0.0019786737,0.0011605471,0.0
DRR043704,0.000233293,0.001259806,0.0016895077,0.99296093,0.0007372392,0.0019753014,0.0011439477,0.0
ERR1701217,0.0002323735,0.001264163,0.0016921443,0.9929743,0.0007330533,0.0019682439,0.0011356913,0.0
ERR1298188,0.0050000935,0.0036334568,0.009096714,0.0050869165,0.00084149075,0.00088847405,0.97545284,0.0
ERR1263823,0.0025940132,0.0047701867,0.0010124733,0.031589326,0.0011860082,0.95237166,0.0064763594,0.0
SRR2923047,0.0050000935,0.0036334568,0.009096714,0.0050869165,0.00084149075,0.00088847405,0.97545284,0.0
ERR2011065,0.007698626,0.0036553317,0.00072724704,0.009292214,0.0012556214,0.972342,0.005029017,0.0
SRR5312640,0.0018980558,0.98295534,0.003079863,0.0033205585,0.0017705733,0.0011426249,0.0058330595,0.0
SRR896588,0.0018980558,0.98295534,0.003079863,0.0033205585,0.0017705733,0.0011426249,0.0058330595,0.0
SRR6056008,0.0018980558,0.98295534,0.003079863,0.0033205585,0.0017705733,0.0011426249,0.0058330595,0.0
SRR1600350,0.0018982019,0.98295486,0.0030798903,0.0033206444,0.0017706016,0.0011426831,0.005833203,0.0
DRR044176,0.00024052827,0.0012303912,0.0016623724,0.9928782,0.0007683699,0.0020082192,0.0012119508,0.0
ERR1328448,0.00023533762,0.0012482234,0.0016800525,0.9929227,0.00074836885,0.0019986744,0.0011666048,0.0
SRR6875384,0.007879335,0.007841948,0.9407302,0.006737949,0.009433328,6.168039e-05,0.027315583,0.0
SRR1010983,0.0018982304,0.9829543,0.0030799774,0.0033207904,0.0017706302,0.0011426825,0.0058332887,0.0
ERR2198008,0.0003353318,0.0011333162,0.001772744,0.9911091,0.0011968578,0.0026957907,0.0017568438,0.0
ERR908085,0.007717609,0.0036320158,0.0007261279,0.009377749,0.0012617691,0.9722506,0.0050341603,0.0
ERR2198085,0.00023243293,0.0012640437,0.0016921142,0.9929741,0.0007330829,0.0019683328,0.0011358992,0.0
DRR044030,0.00023249228,0.0012638645,0.0016919347,0.9929734,0.0007332907,0.0019686886,0.0011362258,0.0
ERR1384415,0.00024200851,0.001222088,0.0016457293,0.9928659,0.000777449,0.0020146754,0.0012322002,0.0
SRR2098447,0.0018980558,0.98295534,0.003079863,0.0033205585,0.0017705733,0.0011426249,0.0058330595,0.0
ERR1971204,0.00025409696,0.0011863508,0.0016535633,0.9926167,0.0008398523,0.0021412962,0.0013081057,0.0
ERR883473,0.00023335202,0.0012594763,0.0016873924,0.9929627,0.0007374757,0.0019743454,0.001145284,0.0
SRR2163542,0.00023317437,0.0012603732,0.0016894508,0.9929633,0.0007366157,0.001974293,0.0011428787,0.0
ERR1855555,0.00064343214,0.0021311045,0.0036491454,0.5724935,0.0023152232,0.36650696,0.000641346,0.05161929
SRR6054485,0.00023898213,0.0012359555,0.0016505977,0.9929342,0.0007596866,0.0019760714,0.0012045472,0.0
SRR3214684,0.00023658537,0.0012444081,0.0016763236,0.9929158,0.0007529744,0.0019989293,0.0011749256,0.0
ERR1519385,0.0076967487,0.0036548618,0.0007272468,0.009294905,0.0012554453,0.9723435,0.0050273165,0.0
SRR994451,0.0002323735,0.001264163,0.0016921443,0.9929743,0.0007330533,0.0019682439,0.0011356913,0.0
ERR2730259,0.0002329069,0.0012616236,0.0016885898,0.9929703,0.00073542655,0.0019695654,0.001141571,0.0
SRR6318713,0.0018980558,0.98295534,0.003079863,0.0033205585,0.0017705733,0.0011426249,0.0058330595,0.0
ERR2262440,0.007895626,0.0036761786,0.00072177185,0.009431144,0.0013145858,0.9716841,0.0052765566,0.0
ERR487368,0.007696748,0.0036548614,0.00072715885,0.009295021,0.0012554452,0.97234356,0.0050272867,0.0
ERR561539,0.00023246263,0.0012640434,0.0016919947,0.9929739,0.0007332017,0.0019683917,0.0011359585,0.0
ERR1547108,0.0018980558,0.98295534,0.003079863,0.0033205585,0.0017705733,0.0011426249,0.0058330595,0.0
SRR803092,0.0018980558,0.98295534,0.003079863,0.0033205585,0.0017705733,0.0011426249,0.0058330595,0.0
SRR4414857,0.007879335,0.007841948,0.9407302,0.006737949,0.009433328,6.168039e-05,0.027315583,0.0
SRR5177276,0.0018980558,0.98295534,0.003079863,0.0033205585,0.0017705733,0.0011426249,0.0058330595,0.0
ERR1690318,0.0050000935,0.0036334568,0.009096714,0.0050869165,0.00084149075,0.00088847405,0.97545284,0.0
ERR1522853,0.0075104404,0.0042519323,0.00069128035,0.008832467,0.0013767886,0.9722871,0.005049924,0.0
ERR443680,0.0002323735,0.001264163,0.0016921443,0.9929743,0.0007330533,0.0019682439,0.0011356913,0.0
SRR6028224,0.00024508667,0.0012102957,0.0016207363,0.992865,0.0007879294,0.00200224,0.0012686752,0.0
SRR1747574,0.0018980558,0.98295534,0.003079863,0.0033205585,0.0017705733,0.0011426249,0.0058330595,0.0
SRR8611344,0.0050000935,0.0036334568,0.009096714,0.0050869165,0.00084149075,0.00088847405,0.97545284,0.0
SRR5180484,0.0018980558,0.98295534,0.003079863,0.0033205585,0.0017705733,0.0011426249,0.0058330595,0.0
ERR1385541,0.0001596757,0.0013335014,0.003298549,0.96651596,0.0011153246,0.026421413,0.0011555924,0.0
ERR2570167,0.8033563,0.023258118,0.04525518,0.006302674,0.0007260422,0.047017917,0.07408385,0.0
ERR442032,0.0002323735,0.001264163,0.0016921443,0.9929743,0.0007330533,0.0019682439,0.0011356913,0.0
ERR1135685,0.007703332,0.0036513563,0.0007287775,0.009291722,0.0012580652,0.97233623,0.0050305035,0.0
SRR3296488,0.0018980558,0.98295534,0.0030798924,0.00332047,0.0017706323,0.0011426249,0.0058330004,0.0
ERR2814655,0.79919195,0.0295216,0.044561125,0.005634699,0.0007475555,0.044745963,0.07559721,0.0
ERR747930,0.007696748,0.0036548614,0.00072715885,0.009295021,0.0012554452,0.97234356,0.0050272867,0.0
ERR2739368,0.00023243295,0.001264014,0.0016921143,0.9929742,0.0007331127,0.0019682436,0.00113581,0.0
DRR024126,0.00023868644,0.0012363512,0.0016560527,0.99292344,0.0007598111,0.0019847113,0.0012009571,0.0
SRR1704199,0.00023246265,0.0012640435,0.001691995,0.99297416,0.0007331125,0.0019683028,0.0011359586,0.0
SRR6411601,0.00023264044,0.0012631475,0.0016908596,0.99297255,0.00073394325,0.0019689216,0.0011379779,0.0
SRR1924035,0.0002323735,0.001264163,0.0016921443,0.9929743,0.0007330533,0.0019682439,0.0011356913,0.0
SRR5179931,0.0018980558,0.98295534,0.003079863,0.0033205585,0.0017705733,0.0011426249,0.0058330595,0.0
SRR5564472,0.007696748,0.0036548614,0.00072715885,0.009295021,0.0012554452,0.97234356,0.0050272867,0.0
SRR2443039,0.0018980558,0.98295534,0.003079863,0.0033205585,0.0017705733,0.0011426249,0.0058330595,0.0
SRR5165959,0.00023287759,0.0012623399,0.0016892772,0.9929722,0.00073474384,0.0019684685,0.0011400264,0.0
ERR2511648,0.00023427047,0.0012562145,0.0016801975,0.9929645,0.0007403494,0.0019697936,0.0011546358,0.0
ERR1558882,0.00023643581,0.0012454744,0.0016748601,0.992927,0.0007512466,0.0019901476,0.0011748322,0.0
SRR5915910,0.0018980558,0.98295534,0.003079863,0.0033205585,0.0017705733,0.0011426249,0.0058330595,0.0
SRR8605600,0.0050000935,0.0036334568,0.009096714,0.0050869165,0.00084149075,0.00088847405,0.97545284,0.0
SRR062252,0.0018980558,0.98295534,0.003079863,0.0033205585,0.0017705733,0.0011426249,0.0058330595,0.0
ERR1582664,0.0018980558,0.98295534,0.003079863,0.0033205585,0.0017705733,0.0011426249,0.0058330595,0.0
SRR6394139,0.00023252211,0.0012640732,0.001691965,0.99297404,0.0007332017,0.0019682727,0.0011358989,0.0
DRR047923,0.00023596229,0.0012479558,0.0016809152,0.9929258,0.0007492613,0.001991298,0.0011687167,0.0
SRR7449281,0.00023246265,0.0012640733,0.0016919652,0.99297404,0.00073320174,0.001968273,0.0011359883,0.0
ERR1897026,0.0018980558,0.98295534,0.003079863,0.0033205585,0.0017705733,0.0011426249,0.0058330595,0.0
SRR1720935,0.00023246267,0.0012640734,0.0016919952,0.99297404,0.0007331126,0.0019683922,0.0011358992,0.0
ERR308715,0.0077086263,0.0036563533,0.0007262038,0.009304928,0.0012597197,0.9722958,0.0050483393,0.0
SRR996139,0.0002323735,0.001264163,0.0016921443,0.9929743,0.0007330533,0.0019682439,0.0011356913,0.0
SRR3053344,0.00024022927,0.001229461,0.0016518625,0.99289304,0.0007683946,0.00200196,0.0012150955,0.0
SRR3633518,0.0018980558,0.98295534,0.003079863,0.0033205585,0.0017705733,0.0011426249,0.0058330595,0.0
ERR986240,0.00770364,0.0036523174,0.0007281848,0.009295296,0.0012568817,0.9723346,0.00502905,0.0
SRR3951117,0.00023492402,0.0012523729,0.001682006,0.9929431,0.00074433256,0.001983826,0.0011593908,0.0
ERR2784718,0.00023255161,0.0012635959,0.0016916062,0.99297315,0.0007335281,0.0019688061,0.0011367305,0.0
ERR522330,0.00024335746,0.0012193155,0.0016721233,0.9927811,0.0007889636,0.0020729105,0.0012222006,0.0
SRR6746172,0.0018980558,0.98295534,0.003079863,0.0033205585,0.0017705733,0.0011426249,0.0058330595,0.0
SRR3094765,0.00023531157,0.0012495518,0.001686355,0.9929206,0.00074799394,0.0019995684,0.0011606443,0.0
DRR047635,0.00023391485,0.0012571138,0.0016832708,0.9929617,0.00073955045,0.001973017,0.0011514595,0.0
SRR5947923,0.004628108,0.0043330416,0.00079494045,0.016758224,0.0012030881,0.96565753,0.006625051,0.0
SRR5868821,0.0002323735,0.001264163,0.0016921443,0.9929743,0.0007330533,0.0019682439,0.0011356913,0.0
SRR2668722,0.0018980558,0.98295534,0.003079863,0.0033205585,0.0017705733,0.0011426249,0.0058330595,0.0
ERR3005977,0.00023252203,0.0012639537,0.0016919347,0.9929738,0.0007332312,0.0019683316,0.0011361365,0.0
ERR923697,0.0050000935,0.0036334568,0.009096714,0.0050869165,0.00084149075,0.00088847405,0.97545284,0.0
SRR6058684,0.0018980558,0.98295534,0.003079863,0.0033205585,0.0017705733,0.0011426249,0.0058330595,0.0
ERR923513,0.0050025955,0.0036281378,0.009096207,0.0050973324,0.0008421992,0.0008876113,0.97544587,0.0
SRR6328125,0.0018997475,0.9829545,0.003080353,0.0033199883,0.0017715861,0.0011438109,0.0058300276,0.0
SRR5165942,0.00023435941,0.0012555585,0.0016797195,0.99296296,0.0007409136,0.001970713,0.0011557942,0.0
ERR719267,0.00024382105,0.0012173803,0.001642119,0.99282193,0.00078963756,0.0020398227,0.0012452778,0.0
ERR1462835,0.001317071,0.078781605,0.00029929078,0.009552597,0.004431718,0.9014633,0.004154375,0.0
SRR5587972,0.0018980558,0.98295534,0.003079863,0.0033205585,0.0017705733,0.0011426249,0.0058330595,0.0
SRR3883951,0.0018980558,0.98295534,0.003079863,0.0033205585,0.0017705733,0.0011426249,0.0058330595,0.0
SRR1623181,0.00023278875,0.0012622825,0.0016904996,0.99296963,0.0007347748,0.001970792,0.0011393144,0.0
ERR2219326,0.0014766703,0.06880108,0.00031306804,0.009343168,0.004353708,0.9115868,0.004125452,0.0
ERR1533430,0.0077028093,0.0036692277,0.0007254279,0.009273867,0.0012605072,0.97233695,0.0050311037,0.0
DRR043743,0.00023252208,0.0012638648,0.0016917269,0.99297404,0.0007332611,0.0019684213,0.0011361962,0.0
SRR5688042,0.0002325222,0.0012641033,0.0016920846,0.9929742,0.00073308294,0.0019682436,0.0011357209,0.0
ERR1689489,0.0050000935,0.0036334568,0.009096714,0.0050869165,0.00084149075,0.00088847405,0.97545284,0.0
SRR3201902,0.00023435932,0.0012555877,0.0016792429,0.9929645,0.0007408241,0.0019695524,0.0011559129,0.0
ERR1897553,0.0018980558,0.98295534,0.003079863,0.0033205585,0.0017705733,0.0011426249,0.0058330595,0.0
SRR500343,0.0018980558,0.98295534,0.003079863,0.0033205585,0.0017705733,0.0011426249,0.0058330595,0.0
SRR943253,0.007879335,0.007841948,0.9407302,0.006737949,0.009433328,6.168039e-05,0.027315583,0.0
ERR833583,0.0018980558,0.98295534,0.003079863,0.0033205585,0.0017705733,0.0011426249,0.0058330595,0.0
DRR070544,0.0018980558,0.98295534,0.003079863,0.0033205585,0.0017705733,0.0011426249,0.0058330595,0.0
SRR6931675,0.00023249234,0.0012639243,0.001692054,0.992973,0.0007333801,0.0019689568,0.001136107,0.0
SRR5165783,0.00023344056,0.0012597402,0.0016850673,0.9929701,0.0007370273,0.0019682122,0.0011464109,0.0
ERR531773,0.0002326404,0.0012632067,0.0016907998,0.9929727,0.0007339729,0.0019687726,0.0011379182,0.0
ERR1677228,0.0050000935,0.0036334568,0.009096714,0.0050869165,0.00084149075,0.00088847405,0.97545284,0.0
SRR3624251,0.0018980558,0.98295534,0.003079863,0.0033205585,0.0017705733,0.0011426249,0.0058330595,0.0
SRR2037052,0.007879335,0.007841948,0.9407302,0.006737949,0.009433328,6.168039e-05,0.027315583,0.0
SRR8610232,0.0050000935,0.0036334568,0.009096714,0.0050869165,0.00084149075,0.00088847405,0.97545284,0.0
SRR1929800,0.0018980558,0.98295534,0.003079863,0.0033205585,0.0017705733,0.0011426249,0.0058330595,0.0
ERR1913051,0.0002450572,0.0012106539,0.001621095,0.99286634,0.0007874544,0.0020015582,0.0012678141,0.0
SRR8609761,0.0050000935,0.0036334568,0.009096714,0.0050869165,0.00084149075,0.00088847405,0.97545284,0.0
ERR1905770,0.0050000935,0.0036334568,0.009096714,0.0050869165,0.00084149075,0.00088847405,0.97545284,0.0
SRR5097539,0.0018981433,0.982955,0.0030798616,0.0033206157,0.0017706314,0.0011426244,0.005833145,0.0
ERR500285,0.0002324627,0.0012641033,0.0016921143,0.99297416,0.0007331424,0.0019682436,0.0011357804,0.0
SRR6823521,0.0018980558,0.98295534,0.003079863,0.0033205585,0.0017705733,0.0011426249,0.0058330595,0.0
SRR632451,0.0018980558,0.98295534,0.003079863,0.0033205585,0.0017705733,0.0011426249,0.0058330595,0.0
ERR2003261,0.00023261066,0.0012630877,0.0016906214,0.9929733,0.0007339729,0.0019684157,0.0011380075,0.0
SRR8609642,0.0050000935,0.0036334568,0.009096714,0.0050869165,0.00084149075,0.00088847405,0.97545284,0.0
SRR2097682,0.0018980558,0.98295534,0.003079863,0.0033205585,0.0017705733,0.0011426249,0.0058330595,0.0
ERR1511839,0.0076077096,0.0036743884,0.0007284102,0.0093936445,0.0012511679,0.97229266,0.005052035,0.0
SRR5827520,0.0018980558,0.98295534,0.003079863,0.0033205585,0.0017705733,0.0011426249,0.0058330595,0.0
SRR2983138,0.0018980558,0.98295534,0.003079863,0.0033205585,0.0017705733,0.0011426249,0.0058330595,0.0
ERR368865,0.00023246267,0.0012641032,0.0016921142,0.9929741,0.0007331126,0.0019682732,0.0011358694,0.0
ERR522674,0.00020957146,0.0010768649,0.0025984135,0.9742612,0.0014190297,0.01883352,0.0016013416,0.0
ERR719154,0.0002341244,0.0012551281,0.0016885155,0.99294156,0.0007419938,0.00198799,0.001150663,0.0
ERR1811366,0.00023299652,0.0012614175,0.0016898718,0.9929665,0.0007356658,0.0019727515,0.001140859,0.0
SRR7453679,0.00023243285,0.0012638945,0.0016918755,0.99297404,0.0007333206,0.0019683023,0.0011361962,0.0
SRR6745400,0.0018980558,0.98295534,0.003079863,0.0033205585,0.0017705733,0.0011426249,0.0058330595,0.0
SRR6348030,0.0018980558,0.98295534,0.003079863,0.0033205585,0.0017705733,0.0011426249,0.0058330595,0.0
SRR388028,0.0002323735,0.001264163,0.0016921443,0.9929743,0.0007330533,0.0019682439,0.0011356913,0.0
SRR3037250,8.6921435e-05,0.0048623676,0.0042691226,0.8126975,0.00056359166,0.08602848,0.001191765,0.090300195
ERR1678316,0.0050023464,0.0036415195,0.009094788,0.005081551,0.00084220216,0.0008882073,0.97544944,0.0
SRR6848124,0.0018979966,0.9829552,0.0030798921,0.003320558,0.0017705731,0.0011426838,0.005833059,0.0
SRR943537,0.007879335,0.007841948,0.9407302,0.006737949,0.009433328,6.168039e-05,0.027315583,0.0
ERR2531963,0.00024310198,0.001218603,0.0016350051,0.9928799,0.00077882456,0.0019982604,0.0012462918,0.0
ERR441906,0.00023243295,0.0012640439,0.0016921143,0.99297416,0.00073308294,0.001968333,0.0011358398,0.0
SRR2168165,0.0018983184,0.98295414,0.0030800356,0.0033207894,0.0017706592,0.0011426823,0.0058333166,0.0
ERR500012,0.00023293673,0.0012618918,0.0016887392,0.9929715,0.0007351294,0.0019686737,0.0011410954,0.0
SRR1660121,0.00023252214,0.0012640435,0.001691995,0.99297416,0.0007331125,0.001968273,0.0011359288,0.0
ERR1328459,0.00023533824,0.0012504872,0.0016766362,0.9929434,0.00074634823,0.0019824093,0.0011653883,0.0
SRR5915915,0.0018980558,0.98295534,0.003079863,0.0033205585,0.0017705733,0.0011426249,0.0058330595,0.0
SRR1747650,0.0018980558,0.98295534,0.003079863,0.0033205585,0.0017705733,0.0011426249,0.0058330595,0.0
ERR2531927,0.00023813036,0.0012383612,0.0016824092,0.99287987,0.0007602563,0.0020174454,0.0011835133,0.0
ERR1582142,0.0018980558,0.98295534,0.003079863,0.0033205585,0.0017705733,0.0011426249,0.0058330595,0.0
SRR5786396,0.0018980558,0.98295534,0.003079863,0.0033205585,0.0017705733,0.0011426249,0.0058330595,0.0
ERR1905718,0.0050000935,0.0036334568,0.009096714,0.0050869165,0.00084149075,0.00088847405,0.97545284,0.0
SRR3095026,0.00028235884,0.0011553044,0.0017150862,0.9921068,0.00094966055,0.002330858,0.0014599344,0.0
SRR5467705,0.00023258135,0.0012628224,0.0016922606,0.99296826,0.00073433126,0.001972435,0.0011373255,0.0
ERR1366476,0.0076847086,0.0036846604,0.00072561466,0.009291582,0.0012615807,0.97229296,0.0050588297,0.0
ERR1691314,0.0050000935,0.0036334568,0.009096714,0.0050869165,0.00084149075,0.00088847405,0.97545284,0.0
SRR1617763,0.00023394618,0.0012564977,0.0016885471,0.9929481,0.0007404776,0.001983471,0.0011489092,0.0
ERR1314614,0.00023335399,0.0012593382,0.0016911249,0.9929501,0.000738761,0.0019848326,0.001142557,0.0
ERR2595821,0.007918651,0.0035823437,0.00074591045,0.009564796,0.0012838491,0.97184706,0.005057356,0.0
SRR6414242,0.00023267024,0.0012631775,0.001691217,0.99297196,0.00073397317,0.001969279,0.0011377104,0.0
ERR1665718,0.0018980558,0.98295534,0.003079863,0.0033205585,0.0017705733,0.0011426249,0.0058330595,0.0
ERR1582454,0.0018980558,0.98295534,0.003079863,0.0033205585,0.0017705733,0.0011426249,0.0058330595,0.0
ERR499734,0.0002323735,0.001264163,0.0016921443,0.9929743,0.0007330533,0.0019682439,0.0011356913,0.0
ERR1310900,0.00023269981,0.0012630576,0.0016905911,0.9929728,0.00073403213,0.0019686231,0.0011381855,0.0
SRR5124586,0.0027897956,0.003758103,0.020704033,0.0019099117,0.00080952054,0.004395098,0.9563717,0.0092618475
ERR1313736,0.00023284834,0.0012622237,0.0016901732,0.9929674,0.00073531055,0.001972429,0.0011396421,0.0
SRR6414342,0.00023264185,0.0012631253,0.0016935767,0.9929516,0.00073561346,0.00198339,0.001140067,0.0
ERR1428478,0.0050000935,0.0036334568,0.009096714,0.0050869165,0.00084149075,0.00088847405,0.97545284,0.0
ERR1905596,0.0050000935,0.0036334568,0.009096714,0.0050869165,0.00084149075,0.00088847405,0.97545284,0.0
SRR6508117,0.0019038977,0.98293096,0.003083165,0.0033273913,0.0017722325,0.0011431524,0.005839172,0.0
ERR309033,0.008086158,0.003760707,0.000729082,0.009516772,0.0013756878,0.97077525,0.005756299,0.0
ERR1548934,0.0025429155,0.037591346,0.07864671,0.0356104,0.8053834,0.006604397,0.033620834,0.0
SRR2897426,0.0076972186,0.0036550085,0.00072715903,0.0092942035,0.0012554454,0.97234344,0.0050275223,0.0
ERR107117,0.0002526222,0.0011881719,0.0016227,0.99272096,0.00082308153,0.0020658222,0.0013266011,0.0
SRR8609853,0.0050000935,0.0036334568,0.009096714,0.0050869165,0.00084149075,0.00088847405,0.97545284,0.0
SRR4054184,0.0018980558,0.98295534,0.003079863,0.0033205585,0.0017705733,0.0011426249,0.0058330595,0.0
ERR1523491,0.0076967487,0.0036549203,0.00072712963,0.009294817,0.0012554453,0.9723436,0.0050273165,0.0
SRR1923998,0.0002323735,0.001264163,0.0016921443,0.9929743,0.0007330533,0.0019682439,0.0011356913,0.0
ERR1382550,0.00023308526,0.0012612661,0.0016885296,0.9929688,0.00073575345,0.0019706353,0.0011419869,0.0
ERR1383528,0.00030024763,0.0011599544,0.0018721393,0.9894762,0.0012421455,0.004518642,0.0014306739,0.0
SRR5915598,0.0018980558,0.98295534,0.003079863,0.0033205585,0.0017705733,0.0011426249,0.0058330595,0.0
ERR1383141,0.00023810193,0.0012382787,0.0016769455,0.9928731,0.0007631457,0.002025993,0.001184531,0.0
ERR908077,0.0003325343,0.0020699203,0.002537638,0.9293152,0.0020650327,0.05445817,0.0021645725,0.0070569515
ERR139163,0.0002330852,0.0012614145,0.0016882912,0.99296945,0.0007356937,0.0019699507,0.0011420759,0.0
ERR1548921,0.0025429153,0.037591342,0.078646705,0.035610422,0.8053833,0.0066043963,0.03362083,0.0
ERR1385143,0.00023370796,0.0012577159,0.0016858384,0.99295765,0.0007393167,0.001977133,0.0011486998,0.0
ERR441026,0.00023246267,0.0012641627,0.0016921142,0.9929741,0.0007330829,0.0019682434,0.0011357802,0.0
ERR695623,0.00021641988,0.0011555679,0.0020694928,0.99002653,0.000916007,0.0044274167,0.0011885841,0.0
SRR3094716,0.00023463297,0.0012530317,0.001694426,0.99291545,0.00074592937,0.0020077063,0.0011488925,0.0
ERR1103043,0.0018980558,0.98295534,0.003079863,0.0033205585,0.0017705733,0.0011426249,0.0058330595,0.0
ERR1383410,0.000297116,0.0011314967,0.0016784542,0.9917884,0.0010665611,0.0024894949,0.0015484344,0.0
SRR3503242,0.00023243293,0.0012640437,0.0016921142,0.99297404,0.0007331721,0.0019683328,0.0011358099,0.0
SRR3362220,0.0002364045,0.0012459124,0.0016685732,0.99294096,0.0007503791,0.0019803487,0.001177442,0.0
ERR2528847,0.0076969257,0.0036549794,0.0007272176,0.009294526,0.0012554454,0.9723435,0.0050273756,0.0
SRR943561,0.007879335,0.007841948,0.9407302,0.006737949,0.009433328,6.168039e-05,0.027315583,0.0
SRR5985525,0.0012142956,0.3338362,0.10271329,0.0001257956,0.005829543,0.00019776821,0.24784416,0.30823898
DRR068074,0.00023281816,0.0012624295,0.0016894859,0.9929724,0.0007346548,0.0019682907,0.001139878,0.0
ERR579717,0.00023302581,0.0012614449,0.0016885597,0.99297017,0.0007354561,0.0019697137,0.0011417194,0.0
ERR675686,0.007696748,0.0036548614,0.00072715885,0.009295021,0.0012554452,0.97234356,0.0050272867,0.0
ERR501371,9.319788e-05,0.004024774,0.004182279,0.8486271,0.0006287098,0.07714394,0.001204431,0.06409556
SRR5230492,0.0018980558,0.98295534,0.003079863,0.0033205585,0.0017705733,0.0011426249,0.0058330595,0.0
SRR5915573,0.0018980558,0.98295534,0.003079863,0.0033205585,0.0017705733,0.0011426249,0.0058330595,0.0
SRR8605518,0.0050000935,0.0036334568,0.009096714,0.0050869165,0.00084149075,0.00088847405,0.97545284,0.0
SRR5327672,0.0002323735,0.001264163,0.0016921443,0.9929743,0.0007330533,0.0019682439,0.0011356913,0.0
SRR2145593,0.00024858475,0.0012039021,0.0016710617,0.9926861,0.00081487495,0.0021197218,0.0012556831,0.0
SRR5576431,0.00023350058,0.0012585532,0.0016882538,0.99295765,0.0007383675,0.0019775864,0.0011461161,0.0
SRR6975900,0.0018980558,0.98295534,0.003079863,0.0033205585,0.0017705733,0.0011426249,0.0058330595,0.0
ERR1385115,0.00024112183,0.0012256852,0.0016554336,0.9928597,0.0007750281,0.002023139,0.0012199152,0.0
SRR1767200,0.007879335,0.007841948,0.9407302,0.006737949,0.009433328,6.168039e-05,0.027315583,0.0
SRR2984175,0.0018980558,0.98295534,0.003079863,0.0033205585,0.0017705733,0.0011426249,0.0058330595,0.0
SRR8609384,0.0050000935,0.0036334568,0.009096714,0.0050869165,0.00084149075,0.00088847405,0.97545284,0.0
SRR920192,0.0002323735,0.001264163,0.0016921443,0.9929743,0.0007330533,0.0019682439,0.0011356913,0.0
ERR1855281,0.0018980558,0.98295534,0.003079863,0.0033205585,0.0017705733,0.0011426249,0.0058330595,0.0
ERR1226604,0.005000095,0.0036333983,0.009096746,0.005086918,0.00084140204,0.0008884743,0.975453,0.0
SRR5156195,0.0002339147,0.0012576783,0.0016818717,0.9929676,0.0007390146,0.0019684946,0.0011513398,0.0
SRR3027128,0.000479877,0.7113894,0.02147758,0.0010027885,0.0059934556,0.0008530915,0.035175323,0.22362852
SRR6745806,0.0018980558,0.98295534,0.003079863,0.0033205585,0.0017705733,0.0011426249,0.0058330595,0.0
ERR499715,0.0002325222,0.0012641033,0.0016921143,0.9929742,0.0007330532,0.0019682436,0.0011356911,0.0
SRR1704432,0.0002323735,0.001264163,0.0016921443,0.9929743,0.0007330533,0.0019682439,0.0011356913,0.0
ERR1689642,0.0050000935,0.0036334568,0.009096714,0.0050869165,0.00084149075,0.00088847405,0.97545284,0.0
DRR050814,0.00023275892,0.0012623713,0.0016901718,0.99297065,0.000734715,0.0019698988,0.0011394627,0.0
SRR5177360,0.0018980558,0.98295534,0.003079863,0.0033205585,0.0017705733,0.0011426249,0.0058330595,0.0
ERR531454,0.00023587274,0.001247389,0.0016771355,0.9929281,0.00074976595,0.00199192,0.0011698753,0.0
ERR1583061,0.0018980558,0.98295534,0.003079863,0.0033205585,0.0017705733,0.0011426249,0.0058330595,0.0
SRR062207,0.0018980558,0.98295534,0.003079863,0.0033205585,0.0017705733,0.0011426249,0.0058330595,0.0
SRR5947896,0.0003862977,0.001850754,0.002730757,0.8776034,0.0023355186,0.10656613,0.0018458068,0.006681323
SRR6309209,0.00023338302,0.0012591261,0.0016897811,0.9929514,0.0007390264,0.00198325,0.0011440705,0.0
SRR3056833,0.0018983189,0.9829544,0.0030799774,0.0033207608,0.0017706597,0.0011426236,0.0058332295,0.0
SRR3201903,0.00024013969,0.0012300542,0.0016513545,0.9929012,0.0007667874,0.001996098,0.0012143502,0.0
ERR1311428,0.00024043804,0.0012279472,0.0016565062,0.99287844,0.00077024044,0.0020111257,0.0012152174,0.0
ERR442962,0.0002323735,0.001264163,0.0016921443,0.9929743,0.0007330533,0.0019682439,0.0011356913,0.0
ERR1512138,0.007696691,0.003654862,0.00072715903,0.009294964,0.0012554454,0.9723436,0.0050272294,0.0
ERR525840,0.00018426779,0.0014197828,0.0027968886,0.97361386,0.001104206,0.019485386,0.0013386906,5.6982048e-05
SRR7454143,0.0002325222,0.0012640439,0.0016920846,0.9929742,0.0007331424,0.0019682436,0.0011357804,0.0
SRR3108901,0.0018980558,0.98295534,0.003079863,0.0033205585,0.0017705733,0.0011426249,0.0058330595,0.0
SRR1948879,0.00023252203,0.0012638943,0.0016918752,0.99297374,0.00073326094,0.0019684802,0.0011362258,0.0
SRR4384472,0.0018980558,0.98295534,0.003079863,0.0033205585,0.0017705733,0.0011426249,0.0058330595,0.0
DRR047689,0.00023435941,0.0012558261,0.0016796599,0.9929639,0.00074073515,0.0019698206,0.0011556158,0.0
SRR5406955,0.0018980558,0.98295534,0.003079863,0.0033205585,0.0017705733,0.0011426249,0.0058330595,0.0
ERR1315258,0.00024333702,0.0012181127,0.001623595,0.9929049,0.00077774463,0.0019804516,0.0012518384,0.0
SRR921052,0.0002323735,0.001264163,0.0016921443,0.9929743,0.0007330533,0.0019682439,0.0011356913,0.0
ERR1583306,0.0018980558,0.98295534,0.003079863,0.0033205585,0.0017705733,0.0011426249,0.0058330595,0.0
SRR996062,0.00023269973,0.0012629976,0.0016903228,0.9929732,0.0007340913,0.0019682357,0.0011384529,0.0
ERR1689283,0.0050000935,0.0036334568,0.009096714,0.0050869165,0.00084149075,0.00088847405,0.97545284,0.0
SRR1602619,0.0018980558,0.98295534,0.003079863,0.0033205585,0.0017705733,0.0011426249,0.0058330595,0.0
ERR1583464,0.0018980558,0.98295534,0.003079863,0.0033205585,0.0017705733,0.0011426249,0.0058330595,0.0
ERR2599255,0.0050000935,0.0036334568,0.009096714,0.0050869165,0.00084149075,0.00088847405,0.97545284,0.0
SRR3201932,0.0002325222,0.0012641033,0.0016921441,0.9929742,0.00073308294,0.0019682436,0.0011357209,0.0
ERR675541,0.0075437673,0.0037156786,0.00072662276,0.009713003,0.0012713921,0.9717109,0.0053185895,0.0
ERR522681,0.0002600615,0.0011940106,0.0017372429,0.99246824,0.0008479659,0.0022009758,0.001291504,0.0
ERR537774,0.0076967496,0.003654862,0.00072715903,0.009294907,0.0012554454,0.9723436,0.0050272294,0.0
SRR500422,0.0018980558,0.98295534,0.003079863,0.0033205585,0.0017705733,0.0011426249,0.0058330595,0.0
SRR6875388,0.0018980558,0.98295534,0.003079863,0.0033205585,0.0017705733,0.0011426249,0.0058330595,0.0
ERR924288,0.0050000935,0.0036334568,0.009096714,0.0050869165,0.00084149075,0.00088847405,0.97545284,0.0
SRR1948864,0.00023258144,0.0012638045,0.0016916366,0.9929738,0.0007333499,0.001968331,0.0011364633,0.0
ERR1333501,0.0018980558,0.98295534,0.003079863,0.0033205585,0.0017705733,0.0011426249,0.0058330595,0.0
SRR500369,0.0018980558,0.98295534,0.003079863,0.0033205585,0.0017705733,0.0011426249,0.0058330595,0.0
ERR441422,0.0002324626,0.001264073,0.0016920243,0.99297386,0.00073320157,0.001968332,0.0011360475,0.0
ERR1689891,0.0050000935,0.0036334568,0.009096714,0.0050869165,0.00084149075,0.00088847405,0.97545284,0.0
SRR6265230,0.00023382597,0.0012581865,0.0016828569,0.99296814,0.000738451,0.0019684988,0.0011500336,0.0
SRR8610717,0.0050000935,0.0036334568,0.009096714,0.0050869165,0.00084149075,0.00088847405,0.97545284,0.0
ERR1689014,0.0050000935,0.0036334568,0.009096714,0.0050869165,0.00084149075,0.00088847405,0.97545284,0.0
DRR029240,0.00023347203,0.0012589464,0.0016924565,0.9929518,0.0007382523,0.0019816717,0.0011433853,0.0
ERR2538461,0.0002323735,0.001264163,0.0016921443,0.9929743,0.0007330533,0.0019682439,0.0011356913,0.0
SRR4414496,0.007879335,0.007841948,0.9407302,0.006737949,0.009433328,6.168039e-05,0.027315583,0.0
ERR1593314,0.007879365,0.007841832,0.94073033,0.006737891,0.009433329,6.168063e-05,0.027315585,0.0
SRR2145527,0.0002323735,0.001264163,0.0016921443,0.9929743,0.0007330533,0.0019682439,0.0011356913,0.0
SRR7596858,0.0018980558,0.98295534,0.003079863,0.0033205585,0.0017705733,0.0011426249,0.0058330595,0.0
DRR014060,0.0018980558,0.98295534,0.003079863,0.0033205585,0.0017705733,0.0011426249,0.0058330595,0.0
SRR3355020,0.0019019675,0.98293966,0.0030819224,0.0033245587,0.0017716278,0.0011428668,0.0058374507,0.0
ERR500915,0.00023237347,0.0012641628,0.0016921441,0.9929742,0.0007330532,0.0019682436,0.00113581,0.0
ERR501184,0.00023249222,0.0012637451,0.0016916962,0.99297374,0.0007334095,0.0019685095,0.0011364634,0.0
SRR2897097,0.0076967487,0.0036550083,0.00072712963,0.00929473,0.0012555039,0.9723435,0.005027375,0.0
SRR2037038,0.007879335,0.007841948,0.9407302,0.006737949,0.009433328,6.168039e-05,0.027315583,0.0
ERR2059998,0.007696748,0.0036548907,0.00072715885,0.009295021,0.0012554452,0.97234344,0.0050272867,0.0
SRR3633240,0.0018980558,0.98295534,0.003079863,0.0033205585,0.0017705733,0.0011426249,0.0058330595,0.0
SRR5180457,0.0018980558,0.98295534,0.003079863,0.0033205585,0.0017705733,0.0011426249,0.0058330595,0.0
SRR6409029,0.00023415222,0.0012565157,0.0016824336,0.99296117,0.0007401733,0.0019725063,0.0011530629,0.0
SRR5688114,0.00023275914,0.001262908,0.0016903519,0.9929721,0.00073426956,0.0019689787,0.0011386309,0.0
ERR418219,0.007696748,0.0036548614,0.00072715885,0.009295021,0.0012554452,0.97234356,0.0050272867,0.0
ERR867361,0.00023249217,0.0012635664,0.0016917851,0.99297243,0.0007335878,0.0019694015,0.0011366714,0.0
ERR2002174,0.00023246263,0.0012640434,0.0016919947,0.99297404,0.0007331422,0.001968362,0.0011359585,0.0
ERR1897309,0.0018980558,0.98295534,0.003079863,0.0033205585,0.0017705733,0.0011426249,0.0058330595,0.0
SRR3419376,0.00023326292,0.0012606966,0.0016868282,0.99297047,0.0007362268,0.001968606,0.0011439759,0.0
ERR1897058,0.0018980558,0.98295534,0.003079863,0.0033205585,0.0017705733,0.0011426249,0.0058330595,0.0
SRR5915565,0.0018980558,0.98295534,0.003079863,0.0033205585,0.0017705733,0.0011426249,0.0058330595,0.0
SRR5803511,0.007879335,0.007841948,0.9407302,0.006737949,0.009433328,6.168039e-05,0.027315583,0.0
ERR1855535,0.0076962686,0.0036543582,0.0007270699,0.009299812,0.0012556777,0.97233796,0.0050288616,0.0
ERR2495708,0.0050000935,0.0036334568,0.009096714,0.0050869165,0.00084149075,0.00088847405,0.97545284,0.0
SRR6412086,0.0002323735,0.001264163,0.0016921443,0.9929743,0.0007330533,0.0019682439,0.0011356913,0.0
ERR2013445,0.0025429153,0.037591342,0.078646705,0.035610422,0.8053833,0.0066043963,0.03362083,0.0
ERR1971132,0.00023734549,0.0012364037,0.0017170439,0.992435,0.0007933628,0.002352454,0.0012283425,0.0
ERR673631,0.007843974,0.00781306,0.94087744,0.0066554644,0.009482627,6.3176965e-05,0.027264277,0.0
ERR1691211,0.0050000935,0.0036334568,0.009096714,0.0050869165,0.00084149075,0.00088847405,0.97545284,0.0
SRR1231524,0.0018980558,0.98295534,0.003079863,0.0033205585,0.0017705733,0.0011426249,0.0058330595,0.0
ERR756902,0.0076968386,0.003654687,0.00072718837,0.009295054,0.0012555334,0.97234327,0.0050273766,0.0
SRR8608600,0.0050000935,0.0036334568,0.009096714,0.0050869165,0.00084149075,0.00088847405,0.97545284,0.0
ERR1314154,0.00023246267,0.0012641627,0.0016921142,0.9929741,0.0007330829,0.0019682434,0.0011357802,0.0
SRR7902056,0.0050000935,0.0036334568,0.009096714,0.0050869165,0.00084149075,0.00088847405,0.97545284,0.0
ERR1263496,0.007696747,0.0036548902,0.00072715874,0.00929502,0.001255445,0.97234344,0.0050272276,0.0
SRR5210773,0.0077421386,0.0036551596,0.0007345877,0.009250796,0.0012626239,0.9723159,0.0050388677,0.0
ERR1428842,0.0050000935,0.0036334568,0.009096714,0.0050869165,0.00084149075,0.00088847405,0.97545284,0.0
SRR8608715,0.0050000935,0.0036334568,0.009096714,0.0050869165,0.00084149075,0.00088847405,0.97545284,0.0
SRR5486646,0.0018980555,0.9829553,0.0030798332,0.0033205284,0.001770691,0.0011426248,0.005833059,0.0
SRR6411567,0.0002323735,0.001264163,0.0016921443,0.9929743,0.0007330533,0.0019682439,0.0011356913,0.0
ERR1582299,0.0018980558,0.98295534,0.003079863,0.0033205585,0.0017705733,0.0011426249,0.0058330595,0.0
DRR047398,0.0002357858,0.0012491859,0.0016863727,0.9929206,0.0007484348,0.0019954494,0.0011641757,0.0
ERR1533451,0.0076982644,0.0036586367,0.0007267189,0.009289361,0.0012567329,0.97234225,0.0050280443,0.0
SRR6078490,0.0018980558,0.9829554,0.003079863,0.00332047,0.0017706323,0.0011426249,0.005832971,0.0
ERR1677356,0.0050000935,0.0036334568,0.009096714,0.0050869165,0.00084149075,0.00088847405,0.97545284,0.0
SRR6508148,0.0018980555,0.9829553,0.0030798921,0.0033205284,0.0017706321,0.0011426248,0.005833,0.0
SRR5431357,0.0002406209,0.0012303789,0.0016586484,0.9928542,0.0007749837,0.002029841,0.0012114028,0.0
ERR2738825,0.0002391896,0.0012354758,0.001648808,0.9929359,0.00076013035,0.0019742213,0.0012063282,0.0
SRR6457182,0.0018980558,0.98295534,0.003079863,0.0033205585,0.0017705733,0.0011426249,0.0058330595,0.0
SRR597274,0.007879335,0.007841948,0.9407302,0.006737949,0.009433328,6.168039e-05,0.027315583,0.0
ERR1135264,0.0031153914,0.004455122,0.0009821267,0.028977904,0.0013402298,0.95459765,0.006531521,0.0
ERR1310823,0.000234656,0.0012542154,0.0016785534,0.9929585,0.0007422792,0.0019733235,0.001158497,0.0
ERR2020028,0.0013497361,0.0012155942,0.0027606408,0.24502164,0.0060234414,0.7421842,0.0014448211,0.0
SRR6411801,0.0002324328,0.0012638645,0.0016917562,0.9929739,0.00073335017,0.001968391,0.0011362853,0.0
ERR1263477,0.0076969787,0.0036548595,0.0007271585,0.009295251,0.0012555617,0.9723427,0.0050274893,0.0
SRR5586477,0.6379988,0.0069393218,0.030166417,0.044968754,0.00083109736,0.07373333,0.020939797,0.1844225
ERR1583510,0.0018980558,0.98295534,0.003079863,0.0033205585,0.0017705733,0.0011426249,0.0058330595,0.0
SRR5181200,0.0018980558,0.98295534,0.003079863,0.0033205585,0.0017705733,0.0011426249,0.0058330595,0.0
SRR3742048,0.0018980558,0.98295534,0.003079863,0.0033205585,0.0017705733,0.0011426249,0.0058330595,0.0
SRR2546238,0.0018980558,0.98295534,0.003079863,0.0033205585,0.0017705733,0.0011426249,0.0058330595,0.0
SRR5001967,0.0018980558,0.9829554,0.0030798335,0.003320529,0.0017706323,0.0011426249,0.0058330004,0.0
SRR3581149,0.0002449219,0.0012152409,0.0016639818,0.99279463,0.00078910356,0.0020487485,0.0012433466,0.0
SRR6757683,0.0002323735,0.001264163,0.0016921443,0.9929743,0.0007330533,0.0019682439,0.0011356913,0.0
ERR441085,0.0002324626,0.001264073,0.0016919053,0.99297404,0.0007331718,0.0019682725,0.0011360475,0.0
ERR1689952,0.0050000935,0.0036334568,0.009096714,0.0050869165,0.00084149075,0.00088847405,0.97545284,0.0
DRR047469,0.00023394468,0.001257025,0.001683777,0.99296016,0.0007397292,0.0019739992,0.0011513409,0.0
ERR1691809,0.0050000935,0.0036334568,0.009096714,0.0050869165,0.00084149075,0.00088847405,0.97545284,0.0
ERR1522045,0.004707976,0.018617576,0.00039824517,0.006119284,0.0032303664,0.9630012,0.003925422,0.0
SRR970263,0.007879338,0.007842127,0.9407301,0.006737834,0.009433508,6.168041e-05,0.027315445,0.0
ERR1315173,0.00023364823,0.0012585177,0.0016847658,0.99296457,0.00073827483,0.0019719256,0.0011483119,0.0
SRR6745370,0.0018980558,0.98295534,0.003079863,0.0033205585,0.0017705733,0.0011426249,0.0058330595,0.0
SRR3951127,0.00023555297,0.0012504327,0.0016994379,0.9929045,0.00074791565,0.002009354,0.0011528085,0.0
ERR442010,0.00023243293,0.0012641032,0.0016921142,0.99297416,0.00073314237,0.0019682434,0.0011358099,0.0
SRR6670888,0.007696748,0.0036548614,0.00072715885,0.009295021,0.0012554452,0.97234356,0.0050272867,0.0
ERR2757333,0.0031174044,0.0024163618,0.02132479,0.0012841442,0.0015325045,0.012904328,0.9574205,0.0
ERR2168962,0.0018980558,0.98295534,0.003079863,0.0033205585,0.0017705733,0.0011426249,0.0058330595,0.0
SRR3501992,0.00027465052,0.0011563512,0.0017063658,0.9922322,0.0009249085,0.0022993505,0.0014061714,0.0
SRR1632794,0.0002323735,0.001264163,0.0016921443,0.9929743,0.0007330533,0.0019682439,0.0011356913,0.0
SRR3191066,0.00026489617,0.0011627121,0.0016546494,0.9924371,0.0008877649,0.0022098073,0.0013830921,0.0
SRR5177368,0.0018980558,0.98295534,0.003079863,0.0033205585,0.0017705733,0.0011426249,0.0058330595,0.0
DRR048238,0.00023281832,0.0012622222,0.0016900819,0.99297017,0.00073483377,0.0019701363,0.0011397598,0.0
ERR923742,0.0050000935,0.0036334568,0.009096714,0.0050869165,0.00084149075,0.00088847405,0.97545284,0.0
SRR5178090,0.0002323735,0.001264163,0.0016921443,0.9929743,0.0007330533,0.0019682439,0.0011356913,0.0
SRR2897142,0.007696748,0.0036550078,0.0007271295,0.0092947865,0.0012554744,0.97234356,0.005027228,0.0
ERR1382543,0.00023317388,0.0012608166,0.0016871272,0.99297065,0.00073604897,0.001968756,0.0011434711,0.0
SRR6004949,0.0018980558,0.98295534,0.003079863,0.0033205585,0.0017705733,0.0011426249,0.0058330595,0.0
ERR209668,0.00019692563,0.001132813,0.002290279,0.98933166,0.00089529494,0.005088782,0.0010642965,0.0
SRR6408879,0.0002329665,0.0012616243,0.0016891856,0.9929694,0.0007353674,0.0019702208,0.0011411848,0.0
ERR1383209,0.00023780222,0.0012401111,0.0016699099,0.992894,0.00076066965,0.002010983,0.0011865126,0.0
SRR1924023,0.0002323735,0.001264163,0.0016921443,0.9929743,0.0007330533,0.0019682439,0.0011356913,0.0
ERR977026,0.0018980558,0.98295534,0.003079863,0.0033205585,0.0017705733,0.0011426249,0.0058330595,0.0
ERR498852,0.00023252159,0.0012633861,0.0016908903,0.9929737,0.0007338247,0.0019682385,0.0011375324,0.0
SRR7610915,0.0018980558,0.98295534,0.003079863,0.0033205585,0.0017705733,0.0011426249,0.0058330595,0.0
DRR042873,0.00023403925,0.0012591359,0.001702823,0.99293476,0.00073924044,0.0019913563,0.0011386658,0.0
ERR1522210,0.007696748,0.0036548614,0.00072715885,0.009295021,0.0012554452,0.97234356,0.0050272867,0.0
ERR923726,0.0050000935,0.0036334568,0.009096714,0.0050869165,0.00084149075,0.00088847405,0.97545284,0.0
SRR1583622,0.0002324627,0.0012641033,0.0016921143,0.9929742,0.00073308294,0.0019682436,0.00113581,0.0
SRR027992,0.0018980558,0.98295534,0.003079863,0.0033205585,0.0017705733,0.0011426249,0.0058330595,0.0
SRR6745966,0.0018980558,0.98295534,0.003079863,0.0033205585,0.0017705733,0.0011426249,0.0058330595,0.0
SRR5595818,0.0018982023,0.982955,0.003079891,0.0033205862,0.0017705725,0.0011426244,0.005833116,0.0
SRR1618252,0.00023281825,0.0012624002,0.0016895162,0.9929722,0.00073462527,0.0019685887,0.0011398783,0.0
SRR6057219,0.0018980558,0.98295534,0.003079863,0.0033205585,0.0017705733,0.0011426249,0.0058330595,0.0
SRR5699287,0.00025056573,0.0012089261,0.0016897423,0.99259996,0.0008327801,0.0021773402,0.0012407227,0.0
ERR1690922,0.0050000935,0.0036334568,0.009096714,0.0050869165,0.00084149075,0.00088847405,0.97545284,0.0
ERR1677136,0.0050000935,0.0036334568,0.009096714,0.0050869165,0.00084149075,0.00088847405,0.97545284,0.0
ERR1690822,0.0050000935,0.0036334568,0.009096714,0.0050869165,0.00084149075,0.00088847405,0.97545284,0.0
SRR1574021,0.0018980558,0.98295534,0.003079863,0.0033205585,0.0017705733,0.0011426249,0.0058330595,0.0
ERR2187988,0.0025429153,0.037591342,0.078646705,0.035610422,0.8053833,0.0066043963,0.03362083,0.0
SRR943282,0.007879335,0.007841948,0.9407302,0.006737949,0.009433328,6.168039e-05,0.027315583,0.0
SRR1949325,0.00023252214,0.0012640733,0.0016920841,0.99297404,0.0007331125,0.0019682432,0.0011358991,0.0
SRR5178083,0.00023252217,0.0012641627,0.0016921142,0.9929741,0.00073305314,0.0019682434,0.0011357802,0.0
SRR5306412,0.0018980558,0.98295534,0.003079863,0.0033205585,0.0017705733,0.0011426249,0.0058330595,0.0
SRR5002122,0.0018980555,0.9829553,0.0030798332,0.0033205284,0.001770691,0.0011426248,0.005833059,0.0
ERR1314008,0.00023794924,0.0012391206,0.0016681134,0.99290043,0.00075986114,0.0020056146,0.0011888837,0.0
SRR6931349,0.0008502987,0.0017306273,0.0036177295,0.4033959,0.0032763737,0.586397,0.00073208765,0.0
ERR1194578,0.007571932,0.0036826562,0.0007284996,0.009484613,0.0012542753,0.9721794,0.0050985306,0.0
ERR443864,0.0002323735,0.001264163,0.0016921443,0.9929743,0.0007330533,0.0019682439,0.0011356913,0.0
ERR675280,0.007701455,0.0036570835,0.00072750956,0.009294601,0.0012562932,0.9723246,0.0050384407,0.0
SRR8605354,0.0050000935,0.0036334568,0.009096714,0.0050869165,0.00084149075,0.00088847405,0.97545284,0.0
ERR1689734,0.0050000935,0.0036334568,0.009096714,0.0050869165,0.00084149075,0.00088847405,0.97545284,0.0
SRR3096252,0.0018982034,0.98295534,0.003079834,0.0033204113,0.001770662,0.001142743,0.0058328244,0.0
ERR1518926,0.007696748,0.0036548614,0.00072715885,0.009295021,0.0012554452,0.97234356,0.0050272867,0.0
ERR1533592,0.0028336623,0.0024856788,0.0017118832,0.107664056,0.004360703,0.8780371,0.0029068857,0.0
SRR6419780,0.0018980558,0.98295534,0.003079863,0.0033205585,0.0017705733,0.0011426249,0.0058330595,0.0
SRR1948946,0.0002323735,0.001264163,0.0016921443,0.9929743,0.0007330533,0.0019682439,0.0011356913,0.0
ERR923705,0.0050000935,0.0036334568,0.009096714,0.0050869165,0.00084149075,0.00088847405,0.97545284,0.0
ERR2059931,0.007696748,0.0036548614,0.00072715885,0.009295021,0.0012554452,0.97234356,0.0050272867,0.0
SRR1624808,0.0002323735,0.001264163,0.0016921443,0.9929743,0.0007330533,0.0019682439,0.0011356913,0.0
SRR3632964,0.0018980558,0.98295534,0.003079863,0.0033205585,0.0017705733,0.0011426249,0.0058330595,0.0
SRR7449288,0.00023655214,0.0012463231,0.0016652044,0.992952,0.00074957253,0.001971149,0.0011791319,0.0
ERR2017139,0.0018980558,0.98295534,0.003079863,0.0033205585,0.0017705733,0.0011426249,0.0058330595,0.0
SRR1045097,0.00023246273,0.0012641035,0.0016920252,0.99297434,0.0007330533,0.0019682439,0.0011357805,0.0
ERR1385024,0.00023735323,0.0012416132,0.001664447,0.9929294,0.0007547714,0.0019855876,0.0011868257,0.0
SRR1145293,0.00023980917,0.0012378937,0.0017220929,0.99280995,0.0007653548,0.0020643163,0.0011605849,0.0
ERR1522365,0.007696748,0.0036548614,0.00072715885,0.009295021,0.0012554452,0.97234356,0.0050272867,0.0
ERR2187965,0.0025429153,0.037591342,0.078646705,0.035610422,0.8053833,0.0066043963,0.03362083,0.0
SRR3027136,0.0018980558,0.98295534,0.0030798335,0.00332047,0.0017706323,0.0011426249,0.005833089,0.0
SRR3742037,0.0018980558,0.98295534,0.003079863,0.0033205585,0.0017705733,0.0011426249,0.0058330595,0.0
SRR5176074,0.0018980558,0.98295534,0.003079863,0.0033205585,0.0017705733,0.0011426249,0.0058330595,0.0
SRR8605452,0.0050000935,0.0036334568,0.009096714,0.0050869165,0.00084149075,0.00088847405,0.97545284,0.0
SRR6444219,0.0002466365,0.0012054349,0.0016341119,0.9927883,0.0008013828,0.0020516957,0.00127241,0.0
SRR7126061,0.0018980558,0.98295534,0.003079863,0.0033205585,0.0017705733,0.0011426249,0.0058330595,0.0
SRR1747535,0.0018980558,0.98295534,0.003079863,0.0033205585,0.0017705733,0.0011426249,0.0058330595,0.0
SRR6457514,0.0018980558,0.98295534,0.003079863,0.0033205585,0.0017705733,0.0011426249,0.0058330595,0.0
ERR2836008,0.007698286,0.0036578712,0.00072674744,0.009290933,0.0012567315,0.97234076,0.005028683,0.0
SRR640619,0.007879335,0.007841948,0.9407302,0.006737949,0.009433328,6.168039e-05,0.027315583,0.0
ERR2739001,0.0002511857,0.0011879504,0.0015784227,0.9928425,0.0008108002,0.0019907218,0.0013384477,0.0
SRR3503366,0.00023258141,0.001263031,0.0016921421,0.9929692,0.0007341529,0.0019718704,0.0011370878,0.0
ERR1314676,0.00023367898,0.0012575415,0.0016875096,0.9929517,0.000739914,0.0019819879,0.0011477219,0.0
SRR5002163,0.0018981136,0.98295486,0.0030798612,0.0033206153,0.0017706313,0.0011427127,0.005833174,0.0
ERR1298459,0.0050000935,0.0036334568,0.009096714,0.0050869165,0.00084149075,0.00088847405,0.97545284,0.0
SRR6348051,0.0018980558,0.98295534,0.003079863,0.0033205585,0.0017705733,0.0011426249,0.0058330595,0.0
SRR1029140,0.0050000935,0.0036334568,0.009096714,0.0050869165,0.00084149075,0.00088847405,0.97545284,0.0
ERR2247394,0.00024369248,0.001217481,0.0016200762,0.9929129,0.00077759137,0.0019734213,0.0012549241,0.0
SRR6931919,0.0002323735,0.001264163,0.0016921443,0.9929743,0.0007330533,0.0019682439,0.0011356913,0.0
SRR1617949,0.00023249222,0.0012638344,0.0016916962,0.9929737,0.0007334095,0.0019684501,0.0011364634,0.0
ERR1583382,0.0018980558,0.98295534,0.003079863,0.0033205585,0.0017705733,0.0011426249,0.0058330595,0.0
SRR062149,0.0018980558,0.98295534,0.003079863,0.0033205585,0.0017705733,0.0011426249,0.0058330595,0.0
SRR1923912,0.0002323735,0.001264163,0.0016921443,0.9929743,0.0007330533,0.0019682439,0.0011356913,0.0
SRR5176077,0.0018980558,0.98295534,0.003079863,0.0033205585,0.0017705733,0.0011426249,0.0058330595,0.0
ERR498643,0.00023252206,0.0012639539,0.0016918754,0.99297404,0.00073323125,0.0019682425,0.0011361366,0.0
SRR6365008,0.00023269978,0.0012630871,0.0016904421,0.99297315,0.0007340023,0.001968266,0.0011383638,0.0
ERR1589328,0.007879335,0.007841948,0.9407302,0.006737949,0.009433328,6.168039e-05,0.027315583,0.0
ERR441660,0.00023246267,0.0012641032,0.0016921142,0.99297404,0.00073314237,0.0019682732,0.0011357802,0.0
ERR1522988,0.0076986416,0.00365925,0.0007266893,0.009288771,0.0012569373,0.9723404,0.005029389,0.0
SRR5457574,0.0018980558,0.98295534,0.003079863,0.0033205585,0.0017705733,0.0011426249,0.0058330595,0.0
ERR1582066,0.0018980558,0.98295534,0.003079863,0.0033205585,0.0017705733,0.0011426249,0.0058330595,0.0
ERR1383695,0.00023474678,0.0012527959,0.0016828774,0.9929368,0.00074516935,0.001989726,0.0011578798,0.0
ERR1523573,0.0062578837,0.0040797596,0.0007570652,0.012429763,0.0013404787,0.969403,0.005732002,0.0
SRR2143805,0.00024145083,0.0012268248,0.001654435,0.992843,0.00077946566,0.0020343973,0.0012204599,0.0
SRR5983319,0.000233324,0.0012594261,0.0016918072,0.9929539,0.00073783804,0.0019816477,0.0011421394,0.0
SRR5097541,0.0019009457,0.98294365,0.0030814377,0.003323456,0.0017713424,0.0011428139,0.0058363024,0.0
SRR3381583,0.00028448264,0.001121581,0.001578834,0.99217355,0.0009821042,0.0022708967,0.0015885546,0.0
SRR8609982,0.0050000935,0.0036334568,0.009096714,0.0050869165,0.00084149075,0.00088847405,0.97545284,0.0
SRR5396135,0.0018980558,0.98295534,0.003079863,0.0033205585,0.0017705733,0.0011426249,0.0058330595,0.0
ERR1297939,0.0050000935,0.0036334568,0.009096714,0.0050869165,0.00084149075,0.00088847405,0.97545284,0.0
ERR2042057,0.00023958013,0.0012320754,0.0016655801,0.99288076,0.00076615077,0.0020127704,0.0012031057,0.0
ERR2495586,0.0050000935,0.0036334568,0.009096714,0.0050869165,0.00084149075,0.00088847405,0.97545284,0.0
SRR7453892,0.00023246265,0.0012640733,0.0016920246,0.99297404,0.00073314225,0.0019683326,0.0011359586,0.0
ERR1691017,0.0050000935,0.0036334568,0.009096714,0.0050869165,0.00084149075,0.00088847405,0.97545284,0.0
ERR532039,0.0002521246,0.0011906775,0.0016386315,0.9927019,0.00082239363,0.0020825705,0.0013117437,0.0
ERR923968,0.0050000935,0.0036334568,0.009096714,0.0050869165,0.00084149075,0.00088847405,0.97545284,0.0
SRR609901,0.007879335,0.007841948,0.9407302,0.006737949,0.009433328,6.168039e-05,0.027315583,0.0
ERR1689106,0.0050000935,0.0036334568,0.009096714,0.0050869165,0.00084149075,0.00088847405,0.97545284,0.0
SRR2087940,0.0018980558,0.98295534,0.003079863,0.0033205585,0.0017705733,0.0011426249,0.0058330595,0.0
SRR6477242,0.0018980558,0.98295534,0.003079863,0.0033205585,0.0017705733,0.0011426249,0.0058330595,0.0
ERR441178,0.00023246267,0.0012641032,0.0016921142,0.9929741,0.0007331126,0.0019682434,0.0011358397,0.0
SRR8609370,0.0050000935,0.0036334568,0.009096714,0.0050869165,0.00084149075,0.00088847405,0.97545284,0.0
ERR1689062,0.0050000935,0.0036334568,0.009096714,0.0050869165,0.00084149075,0.00088847405,0.97545284,0.0
SRR5902452,0.0018980558,0.98295534,0.003079863,0.0033205585,0.0017705733,0.0011426249,0.0058330595,0.0
SRR3362102,0.00023560449,0.0012499441,0.001672878,0.99294823,0.0007469087,0.0019777867,0.0011687124,0.0
SRR7453574,0.00023252203,0.001263924,0.0016917859,0.992974,0.0007332312,0.0019682422,0.0011363149,0.0
ERR487929,0.007696748,0.0036548614,0.00072715885,0.009295021,0.0012554452,0.97234356,0.0050272867,0.0
ERR1676955,0.0050000935,0.0036334568,0.009096714,0.0050869165,0.00084149075,0.00088847405,0.97545284,0.0
ERR443669,0.0002323735,0.001264163,0.0016921443,0.9929743,0.0007330533,0.0019682439,0.0011356913,0.0
SRR3094840,0.00024059313,0.0012407443,0.0017092286,0.9927672,0.00077993463,0.0021025424,0.0011597136,0.0
SRR4786512,0.0018980558,0.98295534,0.003079863,0.0033205585,0.0017705733,0.0011426249,0.0058330595,0.0
SRR2658684,0.00025259645,0.0011861981,0.0016241827,0.9927031,0.00082728756,0.0020836678,0.0013230237,0.0
DRR043111,0.00023249234,0.001263954,0.0016918755,0.99297404,0.0007332611,0.0019682725,0.0011361367,0.0
SRR1622919,0.0002323735,0.001264163,0.0016921443,0.9929743,0.0007330533,0.0019682439,0.0011356913,0.0
SRR3951044,0.00023341185,0.0012589426,0.001689715,0.99295694,0.0007380419,0.0019781557,0.0011448691,0.0
ERR1328409,0.00024668002,0.0012101121,0.0016564798,0.9927341,0.000807019,0.0020930625,0.0012524944,0.0
SRR6367220,0.00023962176,0.001233832,0.0016980247,0.9928286,0.00076791394,0.002050408,0.0011815411,0.0
DRR066453,0.0018980558,0.98295534,0.003079863,0.0033205585,0.0017705733,0.0011426249,0.0058330595,0.0
ERR1913073,0.00023904137,0.0012364301,0.0016491683,0.9929407,0.00075903145,0.0019710131,0.0012045758,0.0
SRR2897077,0.007697365,0.0036550965,0.00072724686,0.009293764,0.001255504,0.9723433,0.0050276686,0.0
ERR561285,0.00023984635,0.0012322761,0.0016559332,0.99288195,0.0007692691,0.0020119553,0.0012087793,0.0
ERR1582601,0.0018980558,0.98295534,0.003079863,0.0033205585,0.0017705733,0.0011426249,0.0058330595,0.0
ERR579400,0.00072172284,0.0022821426,0.0036488175,0.47542197,0.0024618506,0.45381874,0.00052306056,0.061121702
SRR5155887,0.0002743834,0.0011530526,0.0016935525,0.9922316,0.00093151187,0.0023072055,0.001408672,0.0
ERR1523108,0.007696526,0.003657181,0.000726955,0.009291815,0.0012560915,0.9723449,0.005026563,0.0
ERR1314552,0.00023682027,0.0012438269,0.0016681523,0.9929282,0.0007533514,0.0019885527,0.0011810377,0.0
SRR3503280,0.00023397412,0.001256607,0.0016830014,0.99296,0.00073996617,0.0019741156,0.001152321,0.0
DRR043750,0.00023252208,0.0012639838,0.0016919648,0.9929738,0.00073323137,0.0019684213,0.0011360772,0.0
SRR3952301,0.0018980558,0.98295534,0.003079863,0.0033205585,0.0017705733,0.0011426249,0.0058330595,0.0
SRR6932182,0.00023246265,0.0012641328,0.001691995,0.99297404,0.00073314225,0.001968273,0.0011358693,0.0
ERR1897725,0.0019162595,0.23020813,0.00033947825,0.00825119,0.0020509958,0.6014179,0.0042052865,0.15161079
SRR2034270,0.0018980558,0.98295534,0.003079863,0.0033205585,0.0017705733,0.0011426249,0.0058330595,0.0
ERR2511545,0.0002453513,0.0012114405,0.0016091178,0.99290824,0.00078348845,0.001969829,0.0012725256,0.0
SRR6038394,0.0002555205,0.0012034451,0.0017299245,0.99247515,0.00085550296,0.0022505736,0.0012298896,0.0
SRR2154919,0.0002323735,0.001264163,0.0016921443,0.9929743,0.0007330533,0.0019682439,0.0011356913,0.0
SRR6188410,0.0018980558,0.98295534,0.003079863,0.0033205585,0.0017705733,0.0011426249,0.0058330595,0.0
SRR1302148,0.0018980558,0.98295534,0.003079863,0.0033205585,0.0017705733,0.0011426249,0.0058330595,0.0
ERR561509,0.00023310274,0.0012687976,0.0017079624,0.9928136,0.0007576731,0.002096348,0.0011225877,0.0
SRR6412071,0.00023252217,0.0012641032,0.0016920844,0.99297404,0.0007330829,0.001968303,0.0011358099,0.0
SRR6465743,0.00023667263,0.0012445167,0.0016728296,0.9929267,0.0007521948,0.0019892754,0.001177801,0.0
ERR1690257,0.0050000935,0.0036334568,0.009096714,0.0050869165,0.00084149075,0.00088847405,0.97545284,0.0
SRR1649612,0.0018980558,0.98295534,0.003079863,0.0033204993,0.0017705733,0.0011426249,0.0058330595,0.0
ERR1385462,0.00024918802,0.0011979999,0.0016403168,0.9927469,0.0008101659,0.0020663068,0.0012891517,0.0
ERR996180,0.007371364,0.0037297157,0.0007330758,0.009642604,0.0012373108,0.9721899,0.005096052,0.0
ERR1315520,0.00023445037,0.0012542291,0.0016853834,0.9929413,0.00074314995,0.001987474,0.0011539884,0.0
SRR5786479,0.0018980558,0.98295534,0.003079863,0.0033205585,0.0017705733,0.0011426249,0.0058330595,0.0
SRR6028644,0.00023347045,0.0012599195,0.001685455,0.99296963,0.0007369385,0.0019685999,0.0011459059,0.0
SRR5227106,0.0018980558,0.98295534,0.003079863,0.0033205585,0.0017705733,0.0011426249,0.0058330595,0.0
ERR1512292,0.0076967496,0.0036550378,0.00072715903,0.009294642,0.001255504,0.9723436,0.0050272,0.0
SRR2831429,0.0018980558,0.98295534,0.003079863,0.0033205585,0.0017705733,0.0011426249,0.0058330595,0.0
SRR5915379,0.0018980558,0.98295534,0.003079863,0.0033205585,0.0017705733,0.0011426249,0.0058330595,0.0
ERR833409,0.0018980558,0.98295534,0.003079863,0.0033205585,0.0017705733,0.0011426249,0.0058330595,0.0
SRR6207123,0.0018980558,0.98295534,0.003079863,0.0033205585,0.0017705733,0.0011426249,0.0058330595,0.0
ERR3040009,0.00023400386,0.001257529,0.0016817818,0.9929672,0.0007391036,0.0019687617,0.0011516368,0.0
ERR1716706,0.0018980558,0.98295534,0.003079863,0.0033205585,0.0017705733,0.0011426249,0.0058330595,0.0
SRR6411557,0.00023246273,0.0012641035,0.0016920848,0.9929743,0.0007330533,0.0019682439,0.0011357805,0.0
SRR6670496,0.007698314,0.0036556,0.0007274823,0.009291698,0.0012558574,0.9723409,0.005030166,0.0
SRR3664289,0.0018980558,0.98295534,0.003079863,0.0033205585,0.0017705733,0.0011426249,0.0058330595,0.0
SRR6932289,0.0002323735,0.001264163,0.0016921443,0.9929743,0.0007330533,0.0019682439,0.0011356913,0.0
ERR006693,0.00023269992,0.0012632069,0.001691038,0.9929722,0.00073394325,0.0019691,0.0011378588,0.0
ERR441885,0.0002325515,0.0012635655,0.0016912782,0.9929736,0.0007335575,0.0019683293,0.0011370275,0.0
SRR8610862,0.0050000935,0.0036334568,0.009096714,0.0050869165,0.00084149075,0.00088847405,0.97545284,0.0
ERR1226132,0.00023947674,0.001237004,0.0017095623,0.99282527,0.00076521904,0.002052254,0.0011712379,0.0
ERR539308,0.007879335,0.007841948,0.9407302,0.006737949,0.009433328,6.168039e-05,0.027315583,0.0
SRR5590575,0.0018980558,0.98295534,0.003079863,0.0033205585,0.0017705733,0.0011426249,0.0058330595,0.0
SRR3647818,0.00023948742,0.0012324144,0.0016551162,0.9929064,0.00076417666,0.0019940033,0.0012084716,0.0
SRR2658234,0.00023433148,0.0012469017,0.0018076489,0.9916457,0.0008367919,0.0029742187,0.0012543994,0.0
ERR1384576,0.00023623159,0.0012480833,0.0016767922,0.99290985,0.0007540553,0.0020047857,0.0011701524,0.0
ERR522339,0.00025654634,0.0011508904,0.0016505432,0.9915983,0.00094200793,0.0028822212,0.0015195048,0.0
SRR5165824,0.00023554465,0.0012508049,0.0016710911,0.9929605,0.0007453015,0.0019685335,0.0011682647,0.0
SRR6932518,0.0002323735,0.001264163,0.0016921443,0.9929743,0.0007330533,0.0019682439,0.0011356913,0.0
SRR1632416,0.0002323735,0.001264163,0.0016921443,0.9929743,0.0007330533,0.0019682439,0.0011356913,0.0
SRR996747,0.0002323735,0.001264163,0.0016921443,0.9929743,0.0007330533,0.0019682439,0.0011356913,0.0
ERR1314319,0.007224366,0.0037304808,0.00072630617,0.01019793,0.0012602488,0.9714925,0.005368016,0.0
DRR042806,0.00023653382,0.0012485845,0.0017037455,0.99288684,0.0007510365,0.0020165758,0.0011565825,0.0
SRR5868612,0.00023243288,0.0012640732,0.0016920245,0.992974,0.00073317194,0.001968362,0.0011359287,0.0
ERR1677183,0.0050000935,0.0036334568,0.009096714,0.0050869165,0.00084149075,0.00088847405,0.97545284,0.0
SRR7449106,0.00023246263,0.0012640732,0.001691965,0.99297404,0.0007332017,0.001968243,0.0011359882,0.0
SRR882221,0.0018980558,0.98295534,0.003079863,0.0033205585,0.0017705733,0.0011426249,0.0058330595,0.0
ERR1382366,0.00023685223,0.0012432436,0.001674533,0.9929114,0.00075466715,0.002001361,0.0011779256,0.0
ERR498977,0.0002505958,0.0011905604,0.0015878204,0.9928206,0.00081188633,0.0020094945,0.0013290171,0.0
ERR1548875,0.005000533,0.0036337492,0.009096675,0.0050867926,0.0008416677,0.00088856206,0.975452,0.0
SRR1824397,0.0018980558,0.98295534,0.003079863,0.0033205585,0.0017705733,0.0011426249,0.0058330595,0.0
SRR3361473,0.0002335,0.0012588475,0.001686108,0.992963,0.00073803845,0.0019734467,0.0011470948,0.0
ERR1896673,0.0018980558,0.98295534,0.003079863,0.0033205585,0.0017705733,0.0011426249,0.0058330595,0.0
ERR720193,0.0002340334,0.0012567546,0.0016821672,0.9929627,0.0007398466,0.0019720022,0.0011524687,0.0
SRR3624214,0.0018980558,0.98295534,0.003079863,0.0033205585,0.0017705733,0.0011426249,0.0058330595,0.0
SRR2027148,0.0018980558,0.98295534,0.003079863,0.0033205585,0.0017705733,0.0011426249,0.0058330595,0.0
DRR042723,0.00023899453,0.0012364956,0.0016911651,0.99285436,0.00076374144,0.0020322716,0.001182956,0.0
ERR2570268,0.7973747,0.032029107,0.044048287,0.0054267254,0.0007501353,0.043935906,0.076435156,0.0
SRR1602635,0.0018980558,0.98295534,0.003079863,0.0033205585,0.0017705733,0.0011426249,0.0058330595,0.0
SRR6679566,0.007879335,0.007841948,0.9407302,0.006737949,0.009433328,6.168039e-05,0.027315583,0.0
SRR7448833,0.00023243293,0.0012641032,0.0016921142,0.99297416,0.0007331126,0.0019682434,0.0011358397,0.0
ERR2262525,0.007813735,0.0036530118,0.0007184798,0.009572147,0.0013069205,0.97168314,0.005252572,0.0
SRR2980440,0.00094427436,0.0006995461,0.00078206975,0.98107296,0.0028219803,0.0020252285,0.011654003,0.0
ERR1314374,0.0018980558,0.98295534,0.003079863,0.0033205585,0.0017705733,0.0011426249,0.0058330595,0.0
ERR1538968,0.007879335,0.007841948,0.9407302,0.00673789,0.0094332695,6.168039e-05,0.02731567,0.0
ERR1103177,0.0018980558,0.98295534,0.003079863,0.0033205585,0.0017705733,0.0011426249,0.0058330595,0.0
ERR1523761,0.0076968954,0.003655096,0.0007271589,0.009294495,0.0012555332,0.9723435,0.0050274045,0.0
ERR719520,0.00023281857,0.0012628185,0.0016902622,0.9929722,0.00073429913,0.0019688294,0.0011387793,0.0
ERR2511208,0.00026063668,0.0011571068,0.0015537705,0.9926844,0.00085823383,0.0020535472,0.0014321936,0.0
ERR1366496,0.0076971296,0.0036550374,0.00072712963,0.009294436,0.0012554745,0.97234315,0.0050276974,0.0
ERR1689879,0.0050000935,0.0036334568,0.009096714,0.0050869165,0.00084149075,0.00088847405,0.97545284,0.0
SRR2034607,0.007879335,0.007841948,0.9407302,0.006737949,0.009433328,6.168039e-05,0.027315583,0.0
DRR060022,0.0018980558,0.98295534,0.003079863,0.0033205585,0.0017705733,0.0011426249,0.0058330595,0.0
ERR1384152,0.00023637497,0.0012461217,0.0016688721,0.99294084,0.0007502607,0.001980618,0.001176967,0.0
SRR6394242,0.00023243298,0.0012641035,0.0016922038,0.992974,0.0007331128,0.0019684522,0.0011356913,0.0
SRR1632427,0.0002323735,0.001264163,0.0016921443,0.9929743,0.0007330533,0.0019682439,0.0011356913,0.0
SRR8609931,0.0050000935,0.0036334568,0.009096714,0.0050869165,0.00084149075,0.00088847405,0.97545284,0.0
ERR1384858,0.00023593621,0.0012469045,0.0016869202,0.99290454,0.00075162284,0.002010217,0.0011638865,0.0
SRR5800745,0.0018980558,0.98295534,0.003079863,0.0033205585,0.0017705733,0.0011426249,0.0058330595,0.0
ERR2198086,0.00023347039,0.0012592648,0.0016861387,0.9929649,0.000737563,0.0019721095,0.0011465303,0.0
ERR561337,0.00023308581,0.0012612393,0.0016896044,0.9929629,0.00073652854,0.0019751315,0.0011414839,0.0
SRR7448664,0.00023252214,0.0012640435,0.0016920544,0.99297404,0.0007331125,0.0019683028,0.0011358693,0.0
ERR1811305,0.00023631638,0.0012460372,0.001671139,0.99293303,0.0007510072,0.0019866934,0.001175752,0.0
SRR2761315,0.0002485626,0.0011982633,0.0016291884,0.99276614,0.0008090329,0.002058091,0.0012907233,0.0
SRR3053460,0.00023427058,0.0012553524,0.0016812693,0.99295753,0.0007413016,0.0019751485,0.0011551718,0.0
ERR1315163,0.00025500683,0.0011907754,0.0016787207,0.99255097,0.00084963616,0.002188883,0.001286009,0.0
ERR1263250,0.0076713865,0.0036599701,0.00072752446,0.009325224,0.0012544151,0.9723273,0.005034121,0.0
ERR1690107,0.0050000935,0.0036334568,0.009096714,0.0050869165,0.00084149075,0.00088847405,0.97545284,0.0
SRR5514605,0.0018980558,0.98295534,0.003079863,0.0033205585,0.0017705733,0.0011426249,0.0058330595,0.0
SRR5803339,0.007879335,0.007841948,0.9407302,0.006737949,0.009433328,6.168039e-05,0.027315583,0.0
SRR5831895,0.0002325518,0.0012635374,0.0016922323,0.99297136,0.0007336179,0.0019703247,0.0011364043,0.0
SRR5786133,0.0018980558,0.98295534,0.003079863,0.0033205585,0.0017705733,0.0011426249,0.0058330595,0.0
ERR2043423,0.007879335,0.007841948,0.9407302,0.006737949,0.009433328,6.168039e-05,0.027315583,0.0
SRR7610909,0.0018980558,0.98295534,0.0030798924,0.00332047,0.0017706323,0.0011426249,0.005833089,0.0
SRR2098541,0.0018980558,0.98295534,0.003079863,0.0033205585,0.0017705733,0.0011426249,0.0058330595,0.0
SRR908078,0.007879335,0.007841948,0.9407302,0.006737949,0.009433328,6.168039e-05,0.027315583,0.0
ERR1315002,0.00025048526,0.0011985343,0.0016719638,0.99265057,0.00082426367,0.0021361737,0.001268011,0.0
SRR7453389,0.00023779724,0.0012411559,0.0016605654,0.9929356,0.00075518095,0.0019781636,0.0011914846,0.0
SRR6764760,0.0050000935,0.0036334568,0.009096714,0.0050869165,0.00084149075,0.00088847405,0.97545284,0.0
ERR443491,0.0002323735,0.001264163,0.0016921443,0.9929743,0.0007330533,0.0019682439,0.0011356913,0.0
SRR1704567,0.0002323735,0.001264163,0.0016921443,0.9929743,0.0007330533,0.0019682439,0.0011356913,0.0
ERR487271,0.007696748,0.0036548614,0.00072715885,0.009295021,0.0012554452,0.97234356,0.0050272867,0.0
SRR5488302,0.0018980558,0.98295534,0.003079863,0.0033205585,0.0017705733,0.0011426249,0.0058330595,0.0
ERR498872,0.0002323735,0.001264163,0.0016921443,0.9929743,0.0007330533,0.0019682439,0.0011356913,0.0
ERR923488,0.0050000935,0.0036334568,0.009096714,0.0050869165,0.00084149075,0.00088847405,0.97545284,0.0
ERR450845,0.0002323735,0.001264163,0.0016921443,0.9929743,0.0007330533,0.0019682439,0.0011356913,0.0
SRR995340,0.0002323735,0.001264163,0.0016921443,0.9929743,0.0007330533,0.0019682439,0.0011356913,0.0
ERR1311624,0.00027098675,0.0012142182,0.0018361756,0.99210566,0.0009407023,0.0024581328,0.0011741371,0.0
SRR5165730,0.00023243295,0.0012641033,0.0016921143,0.9929742,0.0007331127,0.0019682436,0.0011357804,0.0
ERR2511213,0.00023741227,0.0012417001,0.0016629567,0.99293363,0.0007544725,0.001982342,0.0011875967,0.0
ERR500086,0.0002324922,0.0012638938,0.0016916961,0.9929738,0.00073332014,0.0019683011,0.001136493,0.0
ERR3005956,0.00023492497,0.0012513964,0.0016836786,0.9929306,0.00074641773,0.0019936499,0.001159336,0.0
SRR6823593,0.0018980558,0.98295534,0.003079863,0.0033205585,0.0017705733,0.0011426249,0.0058330595,0.0
ERR501074,0.00014577206,0.0008524452,0.003953161,0.96524024,0.0013259769,0.027555939,0.0009265492,0.0
ERR2511735,0.00023872101,0.0012353946,0.0016687271,0.9928856,0.00076342537,0.002013543,0.0011945568,0.0
SRR3095182,0.00029072343,0.0011465095,0.001744519,0.9918524,0.0010006869,0.002503308,0.0014618539,0.0
SRR387986,0.0002323735,0.001264163,0.0016921443,0.9929743,0.0007330533,0.0019682439,0.0011356913,0.0
ERR1743280,0.0018980558,0.98295534,0.003079863,0.0033205585,0.0017705733,0.0011426249,0.0058330595,0.0
ERR756398,0.007696748,0.0036548907,0.00072715885,0.009294992,0.0012554452,0.97234344,0.0050272867,0.0
SRR5564487,0.007696748,0.0036548614,0.00072715885,0.009295021,0.0012554452,0.97234356,0.0050272867,0.0
SRR924026,0.0050000935,0.0036334568,0.009096714,0.0050869165,0.00084149075,0.00088847405,0.97545284,0.0
ERR2511745,0.00028544228,0.0011440588,0.0016977258,0.9919935,0.0010014417,0.0024216948,0.0014561451,0.0
ERR1311597,0.00025854915,0.0011762885,0.0016595738,0.9925413,0.00085808337,0.0021709325,0.0013353019,0.0
SRR8605143,0.0050000935,0.0036334568,0.009096714,0.0050869165,0.00084149075,0.00088847405,0.97545284,0.0
SRR6931471,0.0002323735,0.001264163,0.0016921443,0.9929743,0.0007330533,0.0019682439,0.0011356913,0.0
SRR5822389,0.0075611062,0.0037664336,0.0007215031,0.009338236,0.0012717847,0.9723161,0.005024802,0.0
SRR5915201,0.0018980558,0.98295534,0.003079863,0.0033205585,0.0017705733,0.0011426249,0.0058330595,0.0
SRR6398186,0.0018980558,0.98295534,0.003079863,0.0033205585,0.0017705733,0.0011426249,0.0058330595,0.0
ERR1313812,0.0076976,0.0036550383,0.00072727626,0.009293765,0.0012555334,0.9723431,0.005027728,0.0
SRR7902260,0.0012142956,0.3338362,0.10271329,0.0001257956,0.005829543,0.00019776821,0.24784416,0.30823898
SRR7663412,0.0018980558,0.98295534,0.003079863,0.0033205585,0.0017705733,0.0011426249,0.0058330595,0.0
SRR7597083,0.0018980558,0.98295534,0.003079863,0.0033205585,0.0017705733,0.0011426249,0.0058330595,0.0
SRR1119227,0.0018980558,0.98295534,0.003079863,0.0033205585,0.0017705733,0.0011426249,0.0058330595,0.0
SRR6745954,0.0018980558,0.98295534,0.003079863,0.0033205585,0.0017705733,0.0011426249,0.0058330595,0.0
SRR6411702,0.00023376828,0.0012578691,0.0016904847,0.992951,0.0007392896,0.001981007,0.0011466217,0.0
SRR8605679,0.0050000935,0.0036334568,0.009096714,0.0050869165,0.00084149075,0.00088847405,0.97545284,0.0
SRR5786401,0.0018980558,0.98295534,0.003079863,0.0033205585,0.0017705733,0.0011426249,0.0058330595,0.0
SRR8608329,0.0050000935,0.0036334568,0.009096714,0.0050869165,0.00084149075,0.00088847405,0.97545284,0.0
ERR1677024,0.0050000935,0.0036334568,0.009096714,0.0050869165,0.00084149075,0.00088847405,0.97545284,0.0
ERR1263682,0.007696953,0.0036549198,0.00072715885,0.009294611,0.0012555623,0.9723432,0.0050275796,0.0
ERR1522396,0.007696748,0.0036548614,0.00072715885,0.009295021,0.0012554452,0.97234356,0.0050272867,0.0
SRR6008394,0.0018980558,0.98295534,0.003079863,0.0033205585,0.0017705733,0.0011426249,0.0058330595,0.0
SRR3624442,0.0012142956,0.3338362,0.10271329,0.0001257956,0.005829543,0.00019776821,0.24784416,0.30823898
SRR6411608,0.00023243282,0.0012637159,0.0016920539,0.9929725,0.0007334692,0.0019694918,0.001136315,0.0
ERR1691705,0.0050000935,0.0036334568,0.009096714,0.0050869165,0.00084149075,0.00088847405,0.97545284,0.0
ERR2002326,0.00023287768,0.0012620132,0.0016897835,0.9929703,0.00073492253,0.0019700457,0.0011400863,0.0
SRR5082871,0.007782508,0.0037839527,0.0007093777,0.009147847,0.0013111904,0.9721244,0.0051407698,0.0
SRR6408613,0.0002327608,0.0012633929,0.0016927436,0.99297005,0.00073391787,0.0019720863,0.0011350398,0.0
SRR5178574,0.0018980558,0.98295534,0.003079863,0.0033205585,0.0017705733,0.0011426249,0.0058330595,0.0
SRR8610805,0.0050000935,0.0036334568,0.009096714,0.0050869165,0.00084149075,0.00088847405,0.97545284,0.0
ERR500462,0.00023267027,0.0012633859,0.0016908305,0.9929734,0.0007338245,0.0019682976,0.0011376214,0.0
SRR6412128,0.00023563896,0.0012504153,0.0016887657,0.9929042,0.00074933306,0.0020060246,0.0011656425,0.0
SRR3191025,0.00023483367,0.0012528726,0.0016776553,0.9929543,0.00074361515,0.0019756367,0.001161051,0.0
ERR1310292,0.00023589031,0.0012552458,0.0016990944,0.9928744,0.00075487874,0.0020378483,0.0011426848,0.0
ERR543139,0.007879335,0.007841948,0.9407302,0.006737949,0.009433328,6.168039e-05,0.027315583,0.0
ERR1466962,0.00023714591,0.0012431942,0.0016669814,0.99293286,0.0007531383,0.0019827397,0.0011839152,0.0
ERR1310305,0.00023252217,0.0012639842,0.0016919952,0.99297416,0.0007331721,0.0019682732,0.0011358694,0.0
ERR2001907,0.00015782556,0.0009188916,0.0034488563,0.9753571,0.0012021386,0.017953772,0.00096133875,0.0
ERR1521942,0.0076967496,0.0036549207,0.0007271883,0.009294877,0.0012554454,0.9723436,0.005027288,0.0
SRR5176122,0.0018980558,0.98295534,0.003079863,0.0033205585,0.0017705733,0.0011426249,0.0058330595,0.0
SRR6872967,0.0018980558,0.98295534,0.003079863,0.0033205585,0.0017705733,0.0011426249,0.0058330595,0.0
SRR632557,0.0018980558,0.98295534,0.003079863,0.0033204993,0.0017705733,0.0011426249,0.0058330595,0.0
SRR6931440,0.0002324627,0.0012640735,0.0016921441,0.9929741,0.0007331424,0.0019683032,0.0011357209,0.0
ERR2442770,0.0076967487,0.0036548618,0.00072712963,0.009294905,0.0012554453,0.9723436,0.0050272876,0.0
SRR5869434,0.00023249228,0.0012638943,0.0016919347,0.9929736,0.0007332907,0.00196851,0.0011362258,0.0
SRR5699230,0.00023284812,0.0012626686,0.0016897849,0.9929728,0.0007343878,0.001968233,0.0011392543,0.0
ERR2598680,0.007696748,0.0036548614,0.00072715885,0.009295021,0.0012554452,0.97234356,0.0050272867,0.0
SRR8611043,0.0050000935,0.0036334568,0.009096714,0.0050869165,0.00084149075,0.00088847405,0.97545284,0.0
SRR2010426,0.00023513017,0.0012521833,0.0016762803,0.9929546,0.00074420706,0.0019740225,0.0011635448,0.0
SRR2168011,0.0018980558,0.98295534,0.003079863,0.0033205585,0.0017705733,0.0011426249,0.0058330595,0.0
DRR050251,0.0018980558,0.98295534,0.003079863,0.0033205585,0.0017705733,0.0011426249,0.0058330595,0.0
SRR640738,0.0037000778,0.018212821,0.114371024,0.0008991092,0.003329391,0.00017595374,0.8593117,0.0
ERR262960,0.0002646186,0.0011623118,0.0016419498,0.9924697,0.00088231976,0.002183438,0.0013956483,0.0
ERR1310574,0.00023246273,0.001264044,0.0016920252,0.99297434,0.0007330533,0.0019682439,0.0011357805,0.0
SRR3951132,0.00023243295,0.0012641628,0.0016920548,0.9929742,0.0007331127,0.0019682436,0.0011357804,0.0
ERR1201967,0.80765915,0.014451807,0.046980575,0.007828305,0.0006906935,0.051802848,0.07058662,0.0
SRR4414265,0.007879335,0.007841948,0.9407302,0.006737949,0.009433328,6.168039e-05,0.027315583,0.0
ERR1579315,0.0018980558,0.98295534,0.003079863,0.0033205585,0.0017705733,0.0011426249,0.0058330595,0.0
SRR4415586,0.007879335,0.007841948,0.9407302,0.006737949,0.009433328,6.168039e-05,0.027315583,0.0
ERR441606,0.00023299613,0.0012616831,0.0016885601,0.9929712,0.00073527783,0.001968792,0.0011414223,0.0
DRR036097,0.0018980558,0.98295534,0.003079863,0.0033205585,0.0017705733,0.0011426249,0.0058330595,0.0
ERR1522833,0.003754139,0.35452384,0.0005028546,0.0031055808,0.0019240379,0.48765972,0.0076797307,0.14085007
ERR1691199,0.0050000935,0.0036334568,0.009096714,0.0050869165,0.00084149075,0.00088847405,0.97545284,0.0
SRR5150188,0.0018980558,0.98295534,0.003079863,0.0033205585,0.0017705733,0.0011426249,0.0058330595,0.0
SRR5180274,0.0018980558,0.98295534,0.003079863,0.0033205585,0.0017705733,0.0011426249,0.0058330595,0.0
SRR575226,0.007879335,0.007841948,0.9407302,0.006737949,0.009433328,6.168039e-05,0.027315583,0.0
ERR2511102,0.00026657418,0.0011474048,0.0015513988,0.99253106,0.00089902634,0.0021312258,0.0014733531,0.0
ERR1111276,0.00014823675,0.0021549463,0.0030293763,0.93939257,0.0010329783,0.041041315,0.001806438,0.011394143
SRR2102998,0.0018980558,0.98295534,0.003079863,0.0033205585,0.0017705733,0.0011426249,0.0058330595,0.0
SRR6444963,0.00023712014,0.0012427095,0.001673553,0.992902,0.0007572556,0.0020076092,0.0011798303,0.0
ERR1367850,0.0077024978,0.0036562285,0.0007272741,0.009288407,0.001256262,0.972336,0.0050334246,0.0
SRR5915394,0.0018980558,0.98295534,0.003079863,0.0033205585,0.0017705733,0.0011426249,0.0058330595,0.0
ERR1725448,0.0049976055,0.0036335685,0.00910768,0.005077107,0.0008420889,0.0008914143,0.9754505,0.0
ERR1759845,0.007879335,0.007841948,0.9407302,0.006737949,0.009433328,6.168039e-05,0.027315583,0.0
SRR505235,0.00023272939,0.0012628485,0.0016902032,0.9929729,0.0007341803,0.0019684432,0.0011386309,0.0
SRR6394006,0.0002324627,0.0012641033,0.0016921441,0.99297416,0.0007331127,0.001968333,0.0011356911,0.0
SRR1704729,0.0002323735,0.001264163,0.0016921443,0.9929743,0.0007330533,0.0019682439,0.0011356913,0.0
SRR2168135,0.0018980558,0.98295534,0.003079863,0.0033205585,0.0017705733,0.0011426249,0.0058330595,0.0
ERR2777849,0.0078412,0.0038623207,0.0007145482,0.009031205,0.0013162576,0.971921,0.00531344,0.0
ERR526056,0.00023764906,0.0012407423,0.0016607178,0.9929331,0.00075548014,0.0019817075,0.0011905653,0.0
ERR1513392,0.00047114494,0.012148649,0.000853628,0.79024583,0.015854212,0.110403754,0.003863305,0.066159494
ERR1716689,0.0018980558,0.98295534,0.003079863,0.0033205585,0.0017705733,0.0011426249,0.0058330595,0.0
SRR5181278,0.0018980558,0.98295534,0.003079863,0.0033205585,0.0017705733,0.0011426249,0.0058330595,0.0
ERR1809127,9.475902e-05,0.0036506653,0.004243374,0.8663753,0.0006508529,0.07209465,0.0011375248,0.051752806
ERR1194516,0.00015425682,0.002710253,0.003991127,0.85574067,0.00095027685,0.09480974,0.00096303225,0.040680707
SRR3361474,0.00043404967,0.0012581758,0.0021225265,0.9887705,0.0020071191,0.0036975595,0.0017101361,0.0
ERR501349,0.00023252214,0.001264103,0.0016920544,0.99297404,0.00073308276,0.0019683028,0.0011358396,0.0
DRR044357,0.00023246265,0.0012640138,0.0016920841,0.99297386,0.000733172,0.0019684515,0.0011359883,0.0
SRR3624441,0.0012142956,0.3338362,0.10271329,0.0001257956,0.005829543,0.00019776821,0.24784416,0.30823898
ERR2043483,0.007879335,0.007841948,0.9407302,0.006737949,0.009433328,6.168039e-05,0.027315583,0.0
ERR719997,0.0002453458,0.0012155457,0.0016581734,0.99275064,0.0008020954,0.002086733,0.0012414812,0.0
ERR1226471,0.0050000935,0.0036334568,0.009096714,0.0050869165,0.00084149075,0.00088847405,0.97545284,0.0
SRR5176144,0.0018980558,0.98295534,0.003079863,0.0033205585,0.0017705733,0.0011426249,0.0058330595,0.0
ERR500905,0.00023237347,0.0012641033,0.0016921441,0.9929742,0.0007330532,0.0019682436,0.00113581,0.0
ERR1523558,0.0077082575,0.0036676882,0.00072707643,0.009262082,0.0012577977,0.9723459,0.005031191,0.0
SRR5176172,0.0018980558,0.98295534,0.003079863,0.0033205585,0.0017705733,0.0011426249,0.0058330595,0.0
SRR6264562,0.00023264065,0.0012631783,0.0016913966,0.99297136,0.0007339737,0.0019699347,0.0011375031,0.0
SRR1618081,0.00023338287,0.0012587981,0.0016918028,0.99295235,0.0007383716,0.0019818507,0.001143475,0.0
SRR8609455,0.0050002118,0.0036334859,0.009096683,0.0050868564,0.000841461,0.0008885629,0.9754527,0.0
ERR1226218,0.0050000935,0.0036334568,0.009096714,0.0050869165,0.00084149075,0.00088847405,0.97545284,0.0
ERR1582530,0.0018980558,0.98295534,0.003079863,0.0033205585,0.0017705733,0.0011426249,0.0058330595,0.0
SRR5175959,0.0018980558,0.98295534,0.003079863,0.0033205585,0.0017705733,0.0011426249,0.0058330595,0.0
SRR1632993,0.0002323735,0.001264163,0.0016921443,0.9929743,0.0007330533,0.0019682439,0.0011356913,0.0
SRR943622,0.007879335,0.007841948,0.9407302,0.006737949,0.009433328,6.168039e-05,0.027315583,0.0
DRR060333,0.00023249234,0.0012639243,0.0016919053,0.99297345,0.00073329086,0.0019687484,0.0011361665,0.0
SRR6975998,0.0018980558,0.98295534,0.003079863,0.0033205585,0.0017705733,0.0011426249,0.0058330595,0.0
SRR3361597,0.00023480435,0.0012534994,0.0016783127,0.99295473,0.00074311084,0.0019756404,0.0011598335,0.0
ERR2784738,0.00023350005,0.0012587884,0.0016861381,0.9929624,0.0007381576,0.0019739529,0.001147095,0.0
ERR867214,0.00023344718,0.0012629884,0.001692611,0.992938,0.0007411829,0.0019942063,0.0011376088,0.0
SRR6457544,0.0018980558,0.98295534,0.003079863,0.0033205585,0.0017705733,0.0011426249,0.0058330595,0.0
ERR139014,0.00023275889,0.0012624604,0.0016898146,0.9929718,0.00073456625,0.0019690956,0.0011395816,0.0
SRR6265369,0.00023252206,0.0012640134,0.0016920241,0.9929738,0.00073317176,0.0019683614,0.0011360176,0.0
ERR1383675,0.00024035976,0.0012299662,0.0016785624,0.99283075,0.00077357714,0.002048962,0.0011978727,0.0
SRR3624421,0.0012142956,0.3338362,0.10271329,0.0001257956,0.005829543,0.00019776821,0.24784416,0.30823898
ERR209325,0.007696748,0.0036548614,0.00072715885,0.009295021,0.0012554452,0.97234356,0.0050272867,0.0
SRR5617473,0.0018980558,0.98295534,0.003079863,0.0033205585,0.0017705733,0.0011426249,0.0058330595,0.0
SRR1708729,0.00024952393,0.0012308994,0.0017704387,0.9926381,0.00080045796,0.0021998982,0.0011107043,0.0
ERR1593415,0.007879335,0.007841948,0.9407302,0.006737949,0.009433328,6.168039e-05,0.027315583,0.0
DRR043945,0.00023272945,0.0012625811,0.0016912447,0.992969,0.0007345969,0.0019710911,0.0011387204,0.0
SRR028017,0.0050000935,0.0036334568,0.009096714,0.0050869165,0.00084149075,0.00088847405,0.97545284,0.0
SRR6511764,0.0018980558,0.98295534,0.003079863,0.0033205585,0.0017705733,0.0011426249,0.0058330595,0.0
ERR1589275,0.007946704,0.007812925,0.9407759,0.0066913334,0.009461404,6.217413e-05,0.027249508,0.0
SRR5568725,0.0018980558,0.98295534,0.003079863,0.0033205585,0.0017705733,0.0011426249,0.0058330595,0.0
ERR1589264,0.007879335,0.007841948,0.9407302,0.006737949,0.009433328,6.168039e-05,0.027315583,0.0
SRR953542,0.007879335,0.007841948,0.9407302,0.006737949,0.009433328,6.168039e-05,0.027315583,0.0
ERR498842,0.00023320355,0.0012608459,0.0016868588,0.99297106,0.0007360784,0.00196825,0.0011437385,0.0
SRR7479532,0.0018983483,0.98295385,0.0030799774,0.003321144,0.0017708071,0.001142771,0.005833023,0.0
ERR1367877,0.0076968935,0.003654861,0.00072712946,0.009295049,0.0012554743,0.9723432,0.0050274325,0.0
SRR1923920,0.0002323735,0.001264163,0.0016921443,0.9929743,0.0007330533,0.0019682439,0.0011356913,0.0
ERR1689934,0.0050000935,0.0036334568,0.009096714,0.0050869165,0.00084149075,0.00088847405,0.97545284,0.0
SRR5823485,0.0018980558,0.98295534,0.003079863,0.0033205585,0.0017705733,0.0011426249,0.0058330595,0.0
ERR840860,0.007697073,0.0036548334,0.000727247,0.009294527,0.0012555334,0.97234315,0.0050275815,0.0
ERR1311499,0.00023649742,0.001245099,0.0016763328,0.9929092,0.00075440627,0.002004562,0.0011739505,0.0
ERR1383343,0.00023501608,0.0012513766,0.001686845,0.99291927,0.00074779196,0.0020025892,0.0011571144,0.0
ERR982855,0.0076999906,0.0036558239,0.00072721665,0.009291585,0.0012559417,0.97233826,0.0050313235,0.0
ERR441296,0.00023305527,0.001261354,0.0016878139,0.99297154,0.0007356039,0.001968313,0.0011423426,0.0
ERR2003196,0.00023237347,0.0012641628,0.0016921441,0.9929742,0.0007330532,0.0019682436,0.00113581,0.0
ERR1467006,0.0002323735,0.001264163,0.0016921443,0.9929743,0.0007330533,0.0019682439,0.0011356913,0.0
ERR2002228,0.00023403343,0.0012571117,0.0016818997,0.992965,0.00073948974,0.0019702772,0.0011522012,0.0
ERR1382300,0.00023978615,0.0012307853,0.0016585457,0.99288446,0.0007677202,0.0020099266,0.0012087459,0.0
ERR2287487,0.0076968945,0.0036549198,0.00072715885,0.009294816,0.0012554452,0.97234344,0.005027404,0.0
SRR6932059,0.0002323735,0.001264163,0.0016921443,0.9929743,0.0007330533,0.0019682439,0.0011356913,0.0
SRR1206018,0.0018980558,0.98295534,0.003079863,0.0033205585,0.0017705733,0.0011426249,0.0058330595,0.0
SRR6764742,0.0050000935,0.0036334568,0.009096714,0.0050869165,0.00084149075,0.00088847405,0.97545284,0.0
ERR1314907,0.0002512801,0.0011882425,0.0015932346,0.99278766,0.00081750774,0.0020301645,0.0013319331,0.0
SRR3501986,0.00023567097,0.0012466201,0.0016950582,0.9928788,0.00075246353,0.0020344506,0.0011570276,0.0
ERR209180,0.00023323346,0.0012604601,0.0016879011,0.99296683,0.0007364359,0.0019716718,0.0011435013,0.0
SRR6444986,0.00024574372,0.001214263,0.0016981956,0.9927108,0.00079903885,0.0021148177,0.0012171483,0.0
SRR6411578,0.0002324626,0.001264073,0.001692054,0.9929738,0.00073320157,0.0019683915,0.0011359286,0.0
ERR1583059,0.0018980558,0.98295534,0.003079863,0.0033205585,0.0017705733,0.0011426249,0.0058330595,0.0
SRR3062971,0.007879335,0.007841948,0.9407302,0.006737949,0.009433328,6.168039e-05,0.027315583,0.0
SRR3201907,0.0002323735,0.001264163,0.0016921443,0.9929743,0.0007330533,0.0019682439,0.0011356913,0.0
ERR1428626,0.0050000935,0.0036334568,0.009096714,0.0050869165,0.00084149075,0.00088847405,0.97545284,0.0
ERR1020365,0.0002881372,0.0010621935,0.0015836293,0.95912576,0.0047934493,0.02997539,0.003171497,0.0
ERR1462847,0.003137885,0.015707895,0.000607304,0.012547668,0.0025174893,0.96130323,0.004178547,0.0
SRR7270162,0.0076967487,0.0036548618,0.0007271589,0.009294846,0.0012554453,0.9723435,0.0050274045,0.0
SRR5165869,0.00027545815,0.0011606894,0.0017145202,0.99214876,0.00095312914,0.002373871,0.0013736029,0.0
ERR1987747,0.00023634665,0.0012466349,0.0016753664,0.9929302,0.00075038424,0.0019868468,0.0011742377,0.0
ERR2003263,0.00023729555,0.0012409684,0.0016703787,0.9929135,0.00075608585,0.0019973516,0.0011844849,0.0
SRR1822489,0.0002485173,0.0011738925,0.0016450554,0.9925052,0.00084074197,0.0022696047,0.0013169899,0.0
DRR047805,0.00023308514,0.0012614737,0.0016882016,0.9929707,0.0007355746,0.0019689985,0.001142016,0.0
SRR3503333,0.00023945684,0.0012333322,0.0016521362,0.99291515,0.0007630735,0.0019875425,0.0012093002,0.0
ERR675552,0.0076968377,0.00365495,0.00072715903,0.009294731,0.0012554161,0.9723435,0.0050274343,0.0
SRR6346153,0.0018980558,0.98295534,0.003079863,0.0033205585,0.0017705733,0.0011426249,0.0058330595,0.0
ERR2758270,0.0050000935,0.0036334568,0.009096714,0.0050869165,0.00084149075,0.00088847405,0.97545284,0.0
ERR3596483,0.00066185003,0.002485186,0.0037050848,0.4876624,0.002169669,0.4088647,0.00044366723,0.09400751
ERR1383256,0.0002338853,0.0012573231,0.0016834209,0.9929622,0.0007393726,0.0019728995,0.0011509547,0.0
SRR1119142,0.007879335,0.007842007,0.9407302,0.00673789,0.009433328,6.168039e-05,0.027315583,0.0
SRR6028555,0.0002470097,0.0012045366,0.0015997046,0.9928918,0.0007909902,0.001974442,0.0012914331,0.0
ERR2511204,0.00026713908,0.0011652057,0.0016533895,0.99235463,0.0009132332,0.0022650466,0.0013813436,0.0
SRR7286108,0.0018980558,0.98295534,0.003079863,0.0033205585,0.0017705733,0.0011426249,0.0058330595,0.0
SRR346883,0.00025572654,0.0011743796,0.0015917788,0.9927084,0.0008379505,0.0020614534,0.0013703672,0.0
SRR6931206,0.0002323735,0.001264163,0.0016921443,0.9929743,0.0007330533,0.0019682439,0.0011356913,0.0
SRR6408950,0.0002324626,0.0012640135,0.0016919648,0.992974,0.0007331718,0.001968332,0.0011360177,0.0
SRR1175883,0.0050000935,0.0036334568,0.009096714,0.0050869165,0.00084149075,0.00088847405,0.97545284,0.0
SRR1261483,0.0018980558,0.98295534,0.003079863,0.0033205585,0.0017705733,0.0011426249,0.0058330595,0.0
SRR2168160,0.0018980558,0.98295534,0.003079863,0.0033205585,0.0017705733,0.0011426249,0.0058330595,0.0
SRR831132,0.0018980558,0.98295534,0.003079863,0.0033205585,0.0017705733,0.0011426249,0.0058330595,0.0
ERR1743312,0.0014608373,0.92671466,0.017126339,0.00037584253,0.00799462,0.0005642705,0.045763474,0.0
ERR2011879,0.000282727,0.0010843367,0.0014070668,0.99262303,0.0009299706,0.0019587306,0.0017141049,0.0
DRR018396,0.0002367907,0.0012436494,0.0016706816,0.9929268,0.00075293554,0.0019888813,0.0011802355,0.0
SRR4415375,0.007879335,0.007841948,0.9407302,0.006737949,0.009433328,6.168039e-05,0.027315583,0.0
ERR1310621,0.00023255164,0.0012636555,0.0016915172,0.99297374,0.00073343894,0.0019684196,0.001136701,0.0
SRR388034,0.00023373701,0.0012580691,0.0016839892,0.99296445,0.0007386601,0.001971565,0.0011495292,0.0
ERR500516,0.0002324627,0.0012641033,0.0016920846,0.99297416,0.0007330532,0.0019682436,0.00113581,0.0
ERR2133883,0.007696748,0.0036548614,0.00072715885,0.009295021,0.0012554452,0.97234356,0.0050272867,0.0
SRR1299229,0.00024869476,0.001210844,0.0017316426,0.99264354,0.00080676336,0.002148573,0.0012098922,0.0
SRR3362261,0.00023501228,0.0012519215,0.0016782215,0.99294436,0.00074543006,0.0019827767,0.0011622712,0.0
SRR5109991,0.0018980558,0.98295534,0.003079863,0.0033205585,0.0017705733,0.0011426249,0.0058330595,0.0
ERR1593440,0.007879335,0.007841948,0.9407302,0.006737949,0.009433328,6.168039e-05,0.027315583,0.0
SRR1792960,0.0018980558,0.98295534,0.003079863,0.0033205585,0.0017705733,0.0011426249,0.0058330595,0.0
SRR5914961,0.0018980558,0.98295534,0.003079863,0.0033205585,0.0017705733,0.0011426249,0.0058330595,0.0
ERR441471,0.0002324627,0.0012641033,0.0016920846,0.9929742,0.0007331424,0.0019682436,0.0011357804,0.0
SRR2168214,0.0018980558,0.98295534,0.003079863,0.0033205585,0.0017705733,0.0011426249,0.0058330595,0.0
ERR579488,0.007696748,0.0036548614,0.00072715885,0.009295021,0.0012554452,0.97234356,0.0050272867,0.0
SRR5155897,0.00023258105,0.001263386,0.0016909497,0.99297345,0.0007337949,0.001968387,0.0011375322,0.0
ERR526006,0.00014000741,0.0013314767,0.0036733812,0.96049976,0.0011031246,0.032146517,0.0011057003,0.0
ERR1691770,0.0050000935,0.0036334568,0.009096714,0.0050869165,0.00084149075,0.00088847405,0.97545284,0.0
ERR1742293,0.0019025515,0.98295784,0.0030794146,0.0033149228,0.0017733875,0.0011453165,0.005826647,0.0
ERR1523836,0.0070930286,0.00614076,0.0005851413,0.007545205,0.0017857272,0.972336,0.0045140814,0.0
SRR7453554,0.00023246267,0.0012640734,0.0016919952,0.99297416,0.00073314237,0.0019682434,0.0011358992,0.0
SRR1426514,0.007696748,0.0036548614,0.00072715885,0.009295021,0.0012554452,0.97234356,0.0050272867,0.0
ERR365897,0.00023898475,0.0012346604,0.001658795,0.99290323,0.0007630856,0.001999382,0.0012019431,0.0
SRR6931980,0.0002323735,0.001264163,0.0016921443,0.9929743,0.0007330533,0.0019682439,0.0011356913,0.0
SRR5467676,0.00023246267,0.0012640437,0.0016922033,0.9929736,0.00073320186,0.0019686301,0.0011358099,0.0
ERR1701226,0.0002323735,0.001264163,0.0016921443,0.9929743,0.0007330533,0.0019682439,0.0011356913,0.0
ERR498988,0.00023246267,0.0012641627,0.0016920844,0.9929741,0.0007331126,0.0019682434,0.0011357802,0.0
SRR6264585,0.00023826554,0.0013335194,0.0016943691,0.99144167,0.0010205429,0.0030926021,0.0011790693,0.0
DRR047466,0.00023317391,0.001260787,0.001687514,0.9929694,0.00073613826,0.0019695596,0.0011434415,0.0
ERR1760080,0.00023246276,0.0012641929,0.0016918173,0.99297357,0.00073317235,0.0019685118,0.001136197,0.0
ERR1523444,0.003754139,0.35452363,0.0005027354,0.0031056404,0.0019240379,0.48765984,0.0076797903,0.14085019
ERR418250,0.007696748,0.0036548614,0.00072715885,0.009295021,0.0012554452,0.97234356,0.0050272867,0.0
ERR1811249,0.00023320418,0.0012595108,0.0016896297,0.9929582,0.0007376272,0.0019782793,0.0011436226,0.0
SRR3725752,0.00023323557,0.0012598172,0.001693806,0.99295145,0.00073754316,0.0019839748,0.0011401207,0.0
DRR030570,0.00023237347,0.0012641033,0.0016921441,0.9929742,0.0007330532,0.0019682436,0.00113581,0.0
ERR309824,0.0076967487,0.003654979,0.0007271589,0.009294817,0.0012555039,0.9723435,0.0050272876,0.0
SRR5451641,0.0018980558,0.98295534,0.003079863,0.0033205585,0.0017705733,0.0011426249,0.0058330595,0.0
ERR1103267,0.0018980558,0.98295534,0.003079863,0.0033205585,0.0017705733,0.0011426249,0.0058330595,0.0
SRR1948800,0.00023252208,0.001263954,0.0016919648,0.992974,0.00073320157,0.0019683023,0.0011360177,0.0
SRR3053300,0.0002337076,0.0012580709,0.0016850327,0.99296194,0.00073872064,0.00197365,0.001148817,0.0
ERR543130,0.007879335,0.007841948,0.9407302,0.006737949,0.009433328,6.168039e-05,0.027315583,0.0
ERR1313748,0.00026058967,0.0011607896,0.0015809623,0.99261904,0.0008647272,0.0021015173,0.0014123997,0.0
ERR1913208,0.00023507047,0.0012525988,0.0016744348,0.9929609,0.0007436413,0.0019698269,0.0011634844,0.0
ERR1256832,0.007696748,0.0036548614,0.00072715885,0.009295021,0.0012554452,0.97234356,0.0050272867,0.0
SRR3053310,0.00024132853,0.0012252018,0.0016518245,0.9928644,0.00077535043,0.0020191113,0.0012229116,0.0
SRR5465787,0.0018980558,0.98295534,0.003079863,0.0033205585,0.0017705733,0.0011426249,0.0058330595,0.0
ERR2739383,0.00023252217,0.0012640437,0.0016919952,0.99297416,0.0007331126,0.0019682434,0.0011358992,0.0
SRR996956,0.0002323735,0.001264163,0.0016921443,0.9929743,0.0007330533,0.0019682439,0.0011356913,0.0
ERR2570337,0.7753128,0.05983688,0.04137348,0.0039752857,0.00079512724,0.037986528,0.08071989,0.0
SRR640741,0.007879335,0.007841948,0.9407302,0.006737949,0.009433328,6.168039e-05,0.027315583,0.0
SRR7092935,0.0018980558,0.98295534,0.003079863,0.0033205585,0.0017705733,0.0011426249,0.0058330595,0.0
ERR2730312,0.00023554589,0.001250157,0.0016744311,0.99294144,0.0007476849,0.001983178,0.0011676163,0.0
SRR1460642,0.0018980558,0.98295534,0.003079863,0.0033205585,0.0017705733,0.0011426249,0.0058330595,0.0
SRR3624207,0.0018980558,0.98295534,0.003079863,0.0033205585,0.0017705733,0.0011426249,0.0058330595,0.0
SRR1949084,0.0002324627,0.0012640735,0.0016920846,0.9929742,0.00073308294,0.0019682436,0.0011357209,0.0
SRR6668838,0.0018980558,0.98295534,0.0030798924,0.00332047,0.0017706323,0.0011426249,0.0058330004,0.0
ERR1311102,0.00023361862,0.0012590836,0.0016847965,0.99296707,0.0007377696,0.0019700231,0.0011475689,0.0
ERR560949,0.0002339447,0.0012572334,0.0016831525,0.9929617,0.0007395508,0.0019731368,0.0011511924,0.0
SRR5740165,0.0018980553,0.9829551,0.0030798917,0.0033205282,0.0017706319,0.0011427426,0.005833029,0.0
SRR2144016,0.00023335185,0.0012599513,0.0016862014,0.99296516,0.00073759415,0.0019721428,0.0011456698,0.0
ERR1313510,0.00023308501,0.001261235,0.0016880519,0.99296975,0.0007357824,0.0019695922,0.0011424914,0.0
SRR5467697,0.00023323826,0.0012611999,0.0016957293,0.99294895,0.0007374327,0.001988162,0.001135196,0.0
SRR6409197,0.0002324627,0.0012641033,0.0016921143,0.99297416,0.0007330532,0.0019682436,0.0011357804,0.0
ERR719042,0.00023302682,0.0012608554,0.0016913927,0.99296,0.0007364409,0.001977932,0.0011404156,0.0
ERR2002270,0.00023269975,0.0012630275,0.0016905015,0.9929728,0.00073415093,0.0019685633,0.001138334,0.0
ERR488094,0.007696748,0.0036548614,0.00072715885,0.009295021,0.0012554452,0.97234356,0.0050272867,0.0
ERR1256500,0.007696398,0.0036550085,0.00072715903,0.009295258,0.0012554454,0.9723433,0.005027405,0.0
SRR3191021,0.00024295365,0.0012184562,0.001633818,0.99288136,0.000778796,0.0019988583,0.0012458179,0.0
SRR1767138,0.007879335,0.007841948,0.9407302,0.006737949,0.009433328,6.168039e-05,0.027315583,0.0
SRR5177316,0.0018980558,0.98295534,0.003079863,0.0033205585,0.0017705733,0.0011426249,0.0058330595,0.0
ERR1624635,0.00023575294,0.0012484853,0.0016735009,0.9929412,0.00074818695,0.0019826032,0.0011703174,0.0
SRR6394152,0.0002337971,0.0012575071,0.0016873843,0.9929552,0.0007394354,0.0019778758,0.001148729,0.0
ERR1428740,0.0050000935,0.0036334568,0.009096714,0.0050869165,0.00084149075,0.00088847405,0.97545284,0.0
ERR209728,0.0002678349,0.0011761122,0.0017263247,0.99212795,0.00090319186,0.0024556292,0.0013429811,0.0
ERR1743385,0.0023572876,0.93591475,0.00022482275,0.017527573,0.00040548647,0.0055937283,0.037976347,0.0
SRR4414224,0.007879335,0.007841948,0.9407302,0.006737949,0.009433328,6.168039e-05,0.027315583,0.0
SRR5150246,0.0018980558,0.98295534,0.003079863,0.0033205585,0.0017705733,0.0011426249,0.0058330595,0.0
ERR2511062,0.00024218298,0.0012220679,0.0016346385,0.9928931,0.0007755328,0.0019939127,0.0012385148,0.0
ERR1462849,0.001317071,0.078781605,0.00029929078,0.009552597,0.004431718,0.9014633,0.004154375,0.0
ERR1315073,0.0002587861,0.0011789013,0.0016307808,0.9925344,0.0008707787,0.0021782403,0.0013481145,0.0
DRR050922,0.00023267018,0.0012625823,0.0016912463,0.992969,0.0007345084,0.001971658,0.0011383943,0.0
ERR1313476,0.00023302587,0.0012616236,0.0016885601,0.99297065,0.00073536707,0.0019692678,0.001141452,0.0
ERR2598692,0.007834431,0.0036709188,0.0007322566,0.009172655,0.0012879657,0.97213477,0.0051670335,0.0
SRR6386281,0.00023350025,0.0012590274,0.0016868534,0.992963,0.00073783105,0.0019734192,0.0011464119,0.0
SRR387987,0.0002324627,0.0012641033,0.0016920846,0.9929742,0.0007331127,0.0019682436,0.0011357804,0.0
ERR1256553,0.0009569688,0.0011474955,0.004554837,0.22346094,0.004543088,0.76438975,0.0009468358,0.0
SRR8609833,0.0050000935,0.0036334568,0.009096714,0.0050869165,0.00084149075,0.00088847405,0.97545284,0.0
SRR8610964,0.0050000935,0.0036334568,0.009096714,0.0050869165,0.00084149075,0.00088847405,0.97545284,0.0
SRR6386284,0.00023296633,0.0012611176,0.0016888572,0.9929681,0.0007358726,0.001971201,0.0011419574,0.0
ERR1141820,0.007664717,0.0037064513,0.00072925753,0.009293823,0.0012574032,0.97224975,0.0050986223,0.0
SRR2984228,0.0018980558,0.98295534,0.003079863,0.0033205585,0.0017705733,0.0011426249,0.0058330595,0.0
ERR1897734,0.0018980558,0.98295534,0.003079863,0.0033205585,0.0017705733,0.0011426249,0.0058330595,0.0
SRR5902388,0.0018980558,0.98295534,0.003079863,0.0033205585,0.0017705733,0.0011426249,0.0058330595,0.0
SRR4414853,0.007879335,0.007841948,0.9407302,0.006737949,0.009433328,6.168039e-05,0.027315583,0.0
ERR1384639,0.00023444822,0.001255229,0.0016786457,0.9929638,0.0007412097,0.0019697875,0.0011568333,0.0
SRR6457303,0.0018980558,0.98295534,0.003079863,0.0033205585,0.0017705733,0.0011426249,0.0058330595,0.0
ERR1201996,0.8076584,0.014454639,0.046979893,0.00782757,0.00069074077,0.05180077,0.070588045,0.0
DRR018769,0.00024018259,0.0012322929,0.0016916884,0.99283326,0.00076911965,0.002042935,0.0011905025,0.0
ERR309662,0.0077939644,0.003687648,0.0007288839,0.00921726,0.0012729914,0.97215253,0.0051467046,0.0
SRR776264,0.007879335,0.007841948,0.9407302,0.006737949,0.009433328,6.168039e-05,0.027315583,0.0
SRR2145526,0.00023269995,0.001263207,0.0016908003,0.9929731,0.00073391356,0.0019685351,0.0011378293,0.0
SRR3095102,0.00023243293,0.0012641032,0.0016920547,0.99297416,0.00073314237,0.0019682732,0.0011358099,0.0
SRR6745882,0.0018980558,0.98295534,0.003079863,0.0033205585,0.0017705733,0.0011426249,0.0058330595,0.0
ERR1897565,0.0018980558,0.98295534,0.003079863,0.0033205585,0.0017705733,0.0011426249,0.0058330595,0.0
ERR1310816,0.00023341148,0.0012590894,0.0016875409,0.9929598,0.000738011,0.0019763976,0.00114573,0.0
ERR1677177,0.0050000935,0.0036334568,0.009096714,0.0050869165,0.00084149075,0.00088847405,0.97545284,0.0
ERR719113,0.00024296192,0.0012195683,0.0016496666,0.99282706,0.0007854252,0.0020397322,0.0012355993,0.0
SRR3201952,0.0002325222,0.0012641033,0.0016920846,0.9929742,0.00073308294,0.0019682436,0.0011357209,0.0
ERR1582938,0.0018980558,0.98295534,0.003079863,0.0033205585,0.0017705733,0.0011426249,0.0058330595,0.0
SRR6480248,0.0018980558,0.98295534,0.003079863,0.0033205585,0.0017705733,0.0011426249,0.0058330595,0.0
SRR6932290,0.00023252217,0.0012641032,0.0016921142,0.99297416,0.0007331126,0.0019682434,0.0011357504,0.0
SRR5699499,0.00023252214,0.0012640733,0.0016920246,0.99297416,0.0007331125,0.0019682432,0.0011359288,0.0
ERR658216,0.0018980558,0.98295534,0.003079863,0.0033205585,0.0017705733,0.0011426249,0.0058330595,0.0
ERR1533891,0.0077032144,0.0036668095,0.00072545395,0.009279215,0.0012602672,0.97233135,0.0050337757,0.0
ERR765756,0.0050000935,0.0036334568,0.009096714,0.0050869165,0.00084149075,0.00088847405,0.97545284,0.0
SRR1460662,0.0018980558,0.98295534,0.003079863,0.0033205585,0.0017705733,0.0011426249,0.0058330595,0.0
ERR720033,0.00023987862,0.0012316643,0.0016624347,0.99286515,0.00077079405,0.0020245577,0.0012055201,0.0
SRR3633338,0.0018980558,0.98295534,0.003079863,0.0033205585,0.0017705733,0.0011426249,0.0058330595,0.0
ERR1256535,0.00564452,0.0042061633,0.000770038,0.012199379,0.0011408861,0.9704677,0.005571289,0.0
ERR1987723,0.00024037855,0.0012304158,0.0016584692,0.992887,0.00076771236,0.0020027084,0.0012133436,0.0
ERR1548927,0.000117519274,0.0025861263,0.0037778616,0.90821266,0.00086146593,0.061007857,0.0013635159,0.02207297
ERR209559,0.0013062787,0.0013888183,0.0036867438,0.2193067,0.0035945177,0.76997226,0.00074465584,0.0
SRR3503324,0.00023237347,0.0012641033,0.0016921441,0.9929742,0.00073308294,0.0019682436,0.0011357804,0.0
ERR1428257,0.0050000935,0.0036334568,0.009096714,0.0050869165,0.00084149075,0.00088847405,0.97545284,0.0
SRR1460649,0.0018980558,0.98295534,0.003079863,0.0033205585,0.0017705733,0.0011426249,0.0058330595,0.0
ERR1384315,0.00023946092,0.0012324014,0.0016610873,0.99288344,0.0007668639,0.0020122034,0.0012045322,0.0
ERR1311298,0.00023471622,0.0012532972,0.0016808192,0.9929449,0.00074415543,0.0019835618,0.00115856,0.0
ERR765922,0.0050000935,0.0036334568,0.009096714,0.0050869165,0.00084149075,0.00088847405,0.97545284,0.0
SRR3361670,0.000252417,0.0011868476,0.0016125188,0.99270904,0.0008299606,0.0020814885,0.0013277467,0.0
SRR3191053,0.00023471519,0.0012537081,0.0016780753,0.99295753,0.00074269465,0.0019738267,0.0011594472,0.0
ERR2011931,0.00023317394,0.0012608169,0.0016872465,0.9929702,0.0007360194,0.001969084,0.0011434417,0.0
SRR5180181,0.0018980558,0.98295534,0.003079863,0.0033205585,0.0017705733,0.0011426249,0.0058330595,0.0
SRR5155759,0.00023317388,0.0012609356,0.0016872461,0.99297065,0.0007360192,0.001968548,0.0011434414,0.0
SRR6411661,0.00023364823,0.0012588152,0.0016846766,0.99296683,0.00073794764,0.0019700516,0.0011480144,0.0
ERR1759977,0.00023243295,0.0012640439,0.0016920548,0.9929741,0.0007331424,0.001968333,0.0011358695,0.0
ERR986152,0.0077247787,0.0036512178,0.0007297281,0.009301536,0.0012593557,0.972293,0.0050404104,0.0
ERR1678166,0.0050000935,0.0036334568,0.009096714,0.0050869165,0.00084149075,0.00088847405,0.97545284,0.0
SRR6365019,0.00023243295,0.0012640439,0.0016918466,0.99297357,0.00073326146,0.0019686304,0.0011362563,0.0
ERR499856,0.00023299627,0.0012619218,0.0016886801,0.9929722,0.00073501054,0.001968228,0.001140947,0.0
SRR765941,0.007879335,0.007841948,0.9407302,0.006737949,0.009433328,6.168039e-05,0.027315583,0.0
ERR1583127,0.0018980558,0.98295534,0.003079863,0.0033205585,0.0017705733,0.0011426249,0.0058330595,0.0
SRR952132,0.007879335,0.007841948,0.9407302,0.006737949,0.009433328,6.168039e-05,0.027315583,0.0
SRR1618130,0.00023495252,0.0012528718,0.0016772676,0.99295473,0.00074361474,0.0019751596,0.0011612882,0.0
SRR8605615,0.0050000935,0.0036334568,0.009096714,0.0050869165,0.00084149075,0.00088847405,0.97545284,0.0
SRR3633368,0.0018980558,0.98295534,0.003079863,0.0033205585,0.0017705733,0.0011426249,0.0058330595,0.0
ERR833276,0.0018980558,0.98295534,0.003079863,0.0033205585,0.0017705733,0.0011426249,0.0058330595,0.0
ERR1367875,0.0076973,0.003654742,0.0007271291,0.009295368,0.0012557373,0.9723415,0.0050282213,0.0
ERR2013551,0.0025429153,0.037591342,0.078646705,0.035610422,0.8053833,0.0066043963,0.03362083,0.0
ERR2003192,0.0002324627,0.0012641033,0.0016920846,0.99297416,0.0007330532,0.0019682436,0.00113581,0.0
ERR330048,0.0018980558,0.98295534,0.003079863,0.0033205585,0.0017705733,0.0011426249,0.0058330595,0.0
ERR1896664,0.0018980558,0.98295534,0.003079863,0.0033205585,0.0017705733,0.0011426249,0.0058330595,0.0
SRR5915484,0.0018980558,0.98295534,0.003079863,0.0033205585,0.0017705733,0.0011426249,0.0058330595,0.0
ERR720103,0.000211264,0.0010955938,0.0021939229,0.988751,0.0009899024,0.0055481624,0.0012102044,0.0
SRR6411732,0.00023355916,0.0012590539,0.0016848859,0.9929674,0.0007376507,0.001969815,0.0011475988,0.0
ERR1313464,0.00026861875,0.0011603272,0.0016515013,0.9923376,0.00091826404,0.0022677216,0.0013960266,0.0
DRR043852,0.00023732406,0.0012421218,0.0016674253,0.9929265,0.00075447577,0.0019868119,0.0011853116,0.0
SRR2145317,8.5635394e-05,0.00496301,0.004312157,0.80933046,0.0005528032,0.08662214,0.0011687576,0.092965
ERR676905,0.0050000935,0.0036334568,0.009096714,0.0050869165,0.00084149075,0.00088847405,0.97545284,0.0
ERR1226419,0.0050000935,0.0036334568,0.009096714,0.0050869165,0.00084149075,0.00088847405,0.97545284,0.0
SRR8608558,0.0050000935,0.0036334568,0.009096714,0.0050869165,0.00084149075,0.00088847405,0.97545284,0.0
SRR1927907,0.0018980558,0.98295534,0.003079863,0.0033205585,0.0017705733,0.0011426249,0.0058330595,0.0
SRR944486,0.007879335,0.007841948,0.9407302,0.006737949,0.009433328,6.168039e-05,0.027315583,0.0
ERR2511948,0.0002452347,0.001209876,0.0016192746,0.99286526,0.0007884923,0.0020014911,0.0012704263,0.0
SRR5259175,0.0018980558,0.98295534,0.003079863,0.0033205585,0.0017705733,0.0011426249,0.0058330595,0.0
SRR995170,0.0002323735,0.001264163,0.0016921443,0.9929743,0.0007330533,0.0019682439,0.0011356913,0.0
ERR849852,0.007702082,0.0036540723,0.0007276278,0.009289724,0.0012571152,0.97233284,0.005036486,0.0
SRR6264618,0.0002327592,0.001263057,0.0016903523,0.992973,0.000734121,0.0019682355,0.0011383932,0.0
SRR3647867,0.00023415718,0.0012544305,0.0016974908,0.9929188,0.00074340147,0.0020070828,0.0011446098,0.0
SRR4054237,0.0018980558,0.98295534,0.003079863,0.0033205585,0.0017705733,0.0011426249,0.0058330595,0.0
SRR7658013,0.0018980558,0.98295534,0.003079863,0.0033205585,0.0017705733,0.0011426249,0.0058330595,0.0
ERR1256238,0.0006938279,0.002380133,0.003506154,0.49825823,0.0023164155,0.40572315,0.000507474,0.086614616
SRR5483119,0.00023347256,0.001259098,0.0016942153,0.9929495,0.000738254,0.0019832526,0.0011421683,0.0
SRR1631536,0.0002323735,0.001264163,0.0016921443,0.9929743,0.0007330533,0.0019682439,0.0011356913,0.0
ERR923913,0.016476259,0.0013164488,0.0076409685,0.04551894,0.012441366,0.0010030139,0.9156029,0.0
SRR2016383,0.0078030494,0.003599691,0.000721496,0.009640756,0.0013029971,0.9717265,0.0052055176,0.0
SRR2168108,0.0018980558,0.98295534,0.003079863,0.0033205585,0.0017705733,0.0011426249,0.0058330595,0.0
SRR2549697,0.0018980558,0.98295534,0.003079863,0.0033205585,0.0017705733,0.0011426249,0.0058330595,0.0
ERR2784762,0.00023703085,0.001242025,0.0016766757,0.9929032,0.0007559764,0.0020064786,0.0011785511,0.0
SRR1747108,0.007879335,0.007841948,0.9407302,0.006737949,0.009433328,6.168039e-05,0.027315583,0.0
SRR5626855,0.0018980558,0.98295534,0.003079863,0.0033205585,0.0017705733,0.0011426249,0.0058330595,0.0
ERR1429242,0.0018980558,0.98295534,0.003079863,0.0033205585,0.0017705733,0.0011426249,0.0058330595,0.0
SRR6028561,0.00026021927,0.0011574881,0.0015432679,0.99271727,0.000854335,0.0020335873,0.0014338223,0.0
ERR866556,0.00023341105,0.0012598009,0.001685872,0.99296737,0.0007372065,0.0019703854,0.0011459361,0.0
SRR3933906,0.00023507059,0.0012525101,0.0016750899,0.99295914,0.0007437011,0.0019712558,0.0011632767,0.0
ERR2784737,0.00023335213,0.0012595066,0.0016876609,0.99296236,0.00073747605,0.0019747033,0.0011449276,0.0
ERR209317,0.00013577938,0.0021466613,0.0037131608,0.93150985,0.0009896755,0.050461054,0.0011742413,0.0098695755
SRR6408795,0.00023243295,0.001264133,0.0016920548,0.9929743,0.0007330532,0.0019682436,0.0011357804,0.0
ERR1256113,0.0076710857,0.0036606248,0.00072758505,0.009321443,0.0012540672,0.9723326,0.005032642,0.0
SRR5181300,0.0018980558,0.98295534,0.003079863,0.0033205585,0.0017705733,0.0011426249,0.0058330595,0.0
SRR6670698,0.0076967506,0.0036548625,0.0007271591,0.009294819,0.0012554455,0.9723437,0.0050272886,0.0
SRR5468174,0.0018980558,0.98295534,0.003079863,0.0033205585,0.0017705733,0.0011426249,0.0058330595,0.0
ERR765907,0.0050000935,0.0036334568,0.009096714,0.0050869165,0.00084149075,0.00088847405,0.97545284,0.0
ERR499066,0.00023613752,0.0012479685,0.0016683403,0.99295247,0.000748091,0.0019727105,0.0011742926,0.0
SRR6457380,0.0018980558,0.98295534,0.003079863,0.0033205585,0.0017705733,0.0011426249,0.0058330595,0.0
SRR1618191,9.2262e-05,0.0039490466,0.0042590504,0.85345703,0.0006242097,0.075518556,0.0011479856,0.060951892
SRR6975979,0.0018980558,0.98295534,0.003079863,0.0033205585,0.0017705733,0.0011426249,0.0058330595,0.0
SRR5196246,0.00023246267,0.0012640437,0.0016921142,0.99297416,0.0007331126,0.0019682434,0.0011358099,0.0
ERR531648,0.0002509862,0.0011901028,0.0016090475,0.992773,0.0008152293,0.0020391736,0.0013224653,0.0
SRR5786399,0.0018980558,0.98295534,0.003079863,0.0033205585,0.0017705733,0.0011426249,0.0058330595,0.0
SRR5822832,0.007740468,0.0035832874,0.00072741136,0.009569832,0.0012685331,0.9720942,0.0050162333,0.0
SRR6412030,0.00023237347,0.0012641033,0.0016921441,0.9929742,0.0007330532,0.0019682436,0.00113581,0.0
SRR1949144,0.00023255189,0.0012640138,0.0016921139,0.99297404,0.00073314225,0.0019682432,0.0011358396,0.0
ERR1522007,0.00777019,0.0037324263,0.00071762677,0.009201812,0.0012901995,0.972145,0.0051426697,0.0
ERR1226443,0.0050000935,0.0036334568,0.009096714,0.0050869165,0.00084149075,0.00088847405,0.97545284,0.0
ERR1263398,0.0076976754,0.0036540658,0.00072724576,0.009297528,0.0012556778,0.9723403,0.0050275438,0.0
SRR1503501,0.0018980558,0.98295534,0.003079863,0.0033205585,0.0017705733,0.0011426249,0.0058330595,0.0
ERR1594138,0.0018980558,0.98295534,0.003079863,0.0033205585,0.0017705733,0.0011426249,0.0058330595,0.0
ERR1823600,0.00023652743,0.0012449516,0.0016824321,0.9929098,0.000752444,0.0020027496,0.001171126,0.0
SRR5902443,0.0018980558,0.98295534,0.003079863,0.0033205585,0.0017705733,0.0011426249,0.0058330595,0.0
ERR209693,0.00023563551,0.0012483448,0.0016776463,0.9929297,0.0007491139,0.0019915989,0.0011679158,0.0
ERR1582179,0.0018980558,0.98295534,0.003079863,0.0033205585,0.0017705733,0.0011426249,0.0058330595,0.0
SRR3034400,0.00023471603,0.0012533556,0.0016819184,0.9929481,0.0007433517,0.0019805261,0.0011580831,0.0
SRR6264496,0.0002347467,0.0012525872,0.0016836502,0.9929382,0.0007446039,0.0019886543,0.0011574927,0.0
SRR5915452,0.0018980558,0.98295534,0.003079863,0.0033205585,0.0017705733,0.0011426249,0.0058330595,0.0
SRR5180148,0.0018980558,0.98295534,0.003079863,0.0033205585,0.0017705733,0.0011426249,0.0058330595,0.0
SRR5150233,0.0018980558,0.98295534,0.003079863,0.0033205585,0.0017705733,0.0011426249,0.0058330595,0.0
SRR6292344,0.0018980558,0.98295534,0.003079863,0.0033205585,0.0017705733,0.0011426249,0.0058330595,0.0
SRR2143769,0.000263834,0.0011737058,0.001725256,0.9922472,0.00089202716,0.0023964252,0.0013015334,0.0
ERR443275,0.00023243288,0.0012640137,0.0016917865,0.992974,0.0007332314,0.0019683323,0.0011362261,0.0
ERR756747,0.0012415897,0.0016746257,0.0033199522,0.30660734,0.0032567217,0.6831335,0.000766239,0.0
ERR756525,0.007628765,0.003632317,0.0007296677,0.0095490925,0.0012594617,0.97216487,0.0050357673,0.0
SRR943489,0.007879335,0.007841948,0.9407302,0.006737949,0.009433328,6.168039e-05,0.027315583,0.0
ERR1924260,0.79078025,0.04072312,0.043085232,0.0048332163,0.00076798,0.04165559,0.07815461,0.0
DRR047523,0.00023246238,0.0012636256,0.0016914278,0.99297374,0.00073349837,0.0019684492,0.0011368793,0.0
SRR7453683,0.0002324627,0.0012641628,0.0016920251,0.9929742,0.0007331127,0.0019682436,0.0011357209,0.0
SRR5688096,0.0002324627,0.0012640735,0.0016920846,0.9929742,0.00073308294,0.0019682436,0.0011357804,0.0
SRR5896016,0.0018980558,0.98295534,0.003079863,0.0033205585,0.0017705733,0.0011426249,0.0058330595,0.0
ERR1583516,0.0018980558,0.98295534,0.003079863,0.0033205585,0.0017705733,0.0011426249,0.0058330595,0.0
SRR3503384,0.0002323735,0.001264163,0.0016921443,0.9929743,0.0007330533,0.0019682439,0.0011356913,0.0
SRR6292315,0.0018980558,0.98295534,0.003079863,0.0033205585,0.0017705733,0.0011426249,0.0058330595,0.0
ERR1310738,0.00023637612,0.0012459493,0.0016716167,0.99293125,0.0007512162,0.0019881234,0.0011754559,0.0
SRR2027397,0.0018980558,0.98295534,0.003079863,0.0033205585,0.0017705733,0.0011426249,0.0058330595,0.0
SRR5165843,0.00023252211,0.0012640137,0.001691965,0.9929741,0.00073317194,0.001968243,0.001136018,0.0
ERR2247336,0.00025947584,0.0011692173,0.0015958983,0.9925917,0.00086701085,0.0021304018,0.0013862301,0.0
SRR4303636,0.00023628592,0.0012474315,0.0016690519,0.99294794,0.0007488039,0.0019749983,0.0011754511,0.0
ERR487165,0.0016032177,0.010991723,0.0008185515,0.02861672,0.000998938,0.9494534,0.0075174337,0.0
ERR139043,0.0002338575,0.0012581962,0.0016860227,0.9929497,0.00074089575,0.0019827618,0.0011485253,0.0
ERR2709736,0.0050000935,0.0036334568,0.009096714,0.0050869165,0.00084149075,0.00088847405,0.97545284,0.0
SRR7556704,0.0076947655,0.003654602,0.0007273061,0.009301534,0.0012555345,0.9723382,0.005028025,0.0
SRR1119128,0.007879335,0.007841948,0.9407302,0.006737949,0.009433328,6.168039e-05,0.027315583,0.0
ERR719995,0.00024086094,0.001229408,0.0016641058,0.99283725,0.00077713194,0.0020418155,0.0012094503,0.0
SRR831127,0.0018980558,0.98295534,0.003079863,0.0033205585,0.0017705733,0.0011426249,0.0058330595,0.0
SRR6745848,0.0018980558,0.98295534,0.003079863,0.0033205585,0.0017705733,0.0011426249,0.0058330595,0.0
ERR1256199,0.007357078,0.0037308342,0.0007326316,0.00967764,0.0012380645,0.9721495,0.0051142415,0.0
SRR8609910,0.0050000935,0.0036334568,0.009096714,0.0050869165,0.00084149075,0.00088847405,0.97545284,0.0
ERR924241,0.0050000935,0.0036334568,0.009096714,0.0050869165,0.00084149075,0.00088847405,0.97545284,0.0
SRR6287226,0.0018980558,0.98295534,0.003079863,0.0033205585,0.0017705733,0.0011426249,0.0058330595,0.0
ERR1548949,0.0077779396,0.0036746555,0.0007351186,0.009251896,0.0012775387,0.9722416,0.0050412356,0.0
SRR3419421,0.00024778355,0.0012061713,0.0016842202,0.9926997,0.0008069398,0.0021100712,0.0012451041,0.0
SRR6413855,0.0002329368,0.001261803,0.0016889777,0.99297065,0.00073521887,0.001969418,0.0011410661,0.0
SRR5831856,0.00023358906,0.00125846,0.0016861365,0.9929617,0.0007383651,0.00197407,0.0011476888,0.0
ERR526026,0.00023246267,0.0012641329,0.0016919952,0.99297416,0.00073314237,0.0019682434,0.0011357802,0.0
SRR1985114,0.0018980558,0.98295534,0.003079863,0.0033205585,0.0017705733,0.0011426249,0.0058330595,0.0
ERR883403,0.00023477474,0.0012534109,0.0016787598,0.9929535,0.00074320054,0.0019767124,0.0011596557,0.0
SRR5177366,0.0018980558,0.98295534,0.003079863,0.0033205585,0.0017705733,0.0011426249,0.0058330595,0.0
ERR1677146,0.0050000935,0.0036334568,0.009096714,0.0050869165,0.00084149075,0.00088847405,0.97545284,0.0
SRR6931614,0.00024137841,0.0012330972,0.0016808741,0.9927857,0.000784517,0.0020795427,0.0011948751,0.0
ERR525790,0.00023249215,0.0012637745,0.0016915172,0.99297386,0.0007334687,0.001968241,0.0011366713,0.0
SRR5181107,0.0018980558,0.98295534,0.003079863,0.0033205585,0.0017705733,0.0011426249,0.0058330595,0.0
SRR5467850,0.00023272992,0.0012620185,0.0016924676,0.9929647,0.0007350446,0.001974843,0.0011381874,0.0
SRR7453770,0.0002323735,0.001264163,0.0016921443,0.9929743,0.0007330533,0.0019682439,0.0011356913,0.0
ERR1141812,0.007696982,0.0036549491,0.00072715885,0.009294553,0.0012555037,0.9723433,0.005027521,0.0
SRR1950735,0.0002323735,0.001264163,0.0016921443,0.9929743,0.0007330533,0.0019682439,0.0011356913,0.0
ERR579364,0.00023595987,0.0012484189,0.0016703389,0.9929495,0.00074779615,0.0019755429,0.0011724823,0.0
ERR1690612,0.0050000935,0.0036334568,0.009096714,0.0050869165,0.00084149075,0.00088847405,0.97545284,0.0
SRR6348049,0.0018980558,0.98295534,0.003079863,0.0033205585,0.0017705733,0.0011426249,0.0058330595,0.0
DRR060024,0.0018980558,0.98295534,0.003079863,0.0033205585,0.0017705733,0.0011426249,0.0058330595,0.0
ERR1135259,0.00731699,0.0037308172,0.0007347665,0.009798742,0.0012431467,0.97204447,0.0051311483,0.0
DRR042996,0.0002325222,0.0012641033,0.0016920846,0.9929742,0.00073308294,0.0019682436,0.0011357804,0.0
SRR5831806,0.00023249228,0.0012639537,0.0016918454,0.9929739,0.00073326094,0.0019683018,0.001136196,0.0
ERR720021,0.00025593312,0.0011960004,0.0016677144,0.99252176,0.00086264784,0.0022054566,0.0012904621,0.0
SRR640658,0.007879225,0.007841985,0.94073,0.0067378376,0.0094333375,6.168062e-05,0.027315844,0.0
ERR2739298,0.0002332334,0.001261025,0.0016871868,0.9929712,0.00073587056,0.001968221,0.0011432929,0.0
SRR6054699,0.00024884715,0.001196774,0.0015949056,0.99285376,0.0008013485,0.0019940187,0.0013104026,0.0
ERR520877,0.00023258114,0.0012634459,0.0016911287,0.99297327,0.00073376537,0.0019685365,0.0011373244,0.0
SRR6054624,0.00023578183,0.0012493135,0.0016706393,0.99295324,0.00074690516,0.0019731966,0.0011708782,0.0
SRR8609427,0.0050000935,0.0036334568,0.009096714,0.0050869165,0.00084149075,0.00088847405,0.97545284,0.0
ERR1665711,0.0018980558,0.98295534,0.003079863,0.0033205585,0.0017705733,0.0011426249,0.0058330595,0.0
SRR6931255,0.00023567076,0.0012484036,0.0016926472,0.9929031,0.000749994,0.002012229,0.0011579486,0.0
SRR2658024,0.00023311577,0.0012603481,0.0016909445,0.99295807,0.00073709444,0.0019790598,0.0011414553,0.0
ERR833576,0.0018980558,0.98295534,0.003079863,0.0033205585,0.0017705733,0.0011426249,0.0058330595,0.0
DRR043232,0.00023243295,0.0012640439,0.0016920846,0.99297386,0.0007332019,0.0019685114,0.0011358695,0.0
ERR1383970,0.0002355447,0.0012502995,0.001672073,0.9929548,0.00074595603,0.0019727873,0.0011685325,0.0
SRR5915695,0.0018980558,0.98295534,0.003079863,0.0033205585,0.0017705733,0.0011426249,0.0058330595,0.0
SRR7081352,0.0018980558,0.98295534,0.003079863,0.0033205585,0.0017705733,0.0011426249,0.0058330595,0.0
ERR1382795,0.0002386276,0.0012366519,0.0016565628,0.992921,0.00075990235,0.001987453,0.0011998302,0.0
SRR5177270,0.0018980558,0.98295534,0.003079863,0.0033205585,0.0017705733,0.0011426249,0.0058330595,0.0
SRR1461480,0.00023981866,0.0012310672,0.001664692,0.9928694,0.000769008,0.0020214901,0.0012045363,0.0
ERR1725587,0.00069558615,0.002358645,0.0037227268,0.47562426,0.0023424623,0.44393247,0.00048556918,0.070838206
DRR066442,0.0018980558,0.98295534,0.003079863,0.0033205585,0.0017705733,0.0011426249,0.0058330595,0.0
SRR8057077,0.00025366654,0.0012487582,0.0016788341,0.9924705,0.0008811841,0.0022434928,0.001223561,0.0
ERR1522039,0.007696748,0.0036549198,0.00072715885,0.009294816,0.0012554452,0.97234356,0.005027316,0.0
SRR492184,0.00023290733,0.0012620722,0.0016896044,0.99297065,0.0007349223,0.0019696287,0.0011402346,0.0
SRR5915114,0.0018980558,0.98295534,0.003079863,0.0033204993,0.0017705733,0.0011426249,0.0058330595,0.0
SRR1980777,0.0018980558,0.98295534,0.003079863,0.0033205585,0.0017705733,0.0011426249,0.0058330595,0.0
ERR1533393,0.00771734,0.0036877603,0.00072241604,0.009265148,0.0012698952,0.97227126,0.005066255,0.0
SRR1767192,0.007879335,0.007841948,0.9407302,0.006737949,0.009433328,6.168039e-05,0.027315583,0.0
ERR107175,0.00023255158,0.001263566,0.0016915465,0.992973,0.0007335875,0.0019688355,0.0011368792,0.0
SRR7448881,0.0002324329,0.0012641328,0.0016920544,0.99297404,0.00073314225,0.0019682432,0.0011358396,0.0
SRR6287204,0.0018980558,0.98295534,0.003079863,0.0033205585,0.0017705733,0.0011426249,0.0058330595,0.0
ERR522414,0.00023960788,0.0012325112,0.0016611642,0.9928932,0.0007650439,0.0020025817,0.0012059212,0.0
DRR018759,0.0002336184,0.0012584875,0.0016848247,0.99296504,0.00073824485,0.0019713596,0.0011484899,0.0
ERR2592280,0.80580145,0.018954968,0.046000965,0.00692276,0.0007107039,0.04903835,0.0725709,0.0
ERR309343,0.008025438,0.0037477773,0.00073941704,0.0091193495,0.0013099475,0.97161275,0.005445341,0.0
SRR575322,0.007879335,0.007841948,0.9407302,0.006737949,0.009433328,6.168039e-05,0.027315583,0.0
ERR1689542,0.0050000935,0.0036334568,0.009096714,0.0050869165,0.00084149075,0.00088847405,0.97545284,0.0
SRR6800969,0.0018980558,0.98295534,0.003079863,0.0033205585,0.0017705733,0.0011426249,0.0058330595,0.0
DRR067958,0.0002329073,0.0012621316,0.001689277,0.9929717,0.0007348032,0.0019688848,0.001140294,0.0
ERR1529626,0.00023389902,0.0012865785,0.0016682595,0.9928805,0.0007633324,0.0020213837,0.0011460249,0.0
SRR4827089,0.0018982306,0.9829545,0.0030799482,0.0033207024,0.0017706304,0.0011426826,0.0058332304,0.0
SRR6931671,0.00023255164,0.0012632688,0.0016920229,0.99297065,0.00073388516,0.0019707398,0.0011369389,0.0
ERR1314527,0.00023510252,0.0012518674,0.0016801918,0.9929362,0.0007464148,0.0019890317,0.0011611459,0.0
ERR1315310,0.000120363205,0.004261822,0.0033532085,0.8939898,0.0006128848,0.040584687,0.0012283028,0.05584896
SRR6287260,0.0018980558,0.98295534,0.003079863,0.0033205585,0.0017705733,0.0011426249,0.0058330595,0.0
ERR380925,0.0050000935,0.0036334568,0.009096714,0.0050869165,0.00084149075,0.00088847405,0.97545284,0.0
SRR5874767,0.0018980558,0.98295534,0.003079863,0.0033205585,0.0017705733,0.0011426249,0.0058330595,0.0
ERR500807,0.00023249217,0.0012637449,0.0016916066,0.9929739,0.00073343905,0.0019682413,0.0011365226,0.0
ERR2001914,0.00023364826,0.0012588748,0.0016845876,0.99296683,0.00073794776,0.0019701412,0.0011479848,0.0
ERR2624784,0.00023237347,0.0012641033,0.0016921441,0.9929742,0.0007330532,0.0019682436,0.00113581,0.0
ERR1582173,0.0018980558,0.98295534,0.003079863,0.0033205585,0.0017705733,0.0011426249,0.0058330595,0.0
SRR6394059,0.0002325222,0.0012641033,0.0016920846,0.9929742,0.00073308294,0.0019682436,0.0011357804,0.0
SRR5165671,0.00024769106,0.0012021447,0.0015957918,0.99288905,0.00079336076,0.0019735883,0.0012984376,0.0
SRR6060211,0.00023249222,0.0012638046,0.0016916665,0.99297404,0.00073337974,0.0019682418,0.0011364039,0.0
SRR505270,0.00024822823,0.0011746456,0.0016676822,0.99241287,0.00084829406,0.0023484882,0.001299875,0.0
ERR1582426,0.0018980558,0.98295534,0.003079863,0.0033205585,0.0017705733,0.0011426249,0.0058330595,0.0
ERR441313,0.00023252214,0.0012640435,0.001691995,0.99297404,0.00073314225,0.0019683028,0.0011358693,0.0
ERR2729907,0.8049846,0.02049017,0.045718193,0.006680828,0.00071650324,0.048263643,0.07314597,0.0
ERR1511854,0.007697615,0.0036555587,0.00072698196,0.0092942165,0.0012558532,0.9723415,0.0050283335,0.0
ERR1385570,0.00024508953,0.0012101908,0.0016286067,0.9928414,0.00079037726,0.0020195127,0.001264913,0.0
DRR041911,0.00023456874,0.0012540772,0.001686539,0.9929423,0.00074296957,0.0019847322,0.0011548479,0.0
ERR1428299,0.0050000935,0.0036334568,0.009096714,0.0050869165,0.00084149075,0.00088847405,0.97545284,0.0
SRR3095744,0.007879335,0.007841948,0.9407302,0.006737949,0.009433328,6.168039e-05,0.027315583,0.0
DRR047459,0.00023865832,0.0012364488,0.0016625181,0.9929097,0.0007604706,0.0019939747,0.0011982289,0.0
ERR192258,0.007696779,0.003654862,0.00072715903,0.009294789,0.0012554454,0.9723436,0.005027347,0.0
ERR2495574,0.0050000935,0.0036334568,0.009096714,0.0050869165,0.00084149075,0.00088847405,0.97545284,0.0
ERR2043529,0.007879335,0.007841948,0.9407302,0.006737949,0.009433328,6.168039e-05,0.027315583,0.0
ERR719976,0.00023465649,0.0012535636,0.00168052,0.9929504,0.0007432028,0.0019795145,0.0011581721,0.0
SRR6800973,0.0018980558,0.98295534,0.003079863,0.0033205585,0.0017705733,0.0011426249,0.0058330595,0.0
SRR5467547,0.00023249234,0.0012638945,0.0016920243,0.9929734,0.00073329086,0.0019687782,0.0011361367,0.0
SRR921148,0.0002323735,0.001264163,0.0016921443,0.9929743,0.0007330533,0.0019682439,0.0011356913,0.0
ERR1512042,0.0076726936,0.0036645778,0.00072347926,0.009406519,0.0012661986,0.9721481,0.0051183603,0.0
ERR1690872,0.0050000935,0.0036334568,0.009096714,0.0050869165,0.00084149075,0.00088847405,0.97545284,0.0
SRR8609333,0.0050000935,0.0036334568,0.009096714,0.0050869165,0.00084149075,0.00088847405,0.97545284,0.0
ERR2716339,0.8076265,0.014562082,0.046953123,0.0078014876,0.0006912859,0.051723756,0.07064177,0.0
SRR2443008,0.0018980558,0.98295534,0.003079863,0.0033205585,0.0017705733,0.0011426249,0.0058330595,0.0
ERR1466973,0.00023350092,0.0012582873,0.0016890593,0.99295473,0.00073863624,0.0019799094,0.0011457904,0.0
SRR5971056,0.00032949448,0.0031801164,0.0017265677,0.84830725,0.0040588975,0.104183555,0.0019870102,0.036227107
SRR5349119,0.0018980558,0.98295534,0.003079863,0.0033205585,0.0017705733,0.0011426249,0.0058330595,0.0
ERR1582650,0.0018980558,0.98295534,0.003079863,0.0033205585,0.0017705733,0.0011426249,0.0058330595,0.0
SRR2090128,0.0018980558,0.98295534,0.003079863,0.0033205585,0.0017705733,0.0011426249,0.0058330595,0.0
SRR8605381,0.0050000935,0.0036334568,0.009096714,0.0050869165,0.00084149075,0.00088847405,0.97545284,0.0
ERR2262480,0.007714712,0.0036535095,0.00072658394,0.00930858,0.0012601288,0.97229266,0.0050437073,0.0
SRR5568769,0.0018980558,0.98295534,0.003079863,0.0033205585,0.0017705733,0.0011426249,0.0058330595,0.0
ERR720186,0.00023883581,0.001235135,0.0016582283,0.99290985,0.00076183566,0.0019947698,0.0012013471,0.0
ERR924088,0.0050000935,0.0036334568,0.009096714,0.0050869165,0.00084149075,0.00088847405,0.97545284,0.0
ERR1533648,0.007716803,0.003698838,0.00072184304,0.0092357015,0.0012712358,0.9723064,0.0050492403,0.0
ERR531762,0.00024097586,0.0012262346,0.0016665763,0.99284875,0.0007738472,0.0020302113,0.001213356,0.0
ERR2784685,0.00023475091,0.0012527287,0.0016922471,0.9929175,0.0007461938,0.0020057044,0.00115091,0.0
SRR5165965,0.00024680296,0.0012045733,0.0016042341,0.992877,0.00079218426,0.0019861704,0.0012890614,0.0
SRR3951099,0.00023412406,0.0012556319,0.0016881264,0.9929453,0.00074139785,0.0019846559,0.0011507208,0.0
SRR5595921,0.0018980558,0.98295534,0.003079863,0.0033205585,0.0017705733,0.0011426249,0.0058330595,0.0
SRR995628,0.0002325222,0.0012641033,0.0016920846,0.9929742,0.00073308294,0.0019682436,0.0011357804,0.0
SRR2010499,0.00023246267,0.0012640437,0.0016921142,0.9929739,0.00073314237,0.001968422,0.0011358397,0.0
SRR6145450,0.0018980558,0.98295534,0.003079863,0.0033205585,0.0017705733,0.0011426249,0.0058330595,0.0
SRR5916462,0.0018980558,0.98295534,0.003079863,0.0033205585,0.0017705733,0.0011426249,0.0058330595,0.0
SRR6145468,0.0018980558,0.98295534,0.003079863,0.0033205585,0.0017705733,0.0011426249,0.0058330595,0.0
ERR499006,0.00023418169,0.0012561276,0.00168145,0.9929611,0.00074046984,0.0019727717,0.0011538349,0.0
SRR995002,0.0002323735,0.001264163,0.0016921443,0.9929743,0.0007330533,0.0019682439,0.0011356913,0.0
ERR1548784,0.0025429153,0.037591342,0.078646705,0.035610422,0.8053833,0.0066043963,0.03362083,0.0
ERR2739048,0.00023355924,0.0012594708,0.0016846784,0.9929697,0.0007373535,0.0019681798,0.0011470935,0.0
SRR5431331,0.0002367036,0.0012455048,0.0016707266,0.9929176,0.000754608,0.0019970194,0.0011778369,0.0
SRR5588407,0.0012142956,0.3338362,0.10271329,0.0001257956,0.005829543,0.00019776821,0.24784416,0.30823898
SRR944429,0.007879335,0.007841948,0.9407302,0.006737949,0.009433328,6.168039e-05,0.027315583,0.0
ERR719021,0.00023341207,0.0012587357,0.0016890919,0.9929545,0.0007386375,0.001980567,0.001145019,0.0
SRR6931341,0.00023255158,0.0012636255,0.0016915168,0.9929734,0.00073349825,0.0019686273,0.0011367899,0.0
ERR2730303,0.0002332629,0.0012600421,0.0016872742,0.9929656,0.0007369406,0.0019722644,0.0011446301,0.0
ERR1189784,0.0018980558,0.98295534,0.003079863,0.0033205585,0.0017705733,0.0011426249,0.0058330595,0.0
SRR1508257,0.0018980558,0.98295534,0.003079863,0.0033205585,0.0017705733,0.0011426249,0.0058330595,0.0
SRR5786468,0.0018980558,0.98295534,0.003079863,0.0033205585,0.0017705733,0.0011426249,0.0058330595,0.0
SRR8356299,0.00024178393,0.0012255164,0.0016721728,0.9928111,0.00078094215,0.0020580038,0.0012104961,0.0
ERR923612,0.0050000935,0.0036334568,0.009096714,0.0050869165,0.00084149075,0.00088847405,0.97545284,0.0
ERR450830,0.00023237347,0.0012641033,0.0016921441,0.9929742,0.0007330532,0.0019682436,0.00113581,0.0
SRR8356339,0.00025048314,0.0011940101,0.0015968113,0.99278426,0.0008170514,0.0020366362,0.001320813,0.0
SRR5947907,0.0009216043,0.0014558086,0.004004207,0.23549794,0.003609566,0.75354993,0.0009609283,0.0
ERR1716663,0.0018980558,0.98295534,0.003079863,0.0033205585,0.0017705733,0.0011426249,0.0058330595,0.0
ERR1529680,0.00023258111,0.0012633267,0.0016909797,0.992973,0.00073385454,0.0019687742,0.0011375027,0.0
SRR919925,0.0002323735,0.001264163,0.0016921443,0.9929743,0.0007330533,0.0019682439,0.0011356913,0.0
SRR5160347,0.0018980558,0.98295534,0.0030798924,0.00332047,0.0017706323,0.0011426249,0.005833089,0.0
SRR5113078,0.0018980558,0.98295534,0.003079863,0.0033205585,0.0017705733,0.0011426249,0.0058330595,0.0
ERR579438,0.0002327292,0.0012627285,0.0016899637,0.99297243,0.0007344177,0.0019685011,0.0011392249,0.0
ERR543710,0.007879335,0.007841948,0.9407302,0.006737949,0.009433328,6.168039e-05,0.027315583,0.0
ERR1548740,0.0025429153,0.037591342,0.078646705,0.035610422,0.8053833,0.0066043963,0.03362083,0.0
ERR526005,0.000232611,0.0012636548,0.0016912782,0.9929737,0.00073358725,0.0019682697,0.0011369382,0.0
SRR1258344,0.0018980558,0.98295534,0.003079863,0.0033205585,0.0017705733,0.0011426249,0.0058330595,0.0
SRR6511316,0.0018980558,0.98295534,0.003079863,0.0033205585,0.0017705733,0.0011426249,0.0058330595,0.0
SRR959114,0.0018980558,0.98295534,0.003079863,0.0033205585,0.0017705733,0.0011426249,0.0058330595,0.0
DRR044238,0.00024067509,0.0012284482,0.0016569166,0.99288255,0.00076943455,0.0020058835,0.0012161647,0.0
ERR543517,0.007879335,0.007841948,0.9407302,0.006737949,0.009433328,6.168039e-05,0.027315583,0.0
ERR2003250,0.0002344488,0.001254548,0.0016818921,0.9929536,0.0007420147,0.0019772286,0.0011562116,0.0
SRR5180347,0.0018980558,0.98295534,0.003079863,0.0033205585,0.0017705733,0.0011426249,0.0058330595,0.0
ERR441195,0.0002324626,0.0012640135,0.0016919648,0.9929739,0.00073320157,0.0019683915,0.001135988,0.0
ERR1716704,0.0018980558,0.98295534,0.003079863,0.0033205585,0.0017705733,0.0011426249,0.0058330595,0.0
ERR2001814,0.007697177,0.003654593,0.00072715787,0.009296503,0.0012556486,0.9723409,0.0050281,0.0
SRR769632,0.0017657209,0.9831856,0.00295103,0.0036976447,0.0017709129,0.0011728009,0.005456256,0.0
SRR6765074,0.0050000935,0.0036334568,0.009096714,0.0050869165,0.00084149075,0.00088847405,0.97545284,0.0
ERR1226533,0.0050000935,0.0036334568,0.009096714,0.0050869165,0.00084149075,0.00088847405,0.97545284,0.0
DRR048059,0.0002449861,0.0012265366,0.001673115,0.99278206,0.00078474666,0.002046974,0.001241586,0.0
ERR1844700,0.007879335,0.007841948,0.9407302,0.006737949,0.009433328,6.168039e-05,0.027315583,0.0
SRR8605814,0.0050000935,0.0036334568,0.009096714,0.0050869165,0.00084149075,0.00088847405,0.97545284,0.0
SRR5940951,0.0018980558,0.98295534,0.003079863,0.0033205585,0.0017705733,0.0011426249,0.0058330595,0.0
ERR1547089,0.0018980558,0.98295534,0.003079863,0.0033205585,0.0017705733,0.0011426249,0.0058330595,0.0
SRR920136,0.0002323735,0.001264163,0.0016921443,0.9929743,0.0007330533,0.0019682439,0.0011356913,0.0
ERR309453,0.0077503314,0.0036433164,0.00072099647,0.0094294455,0.001280662,0.97206414,0.005111168,0.0
SRR3180897,0.0018980558,0.98295534,0.003079863,0.0033205585,0.0017705733,0.0011426249,0.0058330595,0.0
ERR1382495,0.00023558014,0.0012496158,0.0016843682,0.9929119,0.00075052504,0.0020064171,0.0011616005,0.0
SRR8611326,0.0050000935,0.0036334568,0.009096714,0.0050869165,0.00084149075,0.00088847405,0.97545284,0.0
SRR1704431,0.0002323735,0.001264163,0.0016921443,0.9929743,0.0007330533,0.0019682439,0.0011356913,0.0
ERR441611,0.00023275889,0.0012625497,0.0016896956,0.99297285,0.00073450676,0.0019682925,0.0011394031,0.0
SRR7453702,0.00023243293,0.0012641032,0.0016920547,0.99297416,0.00073314237,0.0019682434,0.0011358099,0.0
ERR2531874,0.00023575539,0.0012479033,0.0016820251,0.9929225,0.000749325,0.001996336,0.0011662545,0.0
SRR3742067,0.0018980558,0.98295534,0.003079863,0.0033205585,0.0017705733,0.0011426249,0.0058330595,0.0
ERR2043422,0.007879335,0.007841948,0.9407302,0.006737949,0.009433328,6.168039e-05,0.027315583,0.0
SRR5595821,0.0018980558,0.98295534,0.003079863,0.0033205585,0.0017705733,0.0011426249,0.0058330595,0.0
ERR2595904,0.007837813,0.0034442362,0.0007499587,0.010965281,0.0013613658,0.97039056,0.005250735,0.0
SRR6480244,0.0018980558,0.98295534,0.003079863,0.0033205585,0.0017705733,0.0011426249,0.0058330595,0.0
ERR1020080,0.0002325517,0.0012635071,0.0016920827,0.99297184,0.0007336176,0.0019696695,0.0011367607,0.0
SRR6292336,0.0018980558,0.98295534,0.003079863,0.0033205585,0.0017705733,0.0011426249,0.0058330595,0.0
ERR522703,0.00023892347,0.0012354244,0.0016536372,0.9929222,0.00076096813,0.0019851201,0.0012037186,0.0
ERR1135213,0.007696748,0.0036548614,0.00072715885,0.009295021,0.0012554452,0.97234356,0.0050272867,0.0
ERR531856,0.00023438974,0.0012546692,0.001682371,0.99295163,0.00074210524,0.0019794034,0.0011553807,0.0
SRR5688053,0.0002325222,0.0012641033,0.0016920846,0.9929742,0.00073308294,0.0019682436,0.0011357804,0.0
SRR5916445,0.0018980558,0.98295534,0.003079863,0.0033205585,0.0017705733,0.0011426249,0.0058330595,0.0
ERR2168991,0.0018980558,0.98295534,0.003079863,0.0033205585,0.0017705733,0.0011426249,0.0058330595,0.0
ERR1310797,0.00024369579,0.0012165755,0.0016297937,0.9928664,0.0007836988,0.0020074716,0.0012523835,0.0
ERR2014706,0.007696836,0.0036549491,0.00072718813,0.0092947865,0.001255533,0.9723434,0.0050272574,0.0
ERR1135377,0.004765593,0.002922293,0.00108994,0.02288145,0.0017071345,0.9626379,0.003995695,0.0
SRR1704649,0.00023252217,0.0012641032,0.0016921142,0.9929741,0.0007331126,0.0019682434,0.0011357802,0.0
ERR522380,0.00030404388,0.0011390721,0.0016691352,0.9916832,0.0010536462,0.0024999725,0.0016509739,0.0
SRR1949173,0.00023243293,0.0012640437,0.0016920547,0.99297416,0.0007331126,0.0019682434,0.0011358992,0.0
SRR6038371,0.00024447127,0.0012156349,0.0016332286,0.99282616,0.00079218205,0.0020333943,0.0012549227,0.0
ERR1762088,0.007701367,0.003655955,0.0007276001,0.009285645,0.0012558586,0.97234225,0.0050312835,0.0
SRR5150198,0.0018979675,0.9829554,0.003079834,0.0033206472,0.0017706325,0.001142625,0.005832942,0.0
SRR632538,0.0018980558,0.98295534,0.003079863,0.0033205585,0.0017705733,0.0011426249,0.0058330595,0.0
SRR8605414,0.0050000935,0.0036334568,0.009096714,0.0050869165,0.00084149075,0.00088847405,0.97545284,0.0
ERR1905695,0.0050000935,0.0036334568,0.009096714,0.0050869165,0.00084149075,0.00088847405,0.97545284,0.0
ERR1522907,0.007696777,0.0036550662,0.00072715885,0.009294523,0.001255533,0.97234356,0.005027316,0.0
SRR5786471,0.0018980558,0.98295534,0.003079863,0.0033205585,0.0017705733,0.0011426249,0.0058330595,0.0
SRR1556882,0.00023937706,0.001232875,0.0016766804,0.9928585,0.00076726766,0.0020306895,0.001194476,0.0
SRR8608284,0.0050000935,0.0036334568,0.009096714,0.0050869165,0.00084149075,0.00088847405,0.97545284,0.0
ERR1583388,0.0018980558,0.98295534,0.003079863,0.0033205585,0.0017705733,0.0011426249,0.0058330595,0.0
SRR1747784,0.0018980558,0.98295534,0.003079863,0.0033205585,0.0017705733,0.0011426249,0.0058330595,0.0
SRR3633302,0.0018980558,0.98295534,0.003079863,0.0033205585,0.0017705733,0.0011426249,0.0058330595,0.0
SRR5002006,0.0018981143,0.9829551,0.0030798328,0.003320587,0.0017706319,0.0011426837,0.0058330875,0.0
SRR5902534,0.0018980558,0.98295534,0.003079863,0.0033205585,0.0017705733,0.0011426249,0.0058330595,0.0
SRR5180672,0.0018980558,0.98295534,0.003079863,0.0033205585,0.0017705733,0.0011426249,0.0058330595,0.0
SRR5178516,0.0018980558,0.98295534,0.003079863,0.0033205585,0.0017705733,0.0011426249,0.0058330595,0.0
ERR1522975,0.0076968945,0.0036549198,0.00072718813,0.009294758,0.0012554452,0.9723434,0.005027404,0.0
SRR1302144,0.0018980558,0.98295534,0.003079863,0.0033205585,0.0017705733,0.0011426249,0.0058330595,0.0
SRR5179963,0.0018980558,0.98295534,0.003079863,0.0033205585,0.0017705733,0.0011426249,0.0058330595,0.0
ERR1382692,0.00024440445,0.0012208323,0.0017723786,0.99196297,0.00084434956,0.0027037987,0.0012512045,0.0
ERR986294,0.00771125,0.003642805,0.000731367,0.0092932815,0.0012621864,0.9723248,0.0050342767,0.0
ERR1310159,0.00023546201,0.0012494716,0.0016880925,0.99291044,0.00074951636,0.0020080006,0.0011590465,0.0
ERR441209,0.0002324627,0.0012641033,0.0016921143,0.9929742,0.00073308294,0.0019682436,0.0011357209,0.0
ERR500911,0.00023237347,0.0012641033,0.0016921441,0.9929742,0.00073308294,0.0019682436,0.0011357804,0.0
SRR6411606,0.00023252206,0.0012640134,0.0016918754,0.9929739,0.000733261,0.0019683319,0.0011360474,0.0
ERR1593542,0.007879335,0.007841948,0.9407302,0.006737949,0.009433328,6.168039e-05,0.027315583,0.0
SRR6054497,0.0002619321,0.0011511336,0.0015255983,0.99273974,0.00085593225,0.0020073631,0.0014581977,0.0
SRR7303176,0.007697307,0.0036555948,0.00072727626,0.009294409,0.0012555628,0.97234106,0.0050286944,0.0
SRR6148047,0.0018980558,0.98295534,0.003079863,0.0033205585,0.0017705733,0.0011426249,0.0058330595,0.0
ERR520699,0.00024067266,0.0012276922,0.0016493751,0.9928953,0.0007692781,0.001996881,0.0012207921,0.0
ERR3661009,0.0018980558,0.98295534,0.003079863,0.0033205585,0.0017705733,0.0011426249,0.0058330595,0.0
SRR6477304,0.0018980558,0.98295534,0.003079863,0.0033205585,0.0017705733,0.0011426249,0.0058330595,0.0
SRR5915808,0.0018980558,0.98295534,0.003079863,0.0033205585,0.0017705733,0.0011426249,0.0058330595,0.0
SRR6038387,0.0002459488,0.0012074092,0.00162234,0.9928339,0.00079459,0.0020214194,0.0012743537,0.0
ERR883513,0.00023269981,0.0012630873,0.0016905316,0.992973,0.00073403213,0.001968415,0.001138245,0.0
ERR1678248,0.0050000935,0.0036334568,0.009096714,0.0050869165,0.00084149075,0.00088847405,0.97545284,0.0
ERR539272,0.007879335,0.007841948,0.9407302,0.006737949,0.009433328,6.168039e-05,0.027315583,0.0
ERR1309824,0.00024322886,0.0012346758,0.0016832079,0.9927209,0.00080015365,0.0021216564,0.0011960958,0.0
SRR3098346,0.0018980558,0.98295534,0.003079863,0.0033205585,0.0017705733,0.0011426249,0.0058330595,0.0
ERR1314897,0.00023323303,0.0012601307,0.0016869165,0.99296725,0.0007367915,0.0019709843,0.0011447188,0.0
ERR1315745,0.00069592433,0.00083418156,0.0019785187,0.90573865,0.005567509,0.08341315,0.0017720918,0.0
SRR5457564,0.0018980558,0.98295534,0.003079863,0.0033205585,0.0017705733,0.0011426249,0.0058330595,0.0
SRR5179973,0.0018980558,0.98295534,0.003079863,0.0033205585,0.0017705733,0.0011426249,0.0058330595,0.0
SRR6686247,0.0018979969,0.9829554,0.0030798335,0.003320529,0.0017706323,0.0011426249,0.0058330004,0.0
SRR1784957,0.007879335,0.007841948,0.9407302,0.006737949,0.009433328,6.168039e-05,0.027315583,0.0
SRR1784927,0.007879335,0.007841948,0.9407302,0.006737949,0.009433328,6.168039e-05,0.027315583,0.0
ERR2247392,0.00023862661,0.0012376878,0.0016524812,0.99293894,0.00075781724,0.001974001,0.0012004796,0.0
ERR2043017,0.007879335,0.007841948,0.9407302,0.006737949,0.009433328,6.168039e-05,0.027315583,0.0
ERR1429244,0.0018980558,0.98295534,0.003079863,0.0033205585,0.0017705733,0.0011426249,0.0058330595,0.0
ERR441980,0.00023249231,0.0012639241,0.0016917266,0.99297404,0.000733261,0.0019683319,0.0011361961,0.0
SRR828638,0.0018980558,0.98295534,0.003079863,0.0033205585,0.0017705733,0.0011426249,0.0058330595,0.0
SRR2897213,0.007696865,0.0036549198,0.00072718813,0.009294845,0.0012555037,0.97234344,0.0050273454,0.0
ERR1384981,0.0002324627,0.0012641033,0.0016921143,0.9929742,0.00073308294,0.0019682436,0.0011357209,0.0
SRR3581200,0.00025018796,0.0011923555,0.001614847,0.9927715,0.0008132819,0.0020452489,0.0013125576,0.0
SRR5082720,0.007698556,0.0036551075,0.0007269503,0.009296265,0.0012562299,0.9723369,0.0050299573,0.0
SRR943938,0.0018980558,0.98295534,0.003079863,0.0033205585,0.0017705733,0.0011426249,0.0058330595,0.0
SRR5327665,0.0018980558,0.98295534,0.003079863,0.0033205585,0.0017705733,0.0011426249,0.0058330595,0.0
SRR7453591,0.00023243295,0.0012641033,0.0016921441,0.99297416,0.0007331127,0.001968333,0.0011357804,0.0
ERR1384034,0.0002364365,0.0012456863,0.0016741811,0.9929223,0.00075217086,0.0019947044,0.0011745085,0.0
SRR921132,0.0002323735,0.001264163,0.0016921443,0.9929743,0.0007330533,0.0019682439,0.0011356913,0.0
SRR2922903,0.0050000935,0.0036334568,0.009096714,0.0050869165,0.00084149075,0.00088847405,0.97545284,0.0
SRR6931728,0.00023373782,0.0012572703,0.0016878322,0.99295336,0.000739674,0.0019796623,0.0011485219,0.0
SRR6398181,0.0018980558,0.98295534,0.003079863,0.0033205585,0.0017705733,0.0011426249,0.0058330595,0.0
SRR5902397,0.01140368,0.0020650625,0.005370617,0.011680841,0.017541617,0.17477503,0.4591896,0.31797355
SRR3732499,0.00023578174,0.0012494618,0.0016701628,0.99295586,0.000746548,0.0019712031,0.0011709373,0.0
SRR3923084,0.007879335,0.007841948,0.9407302,0.006737949,0.009433328,6.168039e-05,0.027315583,0.0
ERR1366577,0.007700712,0.0036562718,0.00072742335,0.009287681,0.0012555346,0.97234195,0.0050303102,0.0
ERR1897199,0.0018980558,0.98295534,0.003079863,0.0033205585,0.0017705733,0.0011426249,0.0058330595,0.0
SRR4779901,0.0018980558,0.98295534,0.003079863,0.0033205585,0.0017705733,0.0011426249,0.0058330595,0.0
ERR1428524,0.0050000935,0.0036334568,0.009096714,0.0050869165,0.00084149075,0.00088847405,0.97545284,0.0
ERR1691352,0.0050000935,0.0036334568,0.009096714,0.0050869165,0.00084149075,0.00088847405,0.97545284,0.0
ERR1743283,0.0018980553,0.9829551,0.0030799212,0.0033205282,0.0017706319,0.0011426246,0.0058331173,0.0
ERR1511855,0.007805944,0.0036896642,0.0007231793,0.009311135,0.0012915318,0.9719633,0.0052152956,0.0
SRR7015926,0.0018980558,0.98295534,0.003079863,0.0033205585,0.0017705733,0.0011426249,0.0058330595,0.0
ERR1676976,0.0050000935,0.0036334568,0.009096714,0.0050869165,0.00084149075,0.00088847405,0.97545284,0.0
ERR2570334,0.78849137,0.04362736,0.042797346,0.004671473,0.0007730167,0.04100161,0.07863782,0.0
ERR1689474,0.0050000935,0.0036334568,0.009096714,0.0050869165,0.00084149075,0.00088847405,0.97545284,0.0
ERR2854495,0.007696748,0.0036548614,0.00072715885,0.009295021,0.0012554452,0.97234356,0.0050272867,0.0
ERR1690882,0.0050000935,0.0036334568,0.009096714,0.0050869165,0.00084149075,0.00088847405,0.97545284,0.0
ERR1384860,0.00023507146,0.0012512952,0.0016790223,0.9929436,0.00074539933,0.001982893,0.0011627158,0.0
DRR043030,0.00023356068,0.0012584078,0.0016907866,0.9929526,0.0007386669,0.0019809527,0.0011449887,0.0
ERR789532,0.0018980558,0.98295534,0.003079863,0.0033205585,0.0017705733,0.0011426249,0.0058330595,0.0
SRR7747920,0.00023364826,0.0012584286,0.0016850337,0.99296397,0.00073833443,0.0019724017,0.0011481632,0.0
ERR2233296,0.0018980558,0.98295534,0.003079863,0.0033205585,0.0017705733,0.0011426249,0.0058330595,0.0
SRR6931480,0.00023398013,0.0012565203,0.0016960138,0.99292934,0.0007419782,0.0019998667,0.0011423561,0.0
ERR720225,0.00023530894,0.0012502219,0.0016776804,0.99293923,0.0007468553,0.0019857744,0.0011649741,0.0
ERR500311,0.00023249228,0.0012638943,0.0016917859,0.992974,0.0007332312,0.0019683018,0.0011362258,0.0
SRR1922878,0.00023498281,0.0012519825,0.0016805733,0.99294436,0.00074465753,0.001982422,0.0011609638,0.0
ERR719488,0.00023592959,0.0011793802,0.0018248255,0.9912105,0.0008997567,0.0033295162,0.0013200992,0.0
ERR1954392,0.0018980558,0.98295534,0.003079863,0.0033205585,0.0017705733,0.0011426249,0.0058330595,0.0
ERR1314692,0.00023524993,0.0012528717,0.0016747987,0.99294305,0.000747184,0.0019822386,0.00116456,0.0
SRR980715,0.007879335,0.007841948,0.9407302,0.006737949,0.009433328,6.168039e-05,0.027315583,0.0
ERR1315205,0.00023991811,0.0012363249,0.0016749355,0.99282753,0.0007754953,0.002053492,0.001192214,0.0
SRR996164,0.0002323735,0.001264163,0.0016921443,0.9929743,0.0007330533,0.0019682439,0.0011356913,0.0
SRR5983287,0.00023424215,0.0012553297,0.0016853834,0.992949,0.00074151397,0.0019819415,0.0011525904,0.0
ERR1691061,0.0050000944,0.0036334572,0.0090967445,0.005086917,0.0008414019,0.0008883852,0.97545296,0.0
ERR579850,0.00023810567,0.0012393689,0.0016941344,0.9928624,0.0007603914,0.0020317952,0.0011738415,0.0
SRR6932328,0.0002323735,0.001264163,0.0016921443,0.9929743,0.0007330533,0.0019682439,0.0011356913,0.0
ERR1624685,0.00023255173,0.0012634775,0.0016920532,0.9929715,0.0007336772,0.001970205,0.0011366121,0.0
DRR030550,0.00023249228,0.0012638943,0.0016917859,0.9929739,0.0007332907,0.0019683316,0.001136196,0.0
DRR043062,0.00023631688,0.0012466942,0.0016746226,0.9929329,0.00075002725,0.0019855674,0.0011739401,0.0
SRR3884249,0.0018980558,0.98295534,0.003079863,0.0033205585,0.0017705733,0.0011426249,0.0058330595,0.0
SRR3053346,0.00023917186,0.0012339316,0.0016812226,0.99285024,0.00076766405,0.0020384784,0.0011892859,0.0
ERR1523669,0.007696605,0.003661994,0.00072648824,0.009284722,0.0012573542,0.97234815,0.0050246427,0.0
SRR6148458,0.00023471667,0.001252675,0.0016835887,0.9929408,0.0007441569,0.0019865104,0.0011576401,0.0
SRR4826803,0.0018980555,0.9829553,0.0030798921,0.0033205284,0.0017706321,0.0011426248,0.005833,0.0
ERR1310480,0.00023373721,0.0012579809,0.0016845855,0.9929618,0.0007389582,0.0019737082,0.0011491732,0.0
ERR1311626,0.00023261069,0.0012629987,0.0016908001,0.9929721,0.0007340622,0.0019693677,0.0011380671,0.0
ERR833138,0.009574133,0.039122254,0.7906655,0.0010045343,0.0015195758,0.00012094174,0.15799302,0.0
SRR6058709,0.0018980558,0.98295534,0.003079863,0.0033205585,0.0017705733,0.0011426249,0.0058330595,0.0
SRR4006966,0.0018980558,0.98295534,0.003079863,0.0033205585,0.0017705733,0.0011426249,0.0058330595,0.0
SRR1632473,0.0002323735,0.001264163,0.0016921443,0.9929743,0.0007330533,0.0019682439,0.0011356913,0.0
ERR2784803,0.00024288315,0.0012312823,0.0017205586,0.99270964,0.00078957103,0.0021409115,0.0011651252,0.0
SRR3624193,0.0018980558,0.98295534,0.003079863,0.0033205585,0.0017705733,0.0011426249,0.0058330595,0.0
SRR3633476,0.0018980558,0.98295534,0.003079863,0.0033205585,0.0017705733,0.0011426249,0.0058330595,0.0
ERR1583084,0.0018980558,0.98295534,0.003079863,0.0033205585,0.0017705733,0.0011426249,0.0058330595,0.0
ERR2233526,0.0077044475,0.0036578472,0.00072753924,0.009284385,0.0012567919,0.97233135,0.005037653,0.0
ERR1428240,0.0050000935,0.0036334568,0.009096714,0.0050869165,0.00084149075,0.00088847405,0.97545284,0.0
SRR2924521,0.00026365637,0.0011577152,0.0016066774,0.9925191,0.0008819569,0.002156083,0.0014147705,0.0
SRR1351669,0.0018980558,0.98295534,0.003079863,0.0033205585,0.0017705733,0.0011426249,0.0058330595,0.0
ERR1512338,0.0018980558,0.98295534,0.003079863,0.0033205585,0.0017705733,0.0011426249,0.0058330595,0.0
SRR2086953,0.00023252217,0.0012640734,0.0016921439,0.9929741,0.00073314237,0.0019682434,0.0011357208,0.0
SRR2168176,0.0018980558,0.98295534,0.003079863,0.0033205585,0.0017705733,0.0011426249,0.0058330595,0.0
ERR1385550,0.00023646673,0.001245213,0.0016752849,0.9929168,0.000753035,0.0019987833,0.0011743325,0.0
DRR041968,0.00023646993,0.0012452299,0.0016883953,0.9928995,0.00075286673,0.002010173,0.0011674477,0.0
SRR1811552,0.0018980558,0.98295534,0.003079863,0.0033205585,0.0017705733,0.0011426249,0.0058330595,0.0
SRR6477212,0.0018980558,0.98295534,0.003079863,0.0033205585,0.0017705733,0.0011426249,0.0058330595,0.0
ERR1990495,0.0018980558,0.98295534,0.003079863,0.0033205585,0.0017705733,0.0011426249,0.0058330595,0.0
ERR2013442,0.0025429153,0.037591342,0.078646705,0.035610422,0.8053833,0.0066043963,0.03362083,0.0
ERR2836025,0.0076998346,0.0036577818,0.00072686427,0.009289493,0.0012567894,0.972339,0.0050302916,0.0
ERR1020354,0.0002323735,0.001264163,0.0016921443,0.9929743,0.0007330533,0.0019682439,0.0011356913,0.0
ERR1135407,0.00770321,0.0036515142,0.00072895555,0.009289497,0.0012583621,0.9723379,0.00503052,0.0
SRR2135719,0.0018980558,0.98295534,0.003079863,0.0033205585,0.0017705733,0.0011426249,0.0058330595,0.0
SRR6028461,0.00024087813,0.0012279163,0.0016386197,0.99292135,0.0007676931,0.0019782104,0.0012252991,0.0
SRR8608360,0.0050000935,0.0036334568,0.009096714,0.0050869165,0.00084149075,0.00088847405,0.97545284,0.0
ERR2511871,0.00024126413,0.0012256824,0.0016396861,0.9929041,0.00077099237,0.0019893881,0.0012288649,0.0
SRR8605078,0.0050000935,0.0036334568,0.009096773,0.0050869165,0.0008414018,0.00088847405,0.97545284,0.0
ERR1593555,0.007879335,0.007841948,0.9407302,0.006737949,0.009433328,6.168039e-05,0.027315583,0.0
SRR1461100,0.00026424066,0.0011704508,0.001691616,0.99239165,0.0008893475,0.0022543282,0.0013383633,0.0
ERR2511517,0.00024577664,0.0012080648,0.0016404045,0.9928013,0.00079580006,0.002045591,0.0012631147,0.0
ERR1689460,0.0050000935,0.0036334568,0.009096714,0.0050869165,0.00084149075,0.00088847405,0.97545284,0.0
SRR822858,0.00023326292,0.0012603991,0.001687096,0.9929689,0.000736435,0.001969855,0.0011440949,0.0
SRR5196297,0.00023320656,0.0012598211,0.0016947038,0.9929487,0.00073775375,0.0019867474,0.0011390237,0.0
SRR3581176,0.00027202253,0.0011614859,0.0017228986,0.99225706,0.0009143252,0.002301857,0.0013703428,0.0
SRR6195070,0.0018980558,0.98295534,0.003079863,0.0033205585,0.0017705733,0.0011426249,0.0058330595,0.0
ERR1226428,0.0050000935,0.0036334568,0.009096714,0.0050869165,0.00084149075,0.00088847405,0.97545284,0.0
SRR6746192,0.0018980558,0.98295534,0.003079863,0.0033205585,0.0017705733,0.0011426249,0.0058330595,0.0
SRR6764401,0.0050000935,0.0036334568,0.009096714,0.0050869165,0.00084149075,0.00088847405,0.97545284,0.0
SRR6264135,0.0002337078,0.001258072,0.0016853613,0.9929593,0.00073910796,0.0019756742,0.0011487287,0.0
SRR5520116,0.00023237347,0.0012641033,0.0016921441,0.9929742,0.0007330532,0.0019682436,0.00113581,0.0
SRR996552,0.0002325222,0.0012641033,0.0016921441,0.9929742,0.00073308294,0.0019682436,0.0011357209,0.0
ERR543475,0.007879335,0.007841948,0.9407302,0.006737949,0.009433328,6.168039e-05,0.027315583,0.0
ERR1382862,0.00023620069,0.0012462925,0.0016783902,0.99291474,0.00075223716,0.0020015042,0.0011705928,0.0
ERR867278,0.0002395215,0.0012319905,0.0016656455,0.9928769,0.0007668673,0.0020168228,0.0012023663,0.0
ERR2511717,0.00023284806,0.0012623708,0.001689844,0.99297076,0.00073474454,0.0019697198,0.0011397003,0.0
ERR1690538,0.0050000935,0.0036334568,0.009096714,0.0050869165,0.00084149075,0.00088847405,0.97545284,0.0
SRR8611006,0.0050000935,0.0036334568,0.009096714,0.0050869165,0.00084149075,0.00088847405,0.97545284,0.0
ERR3506551,0.0077045276,0.0036613457,0.00072662224,0.009294667,0.0012583286,0.97230655,0.0050479877,0.0
ERR1189759,0.0018980558,0.98295534,0.003079863,0.0033205585,0.0017705733,0.0011426249,0.0058330595,0.0
ERR2188030,0.0025429153,0.037591342,0.078646705,0.035610422,0.8053833,0.0066043963,0.03362083,0.0
SRR7454039,0.00023649476,0.0012466614,0.0016733989,0.9929338,0.0007502336,0.0019838968,0.0011754542,0.0
ERR1297932,0.0050000935,0.0036334568,0.009096714,0.0050869165,0.00084149075,0.00088847405,0.97545284,0.0
ERR1437517,0.0018980558,0.98295534,0.003079863,0.0033205585,0.0017705733,0.0011426249,0.0058330595,0.0
ERR1474573,0.000234597,0.0012548723,0.0016802226,0.992956,0.000742132,0.0019742793,0.0011579639,0.0
SRR2897081,0.0076968377,0.0036550965,0.0007271297,0.009294526,0.0012554454,0.9723436,0.005027347,0.0
ERR1690502,0.0050000935,0.0036334568,0.009096714,0.0050869165,0.00084149075,0.00088847405,0.97545284,0.0
ERR1713363,0.7852733,0.05198234,0.041067537,0.00467926,0.00081729656,0.04050516,0.07567509,0.0
SRR3884261,0.0018980558,0.98295534,0.003079863,0.0033205585,0.0017705733,0.0011426249,0.0058330595,0.0
ERR1226480,0.0050000935,0.0036334568,0.009096714,0.0050869165,0.00084149075,0.00088847405,0.97545284,0.0
SRR7556696,0.0075088767,0.0037033649,0.00073117006,0.009524692,0.001247559,0.97217816,0.005106122,0.0
SRR6932200,0.00023246267,0.0012640734,0.0016922033,0.9929735,0.0007331721,0.0019687195,0.0011358397,0.0
SRR1948803,0.00023246267,0.0012641032,0.0016920547,0.99297416,0.00073314237,0.0019682434,0.0011358397,0.0
ERR1522838,0.003754169,0.3544832,0.00050288445,0.0031057897,0.0019238592,0.487656,0.007680327,0.14089383
ERR866594,0.00023991511,0.0012314909,0.0016813987,0.9928354,0.0007713512,0.0020472202,0.0011932104,0.0
ERR840857,0.001950264,0.0048152804,0.00072413683,0.43738168,0.02661854,0.40999493,0.002548784,0.11596632
ERR1691091,0.0050000935,0.0036334568,0.009096714,0.0050869165,0.00084149075,0.00088847405,0.97545284,0.0
SRR7663399,0.0018980558,0.98295534,0.003079863,0.0033205585,0.0017705733,0.0011426249,0.0058330595,0.0
ERR2511398,0.0002664793,0.0011440206,0.0015487195,0.99255556,0.00089291227,0.0021132226,0.0014791191,0.0
SRR3361505,0.0002526272,0.0011861731,0.001626122,0.9926946,0.000828748,0.0020895344,0.0013221664,0.0
SRR3053462,0.00023444975,0.0012537203,0.0016848139,0.99294287,0.00074323727,0.001985684,0.0011552644,0.0
SRR6411707,0.000233174,0.0012605495,0.0016880203,0.9929673,0.00073634676,0.0019711666,0.0011434122,0.0
ERR1226456,0.0050000935,0.0036334568,0.009096714,0.0050869165,0.00084149075,0.00088847405,0.97545284,0.0
ERR3006057,0.00023317403,0.0012609066,0.0016878123,0.9929687,0.00073610886,0.0019702148,0.0011430852,0.0
ERR1382514,0.00023771112,0.001240845,0.0016651973,0.99291027,0.00075867085,0.0019988911,0.0011883772,0.0
SRR6414192,0.0002329668,0.0012612987,0.0016906156,0.9929654,0.0007357551,0.0019731682,0.0011407401,0.0
ERR543606,0.007879335,0.007841948,0.9407302,0.006737949,0.009433328,6.168039e-05,0.027315583,0.0
SRR8608384,0.0050000935,0.0036334568,0.009096714,0.0050869165,0.00084149075,0.00088847405,0.97545284,0.0
SRR5165875,0.00023246267,0.0012641627,0.0016920844,0.9929741,0.0007331126,0.0019682434,0.0011357802,0.0
SRR1949331,0.00023249234,0.0012638945,0.001692054,0.99297345,0.00073329086,0.0019687186,0.0011360772,0.0
ERR441628,0.00023243293,0.0012641032,0.0016921142,0.9929741,0.0007331126,0.0019682434,0.0011358694,0.0
SRR6932180,0.00023252181,0.0012636253,0.0016913678,0.9929735,0.0007335577,0.0019685081,0.0011369088,0.0
SRR5868817,0.0002323735,0.001264163,0.0016921443,0.9929743,0.0007330533,0.0019682439,0.0011356913,0.0
ERR924001,0.0050000935,0.0036334568,0.009096714,0.0050869165,0.00084149075,0.00088847405,0.97545284,0.0
SRR3191036,0.00023780907,0.0012400278,0.0016868828,0.9928635,0.00076182187,0.0020351042,0.0011748273,0.0
SRR955654,0.0059505105,0.04646817,0.66903454,0.00073331594,0.0011568964,0.00014457107,0.23513049,0.041381538
ERR487620,0.0076967487,0.0036548618,0.0007271589,0.009294905,0.0012554453,0.9723436,0.005027229,0.0
DRR075441,0.0018980558,0.98295534,0.003079863,0.0033205585,0.0017705733,0.0011426249,0.0058330595,0.0
SRR1720522,0.00024059076,0.0012471572,0.001748031,0.9928213,0.000756903,0.002056563,0.0011294201,0.0
ERR487213,0.007382256,0.012504033,0.00040487028,0.004698624,0.0032363671,0.9681792,0.0035946998,0.0
ERR1512224,0.007696748,0.0036548614,0.00072715885,0.009295021,0.0012554452,0.97234356,0.0050272867,0.0
ERR986299,0.0077606267,0.003650764,0.00073870557,0.0092398245,0.0012688923,0.9722966,0.0050445213,0.0
ERR719467,0.00023689456,0.001244916,0.0017026424,0.992864,0.0007563433,0.0020397205,0.0011554707,0.0
ERR1384926,0.00023305527,0.0012606996,0.0016882898,0.99296665,0.0007363475,0.0019720609,0.0011429375,0.0
SRR3923130,0.007879335,0.007841948,0.9407302,0.006737949,0.009433328,6.168039e-05,0.027315583,0.0
SRR6172331,0.0018980558,0.98295534,0.0030798924,0.00332047,0.0017706323,0.0011426249,0.005833089,0.0
SRR3503319,0.00023350034,0.0012585222,0.0016870622,0.99296004,0.000738337,0.0019759482,0.0011465907,0.0
SRR1994774,0.0056980164,0.0023231434,0.008989499,0.009303841,0.0010566087,0.0006707045,0.9719581,0.0
ERR1522327,0.007702394,0.00366325,0.0007261596,0.0092819445,0.001258661,0.9723359,0.005031715,0.0
SRR3053274,0.00024104843,0.0011830529,0.0018025687,0.9919175,0.00085574575,0.0027915693,0.0012085735,0.0
ERR719852,0.0002478485,0.0012095292,0.0016746505,0.9926802,0.00081528566,0.002128291,0.0012441501,0.0
SRR994916,0.0002323735,0.001264163,0.0016921443,0.9929743,0.0007330533,0.0019682439,0.0011356913,0.0
ERR1690168,0.0050000935,0.0036334568,0.009096714,0.0050869165,0.00084149075,0.00088847405,0.97545284,0.0
ERR1522753,0.007696748,0.0036548614,0.00072715885,0.009295021,0.0012554452,0.97234356,0.0050272867,0.0
ERR2211516,0.0018980558,0.98295534,0.003079863,0.0033205585,0.0017705733,0.0011426249,0.0058330595,0.0
ERR2835956,0.007700594,0.0036575464,0.00072683475,0.009289491,0.0012566134,0.9723386,0.005030232,0.0
ERR1382803,0.00024435433,0.0012144553,0.0016522766,0.99281853,0.00078731106,0.002036772,0.0012462785,0.0
SRR6414259,0.00023249231,0.0012639539,0.0016918754,0.99297386,0.000733261,0.0019683912,0.0011361366,0.0
SRR1747537,0.0018980558,0.98295534,0.003079863,0.0033205585,0.0017705733,0.0011426249,0.0058330595,0.0
SRR1632837,0.0002323735,0.001264163,0.0016921443,0.9929743,0.0007330533,0.0019682439,0.0011356913,0.0
ERR543899,0.007879335,0.007841948,0.9407302,0.006737949,0.009433328,6.168039e-05,0.027315583,0.0
DRR044164,0.00023655534,0.0012451799,0.0016782252,0.9929186,0.0007520812,0.001994971,0.0011743888,0.0
ERR444571,0.00025749556,0.0012386024,0.0016718174,0.99240696,0.0009024839,0.0022701018,0.0012525244,0.0
SRR5177290,0.0018980558,0.98295534,0.003079863,0.0033205585,0.0017705733,0.0011426249,0.0058330595,0.0
SRR5178909,0.0018980558,0.98295534,0.003079863,0.0033205585,0.0017705733,0.0011426249,0.0058330595,0.0
SRR6931156,0.00023261116,0.001263388,0.001692023,0.99297035,0.00073391496,0.0019709184,0.0011367904,0.0
ERR2003211,0.00023243293,0.0012641032,0.0016920547,0.99297416,0.0007331126,0.0019682434,0.0011358397,0.0
ERR2836088,0.007779323,0.0037409782,0.0007148627,0.009196719,0.0013002536,0.9721255,0.005142472,0.0
SRR2056964,0.007879335,0.007841948,0.9407302,0.006737949,0.009433328,6.168039e-05,0.027315583,0.0
ERR499778,0.00023269992,0.0012632366,0.0016907109,0.9929734,0.000733854,0.0019682373,0.0011379184,0.0
ERR1809128,0.0002324921,0.0012636551,0.001691487,0.99297374,0.0007334685,0.00196833,0.0011368197,0.0
ERR1297693,0.00026667927,0.0011209862,0.0020474833,0.98680496,0.0013301866,0.007017442,0.0014123034,0.0
ERR756483,0.0076967487,0.003654891,0.0007271589,0.009294963,0.0012554453,0.9723435,0.0050272876,0.0
SRR8608586,0.0050000935,0.0036334568,0.009096714,0.0050869165,0.00084149075,0.00088847405,0.97545284,0.0
ERR220356,0.0018980558,0.98295534,0.003079863,0.0033205585,0.0017705733,0.0011426249,0.0058330595,0.0
DRR036094,0.0018980558,0.98295534,0.003079863,0.0033205585,0.0017705733,0.0011426249,0.0058330595,0.0
SRR6931142,0.0002323735,0.001264163,0.0016921443,0.9929743,0.0007330533,0.0019682439,0.0011356913,0.0
SRR5156076,0.00024190756,0.0012278303,0.001675685,0.9927925,0.0007844967,0.002072053,0.0012055818,0.0
SRR3633360,0.0018980558,0.98295534,0.003079863,0.0033205585,0.0017705733,0.0011426249,0.0058330595,0.0
SRR6056086,0.0018980548,0.982955,0.003079891,0.0033206157,0.0017706314,0.0011427128,0.0058330568,0.0
ERR500966,0.00023249234,0.0012640135,0.0016918755,0.99297404,0.00073323137,0.0019682427,0.0011360475,0.0
ERR1897738,0.007696748,0.0036549491,0.00072718813,0.009294816,0.0012555037,0.97234356,0.005027316,0.0
SRR7449250,0.00023554955,0.0012500576,0.001690579,0.99291635,0.0007479048,0.0019994199,0.0011601686,0.0
SRR1980880,0.0018980558,0.98295534,0.003079863,0.0033205585,0.0017705733,0.0011426249,0.0058330595,0.0
SRR2034580,0.007879335,0.007841948,0.9407302,0.006737949,0.009433328,6.168039e-05,0.027315583,0.0
SRR8605126,0.0050000935,0.0036334568,0.009096714,0.0050869165,0.00084149075,0.00088847405,0.97545284,0.0
SRR3194370,0.0018980558,0.98295534,0.003079863,0.0033205585,0.0017705733,0.0011426249,0.0058330595,0.0
ERR675514,0.0076967487,0.0036548618,0.0007271589,0.009294963,0.0012554453,0.9723435,0.0050272876,0.0
SRR1720774,0.00012484193,0.38015175,0.0074078143,0.3901422,0.0090792775,0.001333952,0.00011352608,0.21164662
SRR1632336,0.0002323735,0.001264163,0.0016921443,0.9929743,0.0007330533,0.0019682439,0.0011356913,0.0
ERR1533370,0.0076992,0.0036588993,0.00072671875,0.009288187,0.0012567911,0.9723413,0.0050288923,0.0
SRR8610221,0.0050000935,0.0036334568,0.009096714,0.0050869165,0.00084149075,0.00088847405,0.97545284,0.0
SRR7901839,0.0012142956,0.3338362,0.10271329,0.0001257956,0.005829543,0.00019776821,0.24784416,0.30823898
SRR1631256,0.0002323735,0.001264163,0.0016921443,0.9929743,0.0007330533,0.0019682439,0.0011356913,0.0
ERR1382828,0.00027746064,0.001138775,0.0017325605,0.99125654,0.0010503421,0.0031473986,0.0013969077,0.0
SRR5177258,0.0018980558,0.98295534,0.003079863,0.0033205585,0.0017705733,0.0011426249,0.0058330595,0.0
SRR5468053,0.00023249228,0.001263924,0.0016919941,0.99297345,0.0007332907,0.001968629,0.001136196,0.0
ERR2888346,0.004997711,0.0036308318,0.00910733,0.0050795544,0.00084226456,0.00089153054,0.97545075,0.0
SRR5082892,0.0079546375,0.0036761046,0.00069835916,0.009616959,0.0013759924,0.97137827,0.005299608,0.0
ERR1582699,0.0018980558,0.98295534,0.003079863,0.0033205585,0.0017705733,0.0011426249,0.0058330595,0.0
SRR3095063,0.00023510022,0.001251409,0.0016757435,0.992952,0.0007449203,0.0019764006,0.0011644957,0.0
SRR4303929,0.00023243295,0.0012641033,0.0016921143,0.9929743,0.0007331127,0.0019682436,0.0011357209,0.0
DRR032942,0.0018980558,0.98295534,0.003079863,0.0033205585,0.0017705733,0.0011426249,0.0058330595,0.0
ERR1522937,0.007696748,0.0036548614,0.00072715885,0.009295021,0.0012554452,0.97234356,0.0050272867,0.0
ERR1311588,0.00023415207,0.0012568125,0.0016811833,0.99296504,0.00073978613,0.0019699174,0.0011531217,0.0
SRR7901845,0.0012142956,0.3338362,0.10271329,0.0001257956,0.005829543,0.00019776821,0.24784416,0.30823898
ERR1522862,0.003797084,0.36121383,0.0005026758,0.0030721724,0.001933217,0.4866434,0.007719338,0.1351183
SRR3725755,0.0002335599,0.0012584631,0.0016877172,0.9929579,0.0007384562,0.0019773766,0.0011465613,0.0
ERR2592273,0.78859824,0.044821776,0.04218401,0.0047525372,0.0007837058,0.041135795,0.07772398,0.0
ERR1523138,0.007707887,0.0036942288,0.00072403124,0.009236554,0.001265971,0.97233427,0.005037055,0.0
SRR5590657,0.0018980558,0.98295534,0.003079863,0.0033205585,0.0017705733,0.0011426249,0.0058330595,0.0
ERR525803,0.00023252211,0.0012639541,0.0016919055,0.99297416,0.00073317194,0.001968243,0.0011360775,0.0
SRR5566501,0.007696748,0.0036548614,0.00072715885,0.009295021,0.0012554452,0.97234356,0.0050272867,0.0
SRR3099487,0.0018980558,0.98295534,0.003079863,0.0033205585,0.0017705733,0.0011426249,0.0058330595,0.0
SRR952048,0.007879335,0.007841948,0.9407302,0.006737949,0.009433328,6.168039e-05,0.027315583,0.0
SRR6764796,0.0050000935,0.0036334568,0.009096714,0.0050869165,0.00084149075,0.00088847405,0.97545284,0.0
SRR5617426,0.0018980558,0.98295534,0.003079863,0.0033205585,0.0017705733,0.0011426249,0.0058330595,0.0
ERR765838,0.0050000935,0.0036334568,0.009096714,0.0050869165,0.00084149075,0.00088847405,0.97545284,0.0
ERR365898,0.00023658246,0.0012455231,0.0016674692,0.9929417,0.0007506749,0.0019793927,0.0011786292,0.0
SRR3633376,0.0018980558,0.98295534,0.003079863,0.0033205585,0.0017705733,0.0011426249,0.0058330595,0.0
ERR833408,0.0018980558,0.98295534,0.003079863,0.0033205585,0.0017705733,0.0011426249,0.0058330595,0.0
ERR1111234,0.00023269987,0.0012631769,0.0016907104,0.99297315,0.0007339431,0.0019683857,0.0011379479,0.0
ERR765900,0.0050000935,0.0036334568,0.009096714,0.0050869165,0.00084149075,0.00088847405,0.97545284,0.0
ERR1428594,0.0050000935,0.0036334568,0.009096714,0.0050869165,0.00084149075,0.00088847405,0.97545284,0.0
SRR5688023,0.0002324627,0.0012641033,0.0016921143,0.9929742,0.00073308294,0.0019682436,0.00113581,0.0
SRR5467773,0.00023465668,0.0012533861,0.0016825738,0.9929468,0.00074335217,0.001981479,0.0011577567,0.0
SRR3191037,0.0002346557,0.0012540948,0.0016781943,0.99295884,0.0007424567,0.0019726963,0.0011590606,0.0
SRR5869316,0.0002323735,0.001264163,0.0016921443,0.9929743,0.0007330533,0.0019682439,0.0011356913,0.0
ERR2495670,0.0050000935,0.0036334568,0.009096714,0.0050869165,0.00084149075,0.00088847405,0.97545284,0.0
ERR2271635,0.0018980558,0.98295534,0.003079863,0.0033205585,0.0017705733,0.0011426249,0.0058330595,0.0
SRR5178721,0.0018980558,0.98295534,0.003079863,0.0033205585,0.0017705733,0.0011426249,0.0058330595,0.0
ERR765975,0.0050000935,0.0036334568,0.009096714,0.0050869165,0.00084149075,0.00088847405,0.97545284,0.0
ERR1689670,0.0050000935,0.0036334568,0.009096714,0.0050869165,0.00084149075,0.00088847405,0.97545284,0.0
ERR1690415,0.0050000935,0.0036334568,0.009096714,0.0050869165,0.00084149075,0.00088847405,0.97545284,0.0
SRR5915349,0.0018980558,0.98295534,0.003079863,0.0033205585,0.0017705733,0.0011426249,0.0058330595,0.0
ERR1582707,0.0018980558,0.98295534,0.003079863,0.0033205585,0.0017705733,0.0011426249,0.0058330595,0.0
ERR1226325,0.0050000935,0.0036334568,0.009096714,0.0050869165,0.00084149075,0.00088847405,0.97545284,0.0
ERR499108,0.0002435969,0.0012207209,0.0016692486,0.9927711,0.00079247815,0.002079943,0.0012228922,0.0
SRR5177383,0.0018980558,0.98295534,0.003079863,0.0033205585,0.0017705733,0.0011426249,0.0058330595,0.0
ERR1328467,0.00023922896,0.0012335624,0.0016747217,0.9928593,0.0007675969,0.0020316467,0.0011938843,0.0
ERR1428363,0.0050000935,0.0036334568,0.009096714,0.0050869165,0.00084149075,0.00088847405,0.97545284,0.0
ERR1690312,0.0050000935,0.0036334568,0.009096714,0.0050869165,0.00084149075,0.00088847405,0.97545284,0.0
ERR441573,0.00023243295,0.0012641033,0.0016921143,0.9929742,0.0007331127,0.0019682436,0.0011357804,0.0
SRR500408,0.0018980558,0.98295534,0.003079863,0.0033204993,0.0017705733,0.0011426249,0.0058330595,0.0
ERR719561,0.00023311467,0.0012609371,0.001687962,0.99296904,0.00073599035,0.0019701566,0.0011428776,0.0
ERR1829012,0.0008645914,0.0021276018,0.0037787566,0.37124255,0.0026796644,0.6187,0.00060671195,0.0
SRR5874719,0.0018980558,0.98295534,0.003079863,0.0033205585,0.0017705733,0.0011426249,0.0058330595,0.0
SRR6028529,0.0002480214,0.0011992161,0.0016126446,0.99281985,0.0008020845,0.0020213148,0.0012968485,0.0
ERR1310507,0.00024030992,0.0011833182,0.0017250861,0.9922773,0.0008399248,0.0024951189,0.0012388452,0.0
SRR8605358,0.0050000935,0.0036334568,0.009096714,0.0050869165,0.00084149075,0.00088847405,0.97545284,0.0
SRR3419458,0.0002324627,0.0012640735,0.0016920846,0.9929742,0.00073308294,0.0019682436,0.0011357209,0.0
ERR1725996,0.7837566,0.049532462,0.04224727,0.004383254,0.00078208523,0.039795198,0.07950305,0.0
SRR1632347,0.0002323735,0.001264163,0.0016921443,0.9929743,0.0007330533,0.0019682439,0.0011356913,0.0
SRR5181287,0.0018980558,0.98295534,0.003079863,0.0033205585,0.0017705733,0.0011426249,0.0058330595,0.0
SRR6386287,0.00023281827,0.0012621029,0.0016900816,0.9929696,0.0007348931,0.0019705521,0.0011399677,0.0
SRR5178779,0.0018980558,0.98295534,0.003079863,0.0033205585,0.0017705733,0.0011426249,0.0058330595,0.0
SRR5431413,0.00023261107,0.0012636551,0.0016914275,0.9929738,0.00073355774,0.0019682406,0.0011367602,0.0
SRR1600289,0.0018980558,0.98295534,0.003079863,0.0033205585,0.0017705733,0.0011426249,0.0058330595,0.0
ERR1382946,0.0002520893,0.0012002722,0.001725778,0.9923836,0.00085231464,0.0023695799,0.0012163345,0.0
SRR6931155,0.00023296691,0.0012607044,0.0016907948,0.99296147,0.00073640986,0.0019764411,0.0011411869,0.0
ERR309788,0.0076734154,0.0036602684,0.00072746107,0.009329614,0.0012551098,0.97231305,0.005041118,0.0
SRR5177506,0.0018980558,0.98295534,0.003079863,0.0033205585,0.0017705733,0.0011426249,0.0058330595,0.0
SRR5156182,0.00024141293,0.0012249692,0.0016417685,0.99289685,0.00077182543,0.001993999,0.0012291627,0.0
SRR5150154,0.0018980558,0.98295534,0.003079863,0.0033205585,0.0017705733,0.0011426249,0.0058330595,0.0
SRR996693,0.0002323735,0.001264163,0.0016921443,0.9929743,0.0007330533,0.0019682439,0.0011356913,0.0
ERR522353,0.0002277692,0.0013070988,0.0020825379,0.98370856,0.0011990468,0.009658319,0.0018166781,0.0
ERR1990480,0.0018980558,0.98295534,0.003079863,0.0033205585,0.0017705733,0.0011426249,0.0058330595,0.0
ERR2022716,0.007698593,0.003655535,0.0007272467,0.009293322,0.0012558259,0.9723399,0.0050296006,0.0
SRR7902319,0.0012142956,0.3338362,0.10271329,0.0001257956,0.005829543,0.00019776821,0.24784416,0.30823898
ERR695422,0.007696748,0.0036548614,0.00072715885,0.009295021,0.0012554452,0.97234356,0.0050272867,0.0
ERR1690235,0.0050000935,0.0036334568,0.009096714,0.0050869165,0.00084149075,0.00088847405,0.97545284,0.0
ERR1512103,0.007696748,0.0036548614,0.00072715885,0.009295021,0.0012554452,0.97234356,0.0050272867,0.0
SRR5916589,0.0018980558,0.98295534,0.003079863,0.0033205585,0.0017705733,0.0011426249,0.0058330595,0.0
SRR3211973,0.0018980558,0.98295534,0.003079863,0.0033205585,0.0017705733,0.0011426249,0.0058330595,0.0
SRR3664318,0.0018980558,0.98295534,0.003079863,0.0033205585,0.0017705733,0.0011426249,0.0058330595,0.0
SRR5525211,0.00023252208,0.001263954,0.0016918755,0.992974,0.00073320157,0.0019683617,0.001136107,0.0
ERR1811161,0.00024127349,0.0012253136,0.0016634547,0.99284065,0.0007767329,0.0020367564,0.0012157662,0.0
SRR921057,0.0002323735,0.001264163,0.0016921443,0.9929743,0.0007330533,0.0019682439,0.0011356913,0.0
SRR3624568,0.0012142956,0.3338362,0.10271329,0.0001257956,0.005829543,0.00019776821,0.24784416,0.30823898
SRR3884151,0.0018980558,0.98295534,0.003079863,0.0033205585,0.0017705733,0.0011426249,0.0058330595,0.0
ERR1398111,0.00023409248,0.001206067,0.0017721128,0.99235475,0.00080156594,0.0024630872,0.0011683505,0.0
SRR5591499,0.0018980558,0.98295534,0.003079863,0.0033205585,0.0017705733,0.0011426249,0.0058330595,0.0
ERR1512308,0.0018980558,0.98295534,0.003079863,0.0033205585,0.0017705733,0.0011426249,0.0058330595,0.0
SRR3094744,0.0036288858,0.003510959,0.0012460328,0.03771208,0.0017398966,0.9486624,0.0034997037,0.0
ERR906522,0.00024645822,0.0013441065,0.0017645528,0.991002,0.0008880353,0.0033297008,0.0014251779,0.0
SRR6457119,0.0018980558,0.98295534,0.003079863,0.0033205585,0.0017705733,0.0011426249,0.0058330595,0.0
SRR1949141,0.00023252208,0.0012640135,0.0016920243,0.9929739,0.0007331421,0.001968332,0.0011360475,0.0
ERR1103117,0.0018980558,0.98295534,0.003079863,0.0033205585,0.0017705733,0.0011426249,0.0058330595,0.0
SRR5506685,0.0018980558,0.98295534,0.003079863,0.0033205585,0.0017705733,0.0011426249,0.0058330595,0.0
SRR5150145,0.0018980558,0.98295534,0.003079863,0.0033205585,0.0017705733,0.0011426249,0.0058330595,0.0
SRR3951220,0.00023522394,0.0012507797,0.0016925236,0.9929175,0.00074689847,0.0020009798,0.0011561607,0.0
SRR2103020,0.0018980558,0.98295534,0.003079863,0.0033204993,0.0017705733,0.0011426249,0.0058330595,0.0
SRR7062449,0.0018980558,0.98295534,0.003079863,0.0033205585,0.0017705733,0.0011426249,0.0058330595,0.0
ERR2003245,0.00023471506,0.0012541536,0.0016773605,0.9929618,0.0007421886,0.001970375,0.0011593276,0.0
ERR1331807,0.00023959449,0.001219597,0.0017188339,0.99261767,0.0007912121,0.0022355013,0.0011775972,0.0
SRR3095066,0.00023667244,0.0012438018,0.0016707759,0.9929237,0.0007534434,0.0019922482,0.0011793765,0.0
ERR719861,0.00023958673,0.0012326745,0.0016759471,0.992846,0.0007704848,0.0020403687,0.0011949296,0.0
DRR070527,0.0018980558,0.98295534,0.003079863,0.0033205585,0.0017705733,0.0011426249,0.0058330595,0.0
ERR1384939,0.00023519417,0.0012507499,0.0016866339,0.99291754,0.00074826664,0.0020033594,0.001158213,0.0
ERR309682,0.007696836,0.0036548614,0.0007271295,0.009294934,0.0012554452,0.9723433,0.005027404,0.0
SRR1923884,0.0002323735,0.001264163,0.0016921443,0.9929743,0.0007330533,0.0019682439,0.0011356913,0.0
SRR5178936,0.0018980558,0.98295534,0.003079863,0.0033205585,0.0017705733,0.0011426249,0.0058330595,0.0
SRR5869870,0.0002323735,0.001264163,0.0016921443,0.9929743,0.0007330533,0.0019682439,0.0011356913,0.0
SRR2048132,0.0018980558,0.98295534,0.003079863,0.0033205585,0.0017705733,0.0011426249,0.0058330595,0.0
ERR924044,0.0098427655,0.046277028,0.75626314,0.00080365344,0.00122485,0.00012882578,0.18545972,0.0
ERR1582339,0.0018980558,0.98295534,0.003079863,0.0033205585,0.0017705733,0.0011426249,0.0058330595,0.0
ERR2001811,0.0076967496,0.003654862,0.0007271297,0.009294964,0.0012554454,0.9723436,0.0050272294,0.0
SRR6028556,0.00023960411,0.0012335626,0.001645583,0.992935,0.00076178997,0.0019730756,0.0012114344,0.0
ERR520722,0.00021236828,0.0011553251,0.0020506328,0.9910386,0.00084783725,0.003614782,0.0010804905,0.0
ERR1690559,0.0050000935,0.0036334568,0.009096714,0.0050869165,0.00084149075,0.00088847405,0.97545284,0.0
ERR1762128,0.007831195,0.0036132354,0.0007404579,0.009701917,0.0012848856,0.9716616,0.005166601,0.0
ERR576303,0.007698764,0.0036620195,0.0007275126,0.009289779,0.001256152,0.97232366,0.005042123,0.0
ERR2854547,0.0076984796,0.003656064,0.0007272763,0.009292008,0.0012555335,0.97234076,0.005029837,0.0
SRR1029456,0.0050000935,0.0036334568,0.009096714,0.0050869165,0.00084149075,0.00088847405,0.97545284,0.0
SRR1950704,0.0002323735,0.001264163,0.0016921443,0.9929743,0.0007330533,0.0019682439,0.0011356913,0.0
ERR2729968,0.80765486,0.014451216,0.04698299,0.007827714,0.000690774,0.051801592,0.070590906,0.0
ERR1428815,0.0050000944,0.0036334572,0.0090967445,0.005086917,0.0008414019,0.0008883852,0.97545296,0.0
ERR2738896,0.00023332213,0.001260249,0.0016861124,0.9929706,0.0007365531,0.0019683358,0.0011448669,0.0
SRR1302158,0.0018980558,0.98295534,0.003079863,0.0033205585,0.0017705733,0.0011426249,0.0058330595,0.0
SRR2848929,0.007879394,0.007841948,0.9407302,0.00673789,0.009433328,6.16805e-05,0.027315583,0.0
ERR538604,0.007879335,0.007841948,0.9407302,0.006737949,0.009433328,6.168039e-05,0.027315583,0.0
SRR3094679,0.00024204816,0.0012232087,0.0016751232,0.9928165,0.00077914644,0.0020496168,0.0012144048,0.0
SRR1618223,0.00023733333,0.0012436277,0.0016812027,0.99287546,0.00076078135,0.0020275803,0.0011739358,0.0
ERR498651,0.00023465596,0.0012542746,0.0016784341,0.9929579,0.0007424278,0.0019736204,0.0011586752,0.0
ERR1428215,0.0050000935,0.0036334568,0.009096714,0.0050869165,0.00084149075,0.00088847405,0.97545284,0.0
SRR924174,0.0018980558,0.98295534,0.003079863,0.0033205585,0.0017705733,0.0011426249,0.0058330595,0.0
SRR6511733,0.0018980558,0.98295534,0.003079863,0.0033205585,0.0017705733,0.0011426249,0.0058330595,0.0
ERR2309102,0.0002635987,0.0011648297,0.0016258077,0.9925199,0.00087322085,0.0021478015,0.001404819,0.0
ERR1691084,0.0050000935,0.0036334568,0.009096714,0.0050869165,0.00084149075,0.00088847405,0.97545284,0.0
ERR695298,0.0076971003,0.0036550667,0.00072721747,0.009294231,0.0012554745,0.9723433,0.005027668,0.0
SRR6005001,0.0018980558,0.98295534,0.003079863,0.0033205585,0.0017705733,0.0011426249,0.0058330595,0.0
ERR1385092,0.00023711941,0.0012421702,0.0016729232,0.99290544,0.0007567476,0.0020048665,0.0011806893,0.0
ERR956963,0.007803767,0.0037333772,0.0007258051,0.009155536,0.0012830602,0.9721292,0.00516926,0.0
ERR1462837,0.001317071,0.078781605,0.00029929078,0.009552597,0.004431718,0.9014633,0.004154375,0.0
ERR1135403,0.007697104,0.003654717,0.00072727643,0.009294792,0.0012556509,0.972343,0.0050273775,0.0
SRR8608674,0.0050000935,0.0036334568,0.009096714,0.0050869165,0.00084149075,0.00088847405,0.97545284,0.0
ERR1677044,0.0050000935,0.0036334568,0.009096714,0.0050869165,0.00084149075,0.00088847405,0.97545284,0.0
DRR048043,0.00023293695,0.001261655,0.0016896331,0.99296844,0.00073542754,0.001971085,0.0011408288,0.0
ERR1226525,0.0050000935,0.0036334568,0.009096714,0.0050869165,0.00084149075,0.00088847405,0.97545284,0.0
SRR2086785,0.00023252217,0.0012641032,0.0016920844,0.99297404,0.0007331126,0.0019682732,0.0011357802,0.0
ERR833344,0.0018980558,0.98295534,0.003079863,0.0033205585,0.0017705733,0.0011426249,0.0058330595,0.0
SRR1460625,0.0018980558,0.98295534,0.003079863,0.0033205585,0.0017705733,0.0011426249,0.0058330595,0.0
ERR1111300,0.00023290767,0.0012613303,0.0016906479,0.9929633,0.0007359942,0.0019753426,0.0011403849,0.0
SRR2059912,0.00048175454,0.71006966,0.021620452,0.0009942949,0.005992949,0.0008480549,0.035482287,0.22451061
ERR1896907,0.0018980558,0.98295534,0.003079863,0.0033205585,0.0017705733,0.0011426249,0.0058330595,0.0
ERR789530,0.0018980558,0.98295534,0.003079863,0.0033205585,0.0017705733,0.0011426249,0.0058330595,0.0
SRR2145582,0.0002323735,0.001264163,0.0016921443,0.9929743,0.0007330533,0.0019682439,0.0011356913,0.0
ERR2168955,0.0018980558,0.98295534,0.003079863,0.0033205585,0.0017705733,0.0011426249,0.0058330595,0.0
ERR2198028,0.00019803228,0.001630882,0.00254571,0.9665737,0.002571187,0.025738504,0.0007419167,0.0
ERR107087,0.00023984273,0.0012315139,0.001652012,0.9929088,0.00076497457,0.0019908969,0.0012120326,0.0
ERR451107,0.0002323735,0.001264163,0.0016921443,0.9929743,0.0007330533,0.0019682439,0.0011356913,0.0
DRR043878,0.00023750415,0.0012412678,0.0016747538,0.9929075,0.00075623585,0.0019991098,0.0011836244,0.0
DRR018660,0.00024303641,0.0012224098,0.0016964959,0.992773,0.0007833024,0.0020770675,0.0012047123,0.0
SRR4827035,0.0018980551,0.982955,0.0030798914,0.0033206162,0.0017706316,0.0011426834,0.0058331164,0.0
ERR1313903,0.00025788083,0.0011733399,0.0016213603,0.99259514,0.00085681735,0.0021359622,0.0013595244,0.0
ERR1466966,0.00023714601,0.0012428082,0.0016673391,0.9929306,0.0007535253,0.0019847334,0.0011838563,0.0
ERR2002314,0.00023705987,0.0012418428,0.0016747967,0.9929064,0.00075594435,0.002003944,0.0011799454,0.0
SRR980685,0.007879335,0.007841948,0.9407302,0.006737949,0.009433328,6.168039e-05,0.027315583,0.0
ERR1299315,0.007878666,0.007845246,0.94072014,0.006734469,0.009428804,6.169348e-05,0.027331032,0.0
SRR2297144,0.0018980558,0.98295534,0.003079863,0.0033205585,0.0017705733,0.0011426249,0.0058330595,0.0
SRR1703062,0.00023424263,0.0012548266,0.0016869336,0.99294364,0.00074211037,0.0019859907,0.001152325,0.0
ERR1383931,0.00023836656,0.0012372516,0.0016711536,0.9928821,0.0007631656,0.002017966,0.0011900482,0.0
SRR7663393,0.0018980558,0.98295534,0.003079863,0.0033205585,0.0017705733,0.0011426249,0.0058330595,0.0
DRR048187,0.00023275889,0.0012621927,0.0016903798,0.99296945,0.0007348637,0.0019707317,0.0011396708,0.0
ERR444710,0.00023471685,0.0012538359,0.0016812104,0.99294215,0.0007446333,0.0019856193,0.0011578194,0.0
ERR499481,0.00023441872,0.0012551708,0.0016797481,0.9929604,0.00074135925,0.001972526,0.0011562991,0.0
ERR441708,0.0002324627,0.0012640735,0.0016920846,0.9929742,0.0007331424,0.0019682436,0.0011357209,0.0
ERR1513368,0.0076967496,0.003654862,0.0007271297,0.009294907,0.0012554454,0.9723436,0.005027288,0.0
SRR1929525,0.0018980558,0.98295534,0.003079863,0.0033205585,0.0017705733,0.0011426249,0.0058330595,0.0
SRR1950742,0.0002323735,0.001264163,0.0016921443,0.9929743,0.0007330533,0.0019682439,0.0011356913,0.0
ERR923923,0.0050000935,0.0036334568,0.009096714,0.0050869165,0.00084149075,0.00088847405,0.97545284,0.0
SRR5823497,0.0018980558,0.98295534,0.003079863,0.0033205585,0.0017705733,0.0011426249,0.0058330595,0.0
ERR719891,0.0002361985,0.0012466974,0.0016731396,0.9929306,0.00075065374,0.001989231,0.0011734671,0.0
ERR1309662,0.00024612836,0.0012077717,0.0016232099,0.9928207,0.00079744874,0.002030321,0.0012744191,0.0
SRR5156026,0.00023379634,0.0012581872,0.0016833337,0.99296683,0.00073851086,0.0019696301,0.0011496771,0.0
ERR1428871,0.0050000935,0.0036334568,0.009096714,0.0050869165,0.00084149075,0.00088847405,0.97545284,0.0
SRR1253246,0.00023287779,0.0012615676,0.0016904089,0.992966,0.00073554757,0.001973289,0.0011402653,0.0
ERR499491,0.00023299588,0.0012612059,0.0016880229,0.9929702,0.000735753,0.0019695335,0.0011423432,0.0
ERR1201997,0.80765915,0.014451807,0.046980575,0.007828305,0.0006906935,0.051802848,0.07058662,0.0
SRR5178848,0.0018980558,0.98295534,0.003079863,0.0033205585,0.0017705733,0.0011426249,0.0058330595,0.0
DRR047591,0.00023255155,0.0012636848,0.0016915761,0.99297315,0.00073352794,0.0019686867,0.0011368196,0.0
SRR5595928,0.0018980558,0.98295534,0.003079863,0.0033205585,0.0017705733,0.0011426249,0.0058330595,0.0
SRR5175933,0.0018980558,0.98295534,0.003079863,0.0033205585,0.0017705733,0.0011426249,0.0058330595,0.0
ERR500424,0.00023252214,0.001264103,0.0016921139,0.99297404,0.0007331125,0.0019682432,0.0011357801,0.0
ERR1144118,0.0018980558,0.98295534,0.003079863,0.0033205585,0.0017705733,0.0011426249,0.0058330595,0.0
SRR5196264,0.00023460764,0.0012573387,0.0017052557,0.99292564,0.00074094604,0.0020023896,0.0011338327,0.0
ERR2011957,0.0002324627,0.0012641033,0.0016921143,0.9929742,0.0007331127,0.0019682436,0.0011357804,0.0
ERR1691685,0.0050000935,0.0036334568,0.009096714,0.0050869165,0.00084149075,0.00088847405,0.97545284,0.0
ERR2442768,0.004931847,0.0032507475,0.00073945144,0.029211601,0.0015234136,0.9546694,0.0056735473,0.0
SRR6975914,0.0018980558,0.98295534,0.003079863,0.0033205585,0.0017705733,0.0011426249,0.0058330595,0.0
SRR5180168,0.0018980558,0.98295534,0.003079863,0.0033205585,0.0017705733,0.0011426249,0.0058330595,0.0
SRR2098496,0.0018980558,0.98295534,0.003079863,0.0033205585,0.0017705733,0.0011426249,0.0058330595,0.0
SRR1426554,0.0076980074,0.0036554178,0.00072718813,0.009293,0.0012555623,0.9723425,0.0050283996,0.0
ERR1256057,0.0076967487,0.0036548618,0.0007271589,0.009294963,0.0012554453,0.9723435,0.005027229,0.0
SRR5181262,0.0018980558,0.98295534,0.003079863,0.0033205585,0.0017705733,0.0011426249,0.0058330595,0.0
SRR8610733,0.0050000935,0.0036334568,0.009096714,0.0050869165,0.00084149075,0.00088847405,0.97545284,0.0
ERR380950,0.0050000935,0.0036334568,0.009096714,0.0050869165,0.00084149075,0.00088847405,0.97545284,0.0
SRR7902254,0.0012142956,0.3338362,0.10271329,0.0001257956,0.005829543,0.00019776821,0.24784416,0.30823898
DRR047573,0.00023269984,0.0012628792,0.0016910374,0.99297076,0.0007342404,0.0019701107,0.0011382749,0.0
SRR6078464,0.0018980558,0.98295534,0.003079863,0.0033205585,0.0017705733,0.0011426249,0.0058330595,0.0
ERR1809142,0.00023308501,0.0012612053,0.0016880519,0.99296963,0.0007357824,0.0019698003,0.0011424616,0.0
SRR4238929,0.0018980558,0.98295534,0.003079863,0.0033205585,0.0017705733,0.0011426249,0.0058330595,0.0
ERR1109473,0.00023272964,0.0012624928,0.0016918707,0.99296767,0.00073471654,0.0019721636,0.0011383942,0.0
SRR2098402,0.0018980558,0.98295534,0.003079863,0.0033205585,0.0017705733,0.0011426249,0.0058330595,0.0
ERR538848,0.007879335,0.007841948,0.9407302,0.006737949,0.009433328,6.168039e-05,0.027315583,0.0
SRR7448768,0.0002324627,0.0012641033,0.0016920846,0.99297416,0.0007330532,0.0019682436,0.00113581,0.0
SRR2443002,0.0018980558,0.98295534,0.003079863,0.0033205585,0.0017705733,0.0011426249,0.0058330595,0.0
ERR3344370,0.0018980558,0.98295534,0.003079863,0.0033205585,0.0017705733,0.0011426249,0.0058330595,0.0
SRR6413928,0.00023379798,0.0012577795,0.001690514,0.9929505,0.00073943817,0.0019811254,0.0011468892,0.0
SRR7584167,0.0014289728,0.0010111314,0.00364515,0.1937472,0.0049408586,0.79408354,0.001143199,0.0
ERR1309906,0.00023267024,0.001263356,0.0016908302,0.99297327,0.0007338542,0.0019683568,0.0011377104,0.0
ERR1194569,0.0077149803,0.0036610775,0.00072871253,0.009274419,0.0012588743,0.9723036,0.005058372,0.0
SRR516441,0.007879335,0.007841948,0.9407302,0.006737949,0.009433328,6.168039e-05,0.027315583,0.0
ERR1398148,0.00023415498,0.0012554895,0.0016903062,0.9929394,0.000741818,0.0019899604,0.0011489121,0.0
ERR1677096,0.0050000935,0.0036334568,0.009096714,0.0050869165,0.00084149075,0.00088847405,0.97545284,0.0
ERR2249186,0.00027268275,0.00115288,0.0016527191,0.99226665,0.00093743985,0.0022946685,0.0014230352,0.0
ERR1521887,0.0076980884,0.0036798837,0.0007246476,0.009259181,0.0012625464,0.97235495,0.0050206617,0.0
SRR6746489,0.0018983184,0.98295426,0.0030799767,0.0033207305,0.0017707183,0.0011426823,0.0058332873,0.0
ERR539136,0.007879335,0.007841948,0.9407302,0.006737949,0.009433328,6.168039e-05,0.027315583,0.0
SRR1503439,0.0018980558,0.98295534,0.003079863,0.0033205585,0.0017705733,0.0011426249,0.0058330595,0.0
ERR1311550,0.00023427045,0.0012559169,0.0016800486,0.99296397,0.0007404981,0.0019702693,0.0011550223,0.0
ERR695611,0.00023338162,0.0012598324,0.0016868262,0.9929662,0.00073702907,0.001971578,0.0011451644,0.0
ERR499870,0.00023269975,0.0012630275,0.0016903527,0.99297327,0.00073403196,0.001968236,0.0011383935,0.0
ERR1905722,0.0050000935,0.0036334568,0.009096714,0.0050869165,0.00084149075,0.00088847405,0.97545284,0.0
SRR516070,0.007879335,0.007841948,0.9407302,0.006737949,0.009433328,6.168039e-05,0.027315583,0.0
ERR719554,0.00023261104,0.0012636848,0.0016914273,0.99297345,0.0007335577,0.0019684487,0.0011368196,0.0
ERR2001871,0.0002324329,0.0012641328,0.0016920544,0.99297404,0.00073320174,0.0019682432,0.0011358991,0.0
SRR1747471,0.0018980558,0.98295534,0.003079863,0.0033205585,0.0017705733,0.0011426249,0.0058330595,0.0
SRR5178925,0.0018980558,0.98295534,0.003079863,0.0033205585,0.0017705733,0.0011426249,0.0058330595,0.0
SRR5568750,0.0018980558,0.98295534,0.003079863,0.0033205585,0.0017705733,0.0011426249,0.0058330595,0.0
DRR018393,0.00023516019,0.0012510546,0.0016781264,0.99294543,0.0007454572,0.001980985,0.0011637842,0.0
ERR1511819,0.007858546,0.003677815,0.00072295347,0.009347178,0.001299284,0.9718884,0.005205804,0.0
ERR1897249,0.0018980558,0.98295534,0.003079863,0.0033205585,0.0017705733,0.0011426249,0.0058330595,0.0
SRR1503428,0.0018980558,0.98295534,0.003079863,0.0033205585,0.0017705733,0.0011426249,0.0058330595,0.0
DRR033154,0.0018980558,0.98295534,0.003079863,0.0033205585,0.0017705733,0.0011426249,0.0058330595,0.0
DRR066454,0.0018980558,0.98295534,0.003079863,0.0033205585,0.0017705733,0.0011426249,0.0058330595,0.0
ERR1690976,0.0050000935,0.0036334568,0.009096714,0.0050869165,0.00084149075,0.00088847405,0.97545284,0.0
ERR2511090,0.00025364925,0.0011795136,0.0015849064,0.99276054,0.00082752696,0.0020371038,0.0013567708,0.0
ERR1521903,0.007696748,0.0036548614,0.00072715885,0.009295021,0.0012554452,0.97234356,0.0050272867,0.0
SRR6663522,0.0018980558,0.98295534,0.003079863,0.0033205585,0.0017705733,0.0011426249,0.0058330595,0.0
SRR6412109,0.00023243293,0.0012641032,0.0016919952,0.99297416,0.0007331126,0.0019682732,0.0011358397,0.0
SRR2026366,0.0018980558,0.98295534,0.003079863,0.0033205585,0.0017705733,0.0011426249,0.0058330595,0.0
ERR923494,0.0050000935,0.0036334568,0.009096714,0.0050869165,0.00084149075,0.00088847405,0.97545284,0.0
ERR443791,0.00023246267,0.0012640437,0.0016920547,0.99297416,0.00073314237,0.0019682434,0.0011358992,0.0
SRR1426341,0.007696748,0.0036549785,0.00072718813,0.0092949625,0.0012554452,0.97234344,0.0050272867,0.0
SRR2145614,0.00023323334,0.0012609949,0.0016870376,0.9929712,0.0007360191,0.0019681314,0.001143352,0.0
ERR833282,0.0018980558,0.98295534,0.003079863,0.0033205585,0.0017705733,0.0011426249,0.0058330595,0.0
ERR1256212,0.0075343167,0.0036913627,0.00072989473,0.009468097,0.0012467412,0.9722657,0.0050638295,0.0
ERR719787,0.00023518926,0.0012524788,0.0016739574,0.99296165,0.00074370013,0.0019690818,0.0011639593,0.0
SRR943278,0.007879335,0.007841948,0.9407302,0.006737949,0.009433328,6.168039e-05,0.027315583,0.0
ERR1691757,0.0050000935,0.0036334568,0.009096714,0.0050869165,0.00084149075,0.00088847405,0.97545284,0.0
SRR5331908,0.0018980558,0.98295534,0.003079863,0.0033205585,0.0017705733,0.0011426249,0.0058330595,0.0
ERR2662914,0.00023403343,0.0012572308,0.0016816022,0.99296665,0.0007393113,0.0019690576,0.0011521715,0.0
SRR1745938,0.00023246265,0.0012640138,0.0016920544,0.9929739,0.00073323154,0.0019684217,0.0011358693,0.0
ERR1811358,0.0007713138,0.0021651683,0.0036634202,0.4531509,0.0026447473,0.50359255,0.0005950629,0.033416744
SRR1041100,0.007879427,0.007842275,0.94072926,0.0067376583,0.009432951,6.168124e-05,0.027316712,0.0
SRR3094956,0.0008920133,0.0018157065,0.0032195747,0.5007069,0.003297031,0.48664853,0.00078988075,0.002630353
SRR3095104,0.00024855693,0.0013857534,0.0019458628,0.9897955,0.0009137781,0.0043691215,0.0013414926,0.0
ERR1690546,0.0050000935,0.0036334568,0.009096714,0.0050869165,0.00084149075,0.00088847405,0.97545284,0.0
ERR1309732,0.0003114955,0.0011340244,0.0017073688,0.99108946,0.0011672906,0.0030151862,0.0015751957,0.0
SRR6932192,0.00023246276,0.0012641037,0.001692085,0.9929744,0.00073305337,0.001968244,0.0011356914,0.0
SRR921516,0.007879335,0.007841948,0.9407302,0.006737949,0.009433328,6.168039e-05,0.027315583,0.0
ERR1297732,0.0002466913,0.0012303336,0.0017039072,0.99271536,0.0007889125,0.002081826,0.0012329808,0.0
SRR575294,0.007879335,0.007841948,0.9407302,0.006737949,0.009433328,6.168039e-05,0.027315583,0.0
ERR525827,0.00023788743,0.0012392871,0.0016630705,0.9929184,0.0007578312,0.001992062,0.0011916084,0.0
ERR1678274,0.0050012935,0.003632912,0.009097665,0.00508779,0.0008421403,0.0008889456,0.97544914,0.0
ERR1310235,0.00029023047,0.0011244164,0.0016285666,0.9920191,0.0010069924,0.0023485392,0.0015822212,0.0
ERR531690,0.00023317405,0.0012605796,0.00168811,0.99296653,0.0007363767,0.001971851,0.001143353,0.0
SRR1618324,0.00024260842,0.0012204183,0.0016607242,0.9928214,0.00078275945,0.0020452929,0.0012267831,0.0
SRR6413818,0.00023252217,0.0012641032,0.0016920844,0.99297404,0.00073314237,0.001968303,0.0011358099,0.0
SRR6058696,0.0018980558,0.98295534,0.003079863,0.0033205585,0.0017705733,0.0011426249,0.0058330595,0.0
ERR487684,0.0076967487,0.0036548618,0.0007271589,0.009294905,0.0012554453,0.9723436,0.0050272876,0.0
ERR321960,0.007696748,0.0036548614,0.00072715885,0.009295021,0.0012554452,0.97234356,0.0050272867,0.0
ERR1522969,0.007695782,0.0036715104,0.00072579057,0.009271814,0.0012599701,0.972354,0.0050210766,0.0
SRR6792276,0.0018980558,0.98295534,0.003079863,0.0033205585,0.0017705733,0.0011426249,0.0058330595,0.0
ERR2198022,0.00023252206,0.0012638944,0.0016918754,0.9929737,0.00073329074,0.0019685102,0.0011361664,0.0
ERR1897421,0.0018980558,0.98295534,0.003079863,0.0033205585,0.0017705733,0.0011426249,0.0058330595,0.0
SRR1922846,0.00023284796,0.0012623703,0.0016896945,0.9929715,0.0007346847,0.0019690644,0.001139789,0.0
SRR5396139,0.0018980558,0.98295534,0.003079863,0.0033205585,0.0017705733,0.0011426249,0.0058330595,0.0
ERR1288715,0.0050000935,0.0036334568,0.009096714,0.0050869165,0.00084149075,0.00088847405,0.97545284,0.0
ERR1384601,0.00023794771,0.0012387856,0.0016659909,0.9929097,0.00075866655,0.0019982848,0.0011906011,0.0
ERR883560,0.00023376696,0.0012581594,0.0016845855,0.9929634,0.00073860126,0.0019725482,0.0011489353,0.0
ERR487209,0.007696748,0.0036548614,0.00072715885,0.009295021,0.0012554452,0.97234356,0.0050272867,0.0
ERR1135445,0.007719048,0.00363985,0.00073218776,0.009298591,0.0012646773,0.9723089,0.0050367126,0.0
SRR632425,0.0018980558,0.98295534,0.003079863,0.0033205585,0.0017705733,0.0011426249,0.0058330595,0.0
ERR2002187,0.00023269987,0.0012630876,0.0016906807,0.992973,0.0007339728,0.0019685046,0.0011380669,0.0
SRR1119229,0.0018980558,0.98295534,0.003079863,0.0033205585,0.0017705733,0.0011426249,0.0058330595,0.0
ERR1306530,0.0018980558,0.98295534,0.003079863,0.0033205585,0.0017705733,0.0011426249,0.0058330595,0.0
SRR4415682,0.007879335,0.007841948,0.9407302,0.006737949,0.009433328,6.168039e-05,0.027315583,0.0
SRR3647859,0.00023448156,0.0012539097,0.0016879817,0.99293137,0.00074440386,0.0019953689,0.0011525678,0.0
ERR1110259,0.00026584577,0.0012032832,0.0018374451,0.9922452,0.0008931347,0.0023918683,0.001163265,0.0
SRR1048477,0.004999548,0.0036365148,0.009109428,0.0050822217,0.00084212126,0.0008877118,0.97544247,0.0
ERR1533910,0.007701377,0.0036633126,0.0007260725,0.009282159,0.0012584573,0.97233766,0.005030959,0.0
ERR1103337,0.0018980558,0.98295534,0.003079863,0.0033205585,0.0017705733,0.0011426249,0.0058330595,0.0
ERR1511922,0.0076967604,0.0036578255,0.0007268671,0.009290789,0.0012562673,0.97234523,0.00502627,0.0
DRR044222,0.00023272936,0.0012627591,0.0016905896,0.99297136,0.0007343885,0.001969395,0.0011387201,0.0
SRR3624466,0.0012142956,0.3338362,0.10271329,0.0001257956,0.005829543,0.00019776821,0.24784416,0.30823898
SRR5156127,0.00024144207,0.0012247877,0.0016393553,0.9929006,0.000771883,0.0019913171,0.0012306169,0.0
SRR5803385,0.007879335,0.007841948,0.9407302,0.006737949,0.009433328,6.168039e-05,0.027315583,0.0
DRR044314,0.00023246267,0.0012640437,0.0016920547,0.99297416,0.0007331126,0.001968303,0.0011358694,0.0
ERR1678195,0.0050000935,0.0036334568,0.009096714,0.0050869165,0.00084149075,0.00088847405,0.97545284,0.0
ERR499586,0.00023252208,0.001264073,0.0016919648,0.992974,0.00073320157,0.0019682427,0.001135988,0.0
ERR561040,0.00024869788,0.0012110079,0.0017116459,0.9926299,0.00081676774,0.0021658817,0.0012161537,0.0
SRR5586532,0.0050000935,0.0036334568,0.009096714,0.0050869165,0.00084149075,0.00088847405,0.97545284,0.0
ERR1582739,0.0018980558,0.98295534,0.003079863,0.0033205585,0.0017705733,0.0011426249,0.0058330595,0.0
ERR1384209,0.00023923647,0.0012363079,0.0016848578,0.99283165,0.0007707739,0.0020538107,0.0011833624,0.0
SRR7091526,0.0018980558,0.98295534,0.003079863,0.0033205585,0.0017705733,0.0011426249,0.0058330595,0.0
SRR6419749,0.0018980558,0.98295534,0.003079863,0.0033205585,0.0017705733,0.0011426249,0.0058330595,0.0
SRR2923802,0.00025084816,0.0011919674,0.0016325501,0.99272346,0.00081901107,0.0020768205,0.0013053621,0.0
SRR5720307,0.0018980558,0.98295534,0.003079863,0.0033205585,0.0017705733,0.0011426249,0.0058330595,0.0
ERR883493,0.00023359306,0.0012579461,0.0016948809,0.9929388,0.0007400435,0.0019932303,0.0011414024,0.0
ERR2495342,0.0050000935,0.0036334568,0.009096714,0.0050869165,0.00084149075,0.00088847405,0.97545284,0.0
SRR7902202,0.0050000935,0.0036334568,0.009096714,0.0050869165,0.00084149075,0.00088847405,0.97545284,0.0
ERR2738826,0.00024298132,0.0012199923,0.0016240194,0.9929147,0.00077551784,0.0019746916,0.0012480972,0.0
SRR7448678,0.00023246267,0.0012641032,0.0016920547,0.99297416,0.00073314237,0.0019682434,0.0011358397,0.0
SRR7081195,0.0018980558,0.98295534,0.003079863,0.0033205585,0.0017705733,0.0011426249,0.0058330595,0.0
ERR1522540,0.0075748344,0.0036631196,0.0007245229,0.009639335,0.0012673147,0.9719604,0.0051703895,0.0
ERR1298021,0.0050000935,0.0036334568,0.009096714,0.0050869165,0.00084149075,0.00088847405,0.97545284,0.0
SRR959959,0.007879335,0.007841948,0.9407302,0.006737949,0.009433328,6.168039e-05,0.027315583,0.0
SRR5823728,0.0077306814,0.0036600598,0.00073062367,0.009361185,0.0012627319,0.97218645,0.0050682076,0.0
SRR2002288,0.0018980558,0.98295534,0.003079863,0.0033205585,0.0017705733,0.0011426249,0.0058330595,0.0
ERR1533785,0.0043079904,0.0035959538,0.00088073674,0.024529632,0.0014947087,0.95922166,0.005969262,0.0
ERR1583419,0.0018980558,0.98295534,0.003079863,0.0033205585,0.0017705733,0.0011426249,0.0058330595,0.0
SRR5083175,0.007703045,0.0036587876,0.0007266847,0.009288829,0.0012576323,0.9723302,0.005034688,0.0
ERR1689772,0.0050000935,0.0036334568,0.009096714,0.0050869165,0.00084149075,0.00088847405,0.97545284,0.0
ERR1690837,0.0050000935,0.0036334568,0.009096714,0.0050869165,0.00084149075,0.00088847405,0.97545284,0.0
SRR2761238,0.00024196508,0.0019794407,0.0023651423,0.97161543,0.0010771455,0.014133306,0.0015349986,0.0070526013
ERR719834,0.00023436107,0.001254437,0.0016846097,0.9929427,0.00074306055,0.001986611,0.0011543153,0.0
SRR5587982,0.0018980558,0.98295534,0.003079863,0.0033205585,0.0017705733,0.0011426249,0.0058330595,0.0
SRR2144020,0.00023687982,0.0012443924,0.0016671413,0.99292845,0.0007537383,0.0019881367,0.0011812462,0.0
ERR1020461,0.0002327293,0.0012627885,0.001690024,0.9929727,0.000734299,0.0019685614,0.0011389875,0.0
ERR1725467,0.004999683,0.0036332523,0.009098767,0.005084994,0.0008415507,0.000889038,0.97545266,0.0
ERR1256777,0.007699558,0.0036530602,0.0007272438,0.009300169,0.0012562895,0.97233284,0.0050308695,0.0
ERR1690373,0.0050000935,0.0036334568,0.009096714,0.0050869165,0.00084149075,0.00088847405,0.97545284,0.0
ERR537669,0.007704275,0.003656355,0.0007279203,0.009288782,0.0012558844,0.9723388,0.0050278725,0.0
SRR5180821,0.0018980558,0.98295534,0.003079863,0.0033205585,0.0017705733,0.0011426249,0.0058330595,0.0
ERR756472,0.007702373,0.0036439202,0.0007290125,0.009297472,0.0012592088,0.9723314,0.0050365715,0.0
SRR656652,0.007879335,0.007841948,0.9407302,0.006737949,0.009433328,6.168039e-05,0.027315583,0.0
SRR3201909,0.0002328774,0.0012618927,0.0016889189,0.99297136,0.0007351002,0.0019690024,0.0011408286,0.0
SRR1221426,0.007879335,0.007841948,0.9407302,0.006737949,0.009433328,6.168039e-05,0.027315583,0.0
SRR995126,0.0002323735,0.001264163,0.0016921443,0.9929743,0.0007330533,0.0019682439,0.0011356913,0.0
ERR1690258,0.0050000935,0.0036334568,0.009096714,0.0050869165,0.00084149075,0.00088847405,0.97545284,0.0
SRR516069,0.007879335,0.007841948,0.9407302,0.006737949,0.009433328,6.168039e-05,0.027315583,0.0
ERR1383612,0.00024999623,0.0012100055,0.0016800758,0.9924443,0.0008548651,0.0023195366,0.0012412661,0.0
ERR1315560,0.00025182747,0.0011966787,0.0016850759,0.9926144,0.00082971907,0.0021571447,0.0012651454,0.0
SRR5576440,0.0002328487,0.0012620769,0.0016920498,0.9929655,0.000735044,0.0019739193,0.001138573,0.0
ERR2511215,0.00024333826,0.0012172564,0.0016288972,0.99288434,0.00078003865,0.0019954212,0.0012506552,0.0
ERR441919,0.0002325222,0.0012641033,0.0016920846,0.9929742,0.0007331127,0.0019682436,0.0011356911,0.0
SRR5870277,0.0002323735,0.001264163,0.0016921443,0.9929743,0.0007330533,0.0019682439,0.0011356913,0.0
ERR1256083,0.007696747,0.0036548902,0.00072715874,0.00929502,0.001255445,0.97234344,0.0050272862,0.0
SRR5595778,0.0018980558,0.98295534,0.003079863,0.0033205585,0.0017705733,0.0011426249,0.0058330595,0.0
SRR919943,0.0002323735,0.001264163,0.0016921443,0.9929743,0.0007330533,0.0019682439,0.0011356913,0.0
SRR5180372,0.0018980558,0.98295534,0.003079863,0.0033205585,0.0017705733,0.0011426249,0.0058330595,0.0
SRR5179762,0.0018980558,0.98295534,0.003079863,0.0033205585,0.0017705733,0.0011426249,0.0058330595,0.0
SRR5527165,0.0018980558,0.98295534,0.003079863,0.0033205585,0.0017705733,0.0011426249,0.0058330595,0.0
SRR4414600,0.007879335,0.007841948,0.9407302,0.006737949,0.009433328,6.168039e-05,0.027315583,0.0
ERR1311545,0.0002394345,0.0012332216,0.0016673268,0.9928685,0.0007680643,0.0020241884,0.0011993438,0.0
SRR5868636,0.002270501,0.00041752285,0.007992349,0.67908126,0.01360524,0.0004778506,0.29615524,0.0
ERR2836057,0.0077012214,0.0036582998,0.000726716,0.009289793,0.0012574308,0.97233444,0.005032037,0.0
SRR7365554,0.0018980558,0.98295534,0.003079863,0.0033205585,0.0017705733,0.0011426249,0.0058330595,0.0
SRR5196349,0.00023365131,0.0012575526,0.001693444,0.992942,0.00073995034,0.0019899178,0.0011434786,0.0
ERR1811348,0.00023394576,0.0012567631,0.0016859265,0.9929517,0.000740506,0.0019812067,0.0011500077,0.0
SRR5786143,0.0018980558,0.98295534,0.003079863,0.0033205585,0.0017705733,0.0011426249,0.0058330595,0.0
ERR1690493,0.0050000935,0.0036334568,0.009096714,0.0050869165,0.00084149075,0.00088847405,0.97545284,0.0
ERR499582,0.00015765884,0.0009025821,0.0034808945,0.97487,0.0012194646,0.018410537,0.00095885503,0.0
SRR5915496,0.0018980558,0.98295534,0.003079863,0.0033205585,0.0017705733,0.0011426249,0.0058330595,0.0
SRR882143,0.0018980558,0.98295534,0.003079863,0.0033205585,0.0017705733,0.0011426249,0.0058330595,0.0
ERR983853,0.00023252211,0.0012640137,0.0016919055,0.9929741,0.00073317194,0.001968243,0.001136018,0.0
SRR632549,0.0018980558,0.98295534,0.003079863,0.0033205585,0.0017705733,0.0011426249,0.0058330595,0.0
SRR5724723,8.679197e-05,0.004941225,0.00425756,0.8133246,0.00055244565,0.08374852,0.0011697412,0.091919184
ERR2495227,0.0050000935,0.0036334568,0.009096714,0.0050869165,0.00084149075,0.00088847405,0.97545284,0.0
ERR1523274,0.0076967487,0.003654979,0.0007271589,0.009294905,0.0012554453,0.9723435,0.005027229,0.0
ERR1314674,0.0002341247,0.001258015,0.001683342,0.99294484,0.0007431846,0.0019849883,0.0011514974,0.0
ERR2263533,0.0076967487,0.0036548618,0.0007271589,0.009294905,0.0012554453,0.9723436,0.0050272876,0.0
DRR042800,0.00023264054,0.0012629398,0.0016915742,0.9929704,0.00073418155,0.0019705289,0.0011377702,0.0
ERR1467021,0.00023246273,0.001264163,0.0016920252,0.9929743,0.0007330533,0.0019682439,0.0011357805,0.0
ERR1226399,0.0050000935,0.0036334568,0.009096714,0.0050869165,0.00084149075,0.00088847405,0.97545284,0.0
SRR1617804,0.00023684869,0.0012446231,0.0016641276,0.99294585,0.00075126515,0.0019751568,0.0011820722,0.0
ERR1523503,0.0076964656,0.0036645455,0.0007262253,0.009281596,0.0012580584,0.9723488,0.005024267,0.0
ERR531980,0.0002490467,0.0011995224,0.001644529,0.99272156,0.00081482943,0.0020902494,0.0012802677,0.0
ERR1689799,0.0050000935,0.0036334568,0.009096714,0.0050869165,0.00084149075,0.00088847405,0.97545284,0.0
ERR2210897,0.0050001238,0.0036334572,0.009096716,0.005086917,0.00084143155,0.0008884149,0.97545296,0.0
ERR380933,0.0050000935,0.0036334568,0.009096714,0.0050869165,0.00084149075,0.00088847405,0.97545284,0.0
SRR959936,0.007879335,0.007841948,0.9407302,0.006737949,0.009433328,6.168039e-05,0.027315583,0.0
SRR2849319,0.0024563074,0.01744163,0.12399486,0.001581192,0.00041288137,0.00043720007,0.61062926,0.24304664
SRR5902374,0.0018980558,0.98295534,0.003079863,0.0033205585,0.0017705733,0.0011426249,0.0058330595,0.0
SRR5179745,0.0018980558,0.98295534,0.003079863,0.0033205585,0.0017705733,0.0011426249,0.0058330595,0.0
SRR8608369,0.005087717,0.0037047754,0.009083566,0.0050647496,0.00088080805,0.00091847393,0.97525996,0.0
ERR1691240,0.0050000935,0.0036334568,0.009096714,0.0050869165,0.00084149075,0.00088847405,0.97545284,0.0
ERR924260,0.0050000935,0.0036334568,0.009096714,0.0050869165,0.00084149075,0.00088847405,0.97545284,0.0
SRR5576432,0.00023287899,0.0012613658,0.0016932434,0.9929593,0.0007359083,0.0019790996,0.0011382187,0.0
SRR7081361,0.0018982309,0.98295456,0.0030799191,0.003320791,0.0017706306,0.0011426238,0.00583329,0.0
SRR1767155,0.007879335,0.007841948,0.9407302,0.006737949,0.009433328,6.168039e-05,0.027315583,0.0
SRR5586706,0.0050000935,0.0036334568,0.009096714,0.0050869165,0.00084149075,0.00088847405,0.97545284,0.0
ERR1897437,0.0018980558,0.98295534,0.003079863,0.0033205585,0.0017705733,0.0011426249,0.0058330595,0.0
SRR5178660,0.0018980558,0.98295534,0.003079863,0.0033205585,0.0017705733,0.0011426249,0.0058330595,0.0
SRR2027850,0.00023243293,0.0012641032,0.0016920547,0.99297416,0.0007331126,0.001968303,0.0011358099,0.0
DRR044324,0.00023563545,0.0012489691,0.0016789547,0.9929338,0.0007478942,0.0019879697,0.0011667554,0.0
ERR1960727,0.0002325222,0.0012640439,0.0016920846,0.9929742,0.0007331424,0.0019682436,0.0011357804,0.0
ERR1689016,0.0050000935,0.0036334568,0.009096714,0.0050869165,0.00084149075,0.00088847405,0.97545284,0.0
ERR139250,0.00023350013,0.0012594432,0.0016856033,0.99296445,0.0007379497,0.001972288,0.0011467385,0.0
DRR043015,0.00023785933,0.0012395037,0.0016706368,0.9929072,0.0007578067,0.0019988571,0.0011880771,0.0
SRR2761264,0.0002324627,0.001264014,0.0016920548,0.9929743,0.0007331127,0.0019682436,0.0011357804,0.0
ERR361326,0.0050000935,0.0036334568,0.009096714,0.0050869165,0.00084149075,0.00088847405,0.97545284,0.0
ERR1905823,0.0050000935,0.0036334568,0.009096714,0.0050869165,0.00084149075,0.00088847405,0.97545284,0.0
ERR532031,0.00025625568,0.0011853126,0.0016564876,0.9926109,0.00083912804,0.0021231126,0.0013288598,0.0
SRR5699137,0.00023323743,0.0012609278,0.0016937897,0.9929175,0.000743409,0.0020108512,0.0011402487,0.0
ERR1135686,0.007697754,0.0036584549,0.0007271863,0.009318869,0.0012582245,0.9723048,0.0050348016,0.0
SRR4054205,0.0018980558,0.98295534,0.003079863,0.0033205585,0.0017705733,0.0011426249,0.0058330595,0.0
SRR2646286,0.0018980558,0.98295534,0.003079863,0.0033205585,0.0017705733,0.0011426249,0.0058330595,0.0
SRR5827512,0.0018980558,0.98295534,0.003079863,0.0033204993,0.0017705733,0.0011426249,0.0058330595,0.0
SRR980665,0.007879335,0.007841948,0.9407302,0.006737949,0.009433328,6.168039e-05,0.027315583,0.0
ERR1256416,0.000559181,0.0022036135,0.003237933,0.6291468,0.002267778,0.2977778,0.0007517636,0.064055085
ERR923588,0.0050000935,0.0036334568,0.009096714,0.0050869165,0.00084149075,0.00088847405,0.97545284,0.0
SRR6287237,0.0018980558,0.98295534,0.003079863,0.0033205585,0.0017705733,0.0011426249,0.0058330595,0.0
SRR6754376,0.0018980558,0.98295534,0.003079863,0.0033205585,0.0017705733,0.0011426249,0.0058330595,0.0
SRR1177769,0.0018980558,0.98295534,0.003079863,0.0033205585,0.0017705733,0.0011426249,0.0058330595,0.0
SRR1921853,0.007879335,0.007841948,0.9407302,0.006737949,0.009433328,6.168039e-05,0.027315583,0.0
ERR501212,0.00023249234,0.001263954,0.001691935,0.9929741,0.0007331718,0.0019682427,0.001136107,0.0
ERR2854466,0.0075654434,0.003824144,0.0007264707,0.009326415,0.001271873,0.9720801,0.005205519,0.0
SRR6444256,0.00023246267,0.0012639842,0.0016920249,0.9929742,0.0007331126,0.0019682434,0.0011359289,0.0
DRR014062,0.0018980558,0.98295534,0.003079863,0.0033205585,0.0017705733,0.0011426249,0.0058330595,0.0
SRR094456,0.0018980558,0.98295534,0.003079863,0.0033205585,0.0017705733,0.0011426249,0.0058330595,0.0
ERR2168928,0.0018980558,0.98295534,0.003079863,0.0033205585,0.0017705733,0.0011426249,0.0058330595,0.0
SRR3664248,0.0018980558,0.98295534,0.003079863,0.0033205585,0.0017705733,0.0011426249,0.0058330595,0.0
ERR543251,0.007879335,0.007841948,0.9407302,0.006737949,0.009433328,6.168039e-05,0.027315583,0.0
SRR8605665,0.0050000935,0.0036334568,0.009096714,0.0050869165,0.00084149075,0.00088847405,0.97545284,0.0
SRR5483135,0.00023403343,0.0012565466,0.0016827028,0.99296045,0.0007401441,0.0019735491,0.0011526176,0.0
SRR632423,0.0018980558,0.98295534,0.003079863,0.0033205585,0.0017705733,0.0011426249,0.0058330595,0.0
SRR920266,0.0002323735,0.001264163,0.0016921443,0.9929743,0.0007330533,0.0019682439,0.0011356913,0.0
SRR8610097,0.0050000935,0.0036334568,0.009096714,0.0050869165,0.00084149075,0.00088847405,0.97545284,0.0
SRR6394091,0.00023435951,0.001255678,0.0016805532,0.99296105,0.0007409437,0.001971874,0.0011554974,0.0
ERR500033,0.0002324329,0.001264103,0.0016921734,0.9929741,0.0007331125,0.0019682432,0.0011358396,0.0
ERR2211089,0.007878795,0.007842143,0.9407296,0.00673752,0.009433357,6.1684e-05,0.027316926,0.0
ERR1547059,0.0018980558,0.98295534,0.003079863,0.0033205585,0.0017705733,0.0011426249,0.0058330595,0.0
ERR1538951,0.0050000935,0.0036334568,0.009096714,0.0050869165,0.00084149075,0.00088847405,0.97545284,0.0
ERR720234,0.00023462747,0.0012535972,0.0016818935,0.9929449,0.0007438,0.0019839525,0.0011572536,0.0
SRR3361646,0.00025504554,0.0011840168,0.001657677,0.992606,0.0008412696,0.0021421625,0.0013138592,0.0
SRR5800753,0.0018980558,0.98295534,0.003079863,0.0033205585,0.0017705733,0.0011426249,0.0058330595,0.0
ERR1582821,0.0018980558,0.98295534,0.003079863,0.0033205585,0.0017705733,0.0011426249,0.0058330595,0.0
SRR980687,0.007879335,0.007841948,0.9407302,0.006737949,0.009433328,6.168039e-05,0.027315583,0.0
ERR982864,0.0077030747,0.0036648058,0.00072651176,0.009282802,0.0012583986,0.97232354,0.005040858,0.0
ERR1523242,0.0031225104,0.017885607,0.0004688744,0.0120889,0.0028658821,0.9583685,0.005199739,0.0
SRR4826887,0.001897997,0.98295546,0.0030798633,0.0033204998,0.0017705736,0.001142625,0.0058330013,0.0
SRR6028604,0.00025775871,0.0011648649,0.0015455711,0.99278224,0.0008381544,0.0020005514,0.0014109086,0.0
SRR3201925,0.00023504197,0.001251832,0.001679738,0.99294543,0.0007447457,0.0019815268,0.0011616463,0.0
ERR2738579,0.00023249206,0.0012636848,0.0016914273,0.99297374,0.00073352794,0.0019683,0.0011368196,0.0
ERR1690977,0.0050000935,0.0036334568,0.009096714,0.0050869165,0.00084149075,0.00088847405,0.97545284,0.0
ERR1583453,0.0018980558,0.98295534,0.003079863,0.0033205585,0.0017705733,0.0011426249,0.0058330595,0.0
SRR6038360,0.00024682996,0.0012018499,0.0016916731,0.992588,0.00081481546,0.0022184658,0.0012384327,0.0
SRR3615219,0.00023341132,0.001259267,0.0016878967,0.9929618,0.0007376535,0.0019743142,0.0011456102,0.0
SRR8608196,0.0050000935,0.0036334568,0.009096714,0.0050869165,0.00084149075,0.00088847405,0.97545284,0.0
ERR1691614,0.0050000935,0.0036334568,0.009096714,0.0050869165,0.00084149075,0.00088847405,0.97545284,0.0
DRR048068,0.00023821717,0.0012387352,0.0016760863,0.99289304,0.0007593265,0.0020068658,0.0011876653,0.0
ERR1383782,0.00023281825,0.0012619838,0.0016897839,0.99296993,0.000735012,0.001970433,0.0011400568,0.0
SRR1426154,0.007696836,0.0036549491,0.00072715885,0.0092947865,0.0012555037,0.97234344,0.005027316,0.0
ERR2495411,0.0050000935,0.0036334568,0.009096714,0.0050869165,0.00084149075,0.00088847405,0.97545284,0.0
SRR1067538,0.0018980558,0.98295534,0.003079863,0.0033205585,0.0017705733,0.0011426249,0.0058330595,0.0
DRR035505,0.0018980558,0.98295534,0.003079863,0.0033205585,0.0017705733,0.0011426249,0.0058330595,0.0
SRR2923091,0.0050000935,0.0036334568,0.009096714,0.0050869165,0.00084149075,0.00088847405,0.97545284,0.0
SRR6265373,0.00024135913,0.0012266338,0.0016499864,0.99286044,0.0007768998,0.0020218845,0.0012227971,0.0
ERR1691731,0.0050000935,0.0036334568,0.009096714,0.0050869165,0.00084149075,0.00088847405,0.97545284,0.0
SRR1175880,0.0050000935,0.0036334568,0.009096714,0.0050869165,0.00084149075,0.00088847405,0.97545284,0.0
SRR1051435,0.0075698392,0.080664955,0.837646,0.0016550013,0.05846083,6.58957e-05,0.013937478,0.0
SRR5916427,0.0018980558,0.98295534,0.003079863,0.0033205585,0.0017705733,0.0011426249,0.0058330595,0.0
ERR2511352,0.00023438889,0.0012554679,0.0016790335,0.9929637,0.00074100203,0.001969997,0.0011564177,0.0
ERR1383275,0.00023590066,0.0012484501,0.0016711737,0.99294776,0.0007478268,0.0019769731,0.0011718293,0.0
ERR1382598,0.00023269981,0.0012630576,0.0016907398,0.9929722,0.0007340916,0.00196898,0.0011382153,0.0
ERR2511587,0.00024257349,0.0012197378,0.0016481673,0.99284786,0.0007809284,0.0020255302,0.0012351738,0.0
SRR7126072,0.0018980558,0.98295534,0.003079863,0.0033205585,0.0017705733,0.0011426249,0.0058330595,0.0
ERR209358,0.00023099985,0.0012077737,0.0018656696,0.99152136,0.00089216814,0.0031633743,0.0011186759,0.0
ERR2511913,0.00023252214,0.0012640435,0.0016920544,0.99297404,0.0007331125,0.001968392,0.0011358693,0.0
SRR4414576,0.007879335,0.007841948,0.9407302,0.006737949,0.009433328,6.168039e-05,0.027315583,0.0
ERR1533365,0.0076992246,0.0036602444,0.000726484,0.009286922,0.0012573468,0.9723409,0.0050288895,0.0
ERR2511817,0.0002332629,0.0012604287,0.0016870066,0.99296856,0.00073649443,0.0019700334,0.0011442137,0.0
SRR1224602,0.0018980558,0.98295534,0.003079863,0.0033205585,0.0017705733,0.0011426249,0.0058330595,0.0
SRR5896028,0.0018980558,0.98295534,0.003079863,0.0033205585,0.0017705733,0.0011426249,0.0058330595,0.0
SRR2168012,0.0018980558,0.98295534,0.003079863,0.0033205585,0.0017705733,0.0011426249,0.0058330595,0.0
SRR7453450,0.0002325222,0.0012641033,0.0016920846,0.9929742,0.00073308294,0.0019682436,0.0011357804,0.0
ERR2511388,0.00023972508,0.0012316098,0.0016541922,0.9929015,0.00076545466,0.001997451,0.0012099573,0.0
SRR2145405,0.00023596006,0.0012485984,0.0016707567,0.9929493,0.0007475886,0.0019758719,0.0011718884,0.0
ERR1523663,0.0076962225,0.003742404,0.0007186871,0.009186699,0.001280058,0.97235876,0.00501719,0.0
SRR3647797,0.00023364864,0.0012578358,0.0016865535,0.99295723,0.000739109,0.0019775212,0.0011480759,0.0
ERR1676961,0.0050000935,0.0036334568,0.009096714,0.0050869165,0.00084149075,0.00088847405,0.97545284,0.0
SRR5915001,0.0018980558,0.98295534,0.003079863,0.0033205585,0.0017705733,0.0011426249,0.0058330595,0.0
ERR2560678,0.007696747,0.0036549196,0.00072715874,0.00929502,0.0012555328,0.9723433,0.0050272862,0.0
ERR2784840,0.00023892836,0.0012339625,0.0016687211,0.9928809,0.0007647314,0.0020155583,0.0011972593,0.0
SRR2849383,0.007879335,0.007841948,0.9407302,0.006737949,0.009433328,6.168039e-05,0.027315583,0.0
SRR5176190,0.0018980558,0.98295534,0.003079863,0.0033205585,0.0017705733,0.0011426249,0.0058330595,0.0
ERR2730160,0.00023447911,0.0012549674,0.0016813606,0.99294907,0.0007429683,0.0019811,0.0011560358,0.0
ERR2213193,0.007713754,0.003654539,0.0007263798,0.0093052825,0.0012603352,0.9722977,0.005042044,0.0
ERR2595817,0.0077642985,0.0035178254,0.0007313125,0.010029479,0.0012945768,0.97158706,0.0050754696,0.0
SRR2558635,0.0018980558,0.98295534,0.003079863,0.0033205585,0.0017705733,0.0011426249,0.0058330595,0.0
ERR1760022,0.0002323735,0.001264163,0.0016921443,0.9929743,0.0007330533,0.0019682439,0.0011356913,0.0
SRR2155013,0.0002323735,0.001264163,0.0016921443,0.9929743,0.0007330533,0.0019682439,0.0011356913,0.0
ERR1582317,0.0018980558,0.98295534,0.003079863,0.0033205585,0.0017705733,0.0011426249,0.0058330595,0.0
ERR1383895,0.0002594133,0.0011830044,0.0017135792,0.9924548,0.00086482003,0.002236421,0.001287995,0.0
SRR5175929,0.0018980558,0.98295534,0.003079863,0.0033205585,0.0017705733,0.0011426249,0.0058330595,0.0
ERR1314311,0.00024417232,0.0012144079,0.0016342296,0.99284256,0.00078771595,0.0020229423,0.0012539334,0.0
SRR028695,0.0002323735,0.001264163,0.0016921443,0.9929743,0.0007330533,0.0019682439,0.0011356913,0.0
SRR6394004,0.000232611,0.001263506,0.0016914865,0.9929727,0.0007336765,0.001969073,0.0011370572,0.0
ERR2511100,0.0002484868,0.0012035028,0.0016463476,0.99271417,0.00081621436,0.0020984716,0.001272859,0.0
SRR7453362,0.00023246267,0.0012640139,0.0016919654,0.9929742,0.00073320186,0.0019682434,0.0011358992,0.0
ERR2495285,0.0050000935,0.0036334568,0.009096714,0.0050869165,0.00084149075,0.00088847405,0.97545284,0.0
ERR1303779,0.007696061,0.003664636,0.0007262844,0.009281749,0.0012580592,0.97234935,0.0050237724,0.0
SRR1708156,0.00026880723,0.001199383,0.001913961,0.9923333,0.0008450097,0.0023288196,0.001110812,0.0
ERR765727,0.0050000935,0.0036334568,0.009096714,0.0050869165,0.00084149075,0.00088847405,0.97545284,0.0
ERR719419,0.00024137765,0.0012293158,0.0016881861,0.992786,0.0007818078,0.0020799823,0.001193414,0.0
SRR2026354,0.0018980558,0.98295534,0.003079863,0.0033205585,0.0017705733,0.0011426249,0.0058330595,0.0
SRR5156011,0.00023252217,0.0012640437,0.0016920547,0.9929741,0.0007331126,0.0019682732,0.0011358099,0.0
SRR1622922,0.0002323735,0.001264163,0.0016921443,0.9929743,0.0007330533,0.0019682439,0.0011356913,0.0
ERR1382764,0.00023807317,0.0012383434,0.0016855783,0.99287134,0.00076094776,0.0020257933,0.0011798661,0.0
ERR2133862,0.007696748,0.0036548614,0.00072715885,0.009295021,0.0012554452,0.97234356,0.0050272867,0.0
SRR6932254,0.0002323735,0.001264163,0.0016921443,0.9929743,0.0007330533,0.0019682439,0.0011356913,0.0
ERR1303847,0.0076967194,0.0036548618,0.0007271589,0.009295022,0.0012554453,0.9723435,0.0050273165,0.0
DRR042760,0.00023272933,0.0012625209,0.00169053,0.99297076,0.0007345371,0.0019699598,0.0011389281,0.0
SRR5181040,0.0018980555,0.9829552,0.0030798332,0.0033205284,0.0017706321,0.0011426248,0.0058330884,0.0
ERR1310567,0.000264771,0.0011920644,0.0016756238,0.9922458,0.0009273528,0.0023804107,0.0013139506,0.0
SRR3822532,0.001897997,0.98295546,0.0030798633,0.0033204998,0.0017705736,0.001142625,0.0058330013,0.0
ERR1020240,0.0008353889,0.0016493797,0.003270954,0.61921924,0.0032953024,0.36366564,0.0005032122,0.007560849
SRR4826463,0.0018980553,0.98295516,0.0030798917,0.0033205282,0.0017706908,0.0011426246,0.005833058,0.0
SRR4414431,0.007879335,0.007841948,0.9407302,0.006737949,0.009433328,6.168039e-05,0.027315583,0.0
ERR499085,0.00026883077,0.0011682541,0.0016306489,0.9923212,0.00093255134,0.0022772702,0.0014012506,0.0
ERR1829040,0.008375163,0.0037594275,0.0007858322,0.008955746,0.0012695878,0.9717879,0.0050663175,0.0
ERR418230,0.007533652,0.0036910023,0.0007295299,0.00949376,0.0012487102,0.972217,0.0050863214,0.0
SRR995084,0.0002323735,0.001264163,0.0016921443,0.9929743,0.0007330533,0.0019682439,0.0011356913,0.0
SRR2027621,0.0018980555,0.9829552,0.0030798921,0.003320499,0.0017706321,0.0011426838,0.005833059,0.0
SRR1618128,0.00023379558,0.0012545839,0.0016871653,0.9929372,0.0007419589,0.0019928545,0.0011524694,0.0
ERR2738968,0.00023922102,0.0012355737,0.001651675,0.9929118,0.00076406176,0.0019916645,0.0012060392,0.0
SRR1359867,0.0018980558,0.98295534,0.003079863,0.0033205585,0.0017705733,0.0011426249,0.0058330595,0.0
SRR6679598,0.007879335,0.007841948,0.9407302,0.006737949,0.009433328,6.168039e-05,0.027315583,0.0
SRR8610154,0.0050000935,0.0036334568,0.009096714,0.0050869165,0.00084149075,0.00088847405,0.97545284,0.0
SRR6931448,0.0002323735,0.001264163,0.0016921443,0.9929743,0.0007330533,0.0019682439,0.0011356913,0.0
SRR1661370,0.00023323309,0.0012600715,0.0016874523,0.9929656,0.00073688093,0.0019719366,0.0011448084,0.0
SRR6932363,0.00023243298,0.0012641035,0.0016920848,0.99297416,0.0007331128,0.0019683333,0.0011357805,0.0
ERR2043293,0.007879335,0.007841948,0.9407302,0.006737949,0.009433328,6.168039e-05,0.027315583,0.0
SRR500456,0.0018980558,0.98295534,0.003079863,0.0033205585,0.0017705733,0.0011426249,0.0058330595,0.0
ERR1690114,0.0050000935,0.0036334568,0.009096714,0.0050869165,0.00084149075,0.00088847405,0.97545284,0.0
SRR997022,0.00023243293,0.0012641032,0.0016921142,0.99297416,0.0007331126,0.0019682434,0.0011358099,0.0
ERR1223847,0.0077289003,0.0036442531,0.0007269411,0.009357657,0.0012651546,0.97220993,0.0050671496,0.0
SRR5831853,0.00023448013,0.0012545268,0.0016880607,0.99294114,0.0007425849,0.001985987,0.0011532152,0.0
ERR1314049,0.00019150974,0.0022550526,0.0024942162,0.96887827,0.0008336902,0.0135941515,0.0013082625,0.01044488
SRR3503388,0.00023252214,0.001264103,0.0016921734,0.9929739,0.0007331125,0.001968392,0.0011357206,0.0
SRR803044,0.0018980558,0.98295534,0.003079863,0.0033205585,0.0017705733,0.0011426249,0.0058330595,0.0
SRR6413999,0.0002325515,0.001263625,0.0016913972,0.9929736,0.00073358725,0.0019683293,0.0011369085,0.0
SRR5916484,0.0018980558,0.98295534,0.003079863,0.0033205585,0.0017705733,0.0011426249,0.0058330595,0.0
ERR719279,0.00023453958,0.001251314,0.0016923138,0.9929087,0.0007462731,0.0020124596,0.0011543749,0.0
ERR1256957,0.0011899333,0.0032819302,0.002209079,0.09655398,0.001792053,0.89194065,0.0030323442,0.0
ERR765664,0.0050000935,0.0036334568,0.009096714,0.0050869165,0.00084149075,0.00088847405,0.97545284,0.0
ERR1383135,0.00024747674,0.0012147479,0.0016990528,0.9926536,0.0008143829,0.0021527503,0.0012179902,0.0
ERR878237,0.007697157,0.0036545093,0.0007272173,0.0092958985,0.0012555328,0.97234243,0.0050272862,0.0
SRR5313415,0.0018980558,0.98295534,0.003079863,0.0033205585,0.0017705733,0.0011426249,0.0058330595,0.0
SRR8610857,0.0050000935,0.0036334568,0.009096714,0.0050869165,0.00084149075,0.00088847405,0.97545284,0.0
ERR560794,0.00025825255,0.0012823348,0.0017880074,0.99121344,0.0010538715,0.003289372,0.0011146999,0.0
ERR107095,0.00024079581,0.0012275947,0.001662996,0.99286556,0.00077131396,0.002017587,0.0012142105,0.0
ERR2233554,0.007699627,0.0036563159,0.0007270397,0.009291775,0.001256379,0.97233695,0.0050319596,0.0
SRR6480262,0.0018980558,0.98295534,0.003079863,0.0033205585,0.0017705733,0.0011426249,0.0058330595,0.0
ERR576315,0.0076960265,0.0036593769,0.00072736485,0.009299164,0.001256062,0.97232103,0.005040972,0.0
SRR1294471,0.00024086527,0.0012287162,0.0016903102,0.9928177,0.00077363616,0.0020518163,0.0011969795,0.0
SRR8605223,0.0050000935,0.0036334568,0.009096714,0.0050869165,0.00084149075,0.00088847405,0.97545284,0.0
SRR1602650,0.0018980558,0.98295534,0.003079863,0.0033205585,0.0017705733,0.0011426249,0.0058330595,0.0
SRR4779879,0.0018980558,0.98295534,0.003079863,0.0033205585,0.0017705733,0.0011426249,0.0058330595,0.0
SRR8609350,0.0050000935,0.0036334568,0.009096714,0.0050869165,0.00084149075,0.00088847405,0.97545284,0.0
ERR1366484,0.0076757455,0.0036646274,0.0007266928,0.009331929,0.0012572362,0.9722891,0.0050547486,0.0
SRR1778435,0.007879335,0.007841948,0.9407302,0.006737949,0.009433328,6.168039e-05,0.027315583,0.0
ERR441557,0.0002324627,0.0012641033,0.0016921143,0.99297416,0.0007330532,0.0019682436,0.0011357804,0.0
DRR060062,0.0018980558,0.98295534,0.003079863,0.0033205585,0.0017705733,0.0011426249,0.0058330595,0.0
ERR1582790,0.0018980558,0.98295534,0.003079863,0.0033205585,0.0017705733,0.0011426249,0.0058330595,0.0
DRR030591,0.00023246265,0.0012639245,0.001691995,0.9929741,0.00073323154,0.0019683028,0.0011360181,0.0
ERR441732,0.00023287743,0.0012620416,0.0016888299,0.99297243,0.0007349218,0.00196814,0.0011406799,0.0
SRR2145503,0.0002363153,0.0012478459,0.0016662534,0.99295795,0.00074794015,0.0019679458,0.0011756872,0.0
ERR1313570,0.00023768216,0.0012400757,0.0016682367,0.9929032,0.0007591493,0.0020043706,0.0011873103,0.0
ERR1689445,0.0050000935,0.0036334568,0.009096714,0.0050869165,0.00084149075,0.00088847405,0.97545284,0.0
SRR6328112,0.0018980558,0.98295534,0.003079863,0.0033205585,0.0017705733,0.0011426249,0.0058330595,0.0
SRR7449468,0.00023269975,0.0012628788,0.0016904122,0.99297297,0.0007341212,0.0019685335,0.001138453,0.0
ERR996175,0.006224089,0.0040368773,0.0007565003,0.011128906,0.0011687689,0.97131115,0.005373627,0.0
ERR1905736,0.0050000935,0.0036334568,0.009096714,0.0050869165,0.00084149075,0.00088847405,0.97545284,0.0
SRR1125485,0.007879335,0.007841948,0.9407302,0.006737949,0.009433328,6.168039e-05,0.027315583,0.0
SRR6409005,0.0002324627,0.0012641033,0.0016921143,0.9929742,0.00073308294,0.0019682436,0.0011357804,0.0
SRR6931457,0.0002323735,0.001264163,0.0016921443,0.9929743,0.0007330533,0.0019682439,0.0011356913,0.0
ERR2835954,0.0077208322,0.0036644335,0.00072570523,0.009283274,0.0012647269,0.97228813,0.0050529325,0.0
SRR7453984,0.0002323735,0.001264163,0.0016921443,0.9929743,0.0007330533,0.0019682439,0.0011356913,0.0
SRR955678,0.007879335,0.007841948,0.9407302,0.006737949,0.009433328,6.168039e-05,0.027315583,0.0
ERR2511901,0.00023246267,0.0012641627,0.0016920844,0.99297404,0.0007331721,0.0019682434,0.0011358099,0.0
ERR1593562,0.0003745854,0.28142688,0.11061925,0.008204639,0.04376203,0.00039941072,0.004338652,0.5508746
SRR5180615,0.0018980558,0.98295534,0.003079863,0.0033205585,0.0017705733,0.0011426249,0.0058330595,0.0
SRR4414919,0.007879335,0.007841948,0.9407302,0.006737949,0.009433328,6.168039e-05,0.027315583,0.0
ERR1226389,0.0050000935,0.0036334568,0.009096714,0.0050869165,0.00084149075,0.00088847405,0.97545284,0.0
SRR1980865,0.0018980558,0.98295534,0.003079863,0.0033205585,0.0017705733,0.0011426249,0.0058330595,0.0
SRR3503178,0.0002330856,0.0012606729,0.0016909116,0.992962,0.0007363791,0.001975338,0.0011416018,0.0
ERR1854515,0.0076990034,0.0036564877,0.00072703895,0.009294459,0.0012562019,0.97233355,0.0050331843,0.0
ERR2538350,0.0002323735,0.001264163,0.0016921443,0.9929743,0.0007330533,0.0019682439,0.0011356913,0.0
ERR2784827,0.0002461923,0.001227124,0.0017317943,0.9926475,0.00080586626,0.0021717933,0.0011696514,0.0
ERR2739216,0.00023551559,0.0012503028,0.0016738323,0.99294823,0.0007464934,0.0019779978,0.0011675839,0.0
ERR1691311,0.0050000935,0.0036334568,0.009096714,0.0050869165,0.00084149075,0.00088847405,0.97545284,0.0
DRR027526,0.0018980558,0.98295534,0.003079863,0.0033205585,0.0017705733,0.0011426249,0.0058330595,0.0
SRR1923896,0.0002323735,0.001264163,0.0016921443,0.9929743,0.0007330533,0.0019682439,0.0011356913,0.0
ERR3506592,0.007704234,0.0036586062,0.000726625,0.009289869,0.0012576889,0.97232646,0.005036408,0.0
ERR2314530,0.0050000935,0.0036334568,0.009096714,0.0050869165,0.00084149075,0.00088847405,0.97545284,0.0
ERR441544,0.00023237347,0.0012641033,0.0016921441,0.9929742,0.00073308294,0.0019682436,0.0011357804,0.0
ERR1256750,0.007695816,0.0036550688,0.00072713004,0.009295906,0.001255446,0.972343,0.0050276127,0.0
SRR7448714,0.00023252214,0.001264103,0.0016921139,0.99297404,0.00073314225,0.0019682432,0.0011357801,0.0
ERR579430,0.00023317305,0.0012576294,0.0016899469,0.9929467,0.00073890184,0.0019872806,0.0011463226,0.0
DRR014357,0.00023741413,0.0012409365,0.0016715954,0.9929117,0.0007560549,0.001997616,0.0011846614,0.0
ERR3569061,0.007879335,0.007841948,0.9407302,0.006737949,0.009433328,6.168039e-05,0.027315583,0.0
ERR1384568,0.00024043869,0.0012289617,0.0016543098,0.99287736,0.0007710456,0.0020130049,0.0012148935,0.0
SRR2442842,0.003886488,0.017312082,0.108296946,0.0009197744,0.0035400265,0.00017444705,0.86587024,0.0
SRR6292332,0.0018980558,0.98295534,0.003079863,0.0033205585,0.0017705733,0.0011426249,0.0058330595,0.0
DRR068402,0.0002323735,0.001264163,0.0016921443,0.9929743,0.0007330533,0.0019682439,0.0011356913,0.0
ERR1689658,0.0050000935,0.0036334568,0.009096714,0.0050869165,0.00084149075,0.00088847405,0.97545284,0.0
SRR3034397,0.00023261097,0.0012635059,0.0016912483,0.9929735,0.0007336466,0.0019684182,0.0011370571,0.0
ERR579654,0.00012561679,0.0021764934,0.0040780306,0.9215368,0.0008997619,0.058091134,0.0010175407,0.01207459
ERR1311472,0.00023317443,0.0012606411,0.00168844,0.9929625,0.0007370918,0.0019750074,0.001143117,0.0
SRR1351664,0.0018980558,0.98295534,0.003079863,0.0033205585,0.0017705733,0.0011426249,0.0058330595,0.0
SRR6746554,0.0018980558,0.98295534,0.003079863,0.0033204993,0.0017705733,0.0011426249,0.0058330595,0.0
SRR2923387,0.00024390702,0.0012153119,0.0016467962,0.9928351,0.00078522536,0.00202665,0.0012470159,0.0
SRR995085,0.0002323735,0.001264163,0.0016921443,0.9929743,0.0007330533,0.0019682439,0.0011356913,0.0
SRR5902531,0.0018980558,0.98295534,0.003079863,0.0033205585,0.0017705733,0.0011426249,0.0058330595,0.0
SRR8608270,0.0050000935,0.0036334568,0.009096714,0.0050869165,0.00084149075,0.00088847405,0.97545284,0.0
SRR2102995,0.0018980558,0.98295534,0.003079863,0.0033204993,0.0017705733,0.0011426249,0.0058330595,0.0
SRR6745378,0.0018980558,0.98295534,0.003079863,0.0033205585,0.0017705733,0.0011426249,0.0058330595,0.0
SRR1271805,0.0018980558,0.98295534,0.003079863,0.0033205585,0.0017705733,0.0011426249,0.0058330595,0.0
SRR6264370,0.0002371848,0.0012428852,0.0016848925,0.9928776,0.00075890805,0.0020268087,0.001171706,0.0
ERR531741,0.00023465697,0.0012533579,0.001681743,0.99294513,0.0007437992,0.0019835636,0.0011577283,0.0
ERR499073,0.0002327292,0.0012626094,0.0016897556,0.99297285,0.00073444744,0.0019683226,0.0011393141,0.0
ERR1522321,0.0076349694,0.0043779807,0.00067635684,0.008656477,0.0014316336,0.97204864,0.005173919,0.0
ERR883605,0.00024296089,0.00121876,0.0016501651,0.99283165,0.00078414293,0.002036065,0.0012363078,0.0
SRR1617976,0.00024408962,0.0012145593,0.0016563713,0.9928068,0.0007885103,0.002047682,0.0012419514,0.0
ERR924103,0.0050000935,0.0036334568,0.009096714,0.0050869165,0.00084149075,0.00088847405,0.97545284,0.0
SRR6057222,0.0018980558,0.98295534,0.003079863,0.0033205585,0.0017705733,0.0011426249,0.0058330595,0.0
ERR923893,0.016476337,0.0013164763,0.0076408824,0.045518894,0.012441641,0.0010030693,0.9156026,0.0
SRR5467685,0.0018980558,0.98295534,0.003079863,0.0033205585,0.0017705733,0.0011426249,0.0058330595,0.0
ERR1263700,0.0076992675,0.003655096,0.0007273932,0.0092931185,0.0012560603,0.9723394,0.0050296304,0.0
SRR2658720,8.736039e-05,0.004704654,0.0042870343,0.82022864,0.00057023764,0.08402291,0.0011722445,0.0849269
SRR7449160,0.00023249228,0.0012638348,0.0016917859,0.9929739,0.0007332907,0.0019683316,0.0011362853,0.0
SRR1922937,0.00023273108,0.0012626791,0.0016940229,0.9929639,0.0007346616,0.0019764295,0.0011355754,0.0
SRR6670529,0.007696843,0.0036564462,0.0007271302,0.00929295,0.0012559735,0.97234255,0.005028053,0.0
ERR531700,0.00025392344,0.0011885449,0.0016708745,0.99261105,0.00083543727,0.0021446687,0.0012954914,0.0
ERR1314294,0.0002702947,0.0011671033,0.0017472197,0.9922462,0.00091248256,0.0023286745,0.0013279477,0.0
ERR1844326,0.007879335,0.007841948,0.9407302,0.006737949,0.009433328,6.168039e-05,0.027315583,0.0
ERR498531,0.00023474578,0.001252612,0.0016817102,0.9929433,0.0007442738,0.0019843632,0.0011589457,0.0
ERR2249184,0.00026021927,0.0011781242,0.0016445857,0.9924852,0.0008799575,0.0022069567,0.0013449916,0.0
SRR2668725,0.0018980558,0.98295534,0.003079863,0.0033205585,0.0017705733,0.0011426249,0.0058330595,0.0
DRR048052,0.00023249222,0.0012638046,0.0016917855,0.99297357,0.00073335,0.0019685987,0.0011364337,0.0
SRR6444592,0.00023535104,0.0012529051,0.0016991262,0.9928921,0.00075004756,0.00202553,0.0011449566,0.0
DRR043731,0.00023237347,0.0012641628,0.0016921738,0.99297416,0.0007331424,0.0019683032,0.0011357209,0.0
SRR6264132,0.0002325815,0.001263894,0.0016917858,0.99297386,0.0007333203,0.0019683016,0.0011362255,0.0
DRR048248,0.00023320357,0.0012604593,0.0016874836,0.9929682,0.00073634624,0.001970451,0.0011438576,0.0
SRR995603,0.0002323735,0.001264163,0.0016921443,0.9929743,0.0007330533,0.0019682439,0.0011356913,0.0
SRR1747514,0.0018980558,0.98295534,0.003079863,0.0033205585,0.0017705733,0.0011426249,0.0058330595,0.0
SRR6413836,0.00023252214,0.001264103,0.0016920544,0.99297404,0.00073314225,0.0019682432,0.0011358098,0.0
ERR308751,0.007473783,0.004085151,0.0007057782,0.009146549,0.0013652623,0.9719886,0.005234912,0.0
ERR1328366,0.00023607952,0.001247322,0.001672277,0.99293375,0.00075032655,0.0019870894,0.0011732292,0.0
SRR5740175,0.0018980553,0.9829551,0.0030798917,0.0033205575,0.0017705729,0.0011427131,0.005833058,0.0
SRR8605273,0.0050000935,0.0036334568,0.009096714,0.0050869165,0.00084149075,0.00088847405,0.97545284,0.0
ERR1690586,0.0050000935,0.0036334568,0.009096714,0.0050869165,0.00084149075,0.00088847405,0.97545284,0.0
DRR050767,0.00023269992,0.001263088,0.0016908299,0.99297255,0.000733973,0.0019689216,0.0011379481,0.0
SRR1747666,0.0018980558,0.98295534,0.003079863,0.0033205585,0.0017705733,0.0011426249,0.0058330595,0.0
ERR719500,0.0002348439,0.0012531651,0.0017002163,0.9929064,0.00074626517,0.0020153741,0.0011437299,0.0
SRR6511693,0.0018980558,0.98295534,0.003079863,0.0033205585,0.0017705733,0.0011426249,0.0058330595,0.0
SRR5595832,0.0018980558,0.98295534,0.003079863,0.0033205585,0.0017705733,0.0011426249,0.0058330595,0.0
ERR1512309,0.0018980558,0.98295534,0.003079863,0.0033205585,0.0017705733,0.0011426249,0.0058330595,0.0
SRR2550687,0.0018980558,0.98295534,0.003079863,0.0033205585,0.0017705733,0.0011426249,0.0058330595,0.0
ERR441495,0.00023246267,0.0012640437,0.0016920547,0.99297416,0.00073314237,0.0019682732,0.0011358992,0.0
ERR1759833,0.007879335,0.007841948,0.9407302,0.006737949,0.009433328,6.168039e-05,0.027315583,0.0
ERR2599183,0.0050000944,0.0036334572,0.0090967445,0.005086917,0.0008414019,0.0008883852,0.97545296,0.0
ERR1109398,0.00023275922,0.0012628488,0.0016905904,0.9929721,0.00073424005,0.0019690983,0.0011384826,0.0
ERR487321,0.0076967496,0.0036550672,0.0007271297,0.009294613,0.0012555625,0.97234374,0.0050272,0.0
SRR980803,8.445784e-05,0.011047096,0.13975884,0.23413987,0.006767214,0.00062334543,0.002084792,0.60549444
ERR531469,0.00023750213,0.0012408111,0.0016649241,0.9929214,0.0007562889,0.0019912403,0.0011878675,0.0
ERR441225,0.0002324627,0.0012641033,0.0016921143,0.9929742,0.00073308294,0.0019682436,0.0011357804,0.0
ERR418305,0.004101277,0.019337384,0.00100378,0.009993455,0.001422434,0.9413317,0.022809964,0.0
ERR923739,0.0050000935,0.0036334568,0.009096714,0.0050869165,0.00084149075,0.00088847405,0.97545284,0.0
ERR1522658,0.005242042,0.17287114,0.0006763551,0.0010538778,0.0038578608,0.80118835,0.015110418,0.0
DRR024051,0.0017030812,0.00020013643,0.0033879508,0.50637555,0.00762235,0.48027152,0.00043942907,0.0
ERR209503,0.00023320457,0.0012598401,0.0016901382,0.99295783,0.0007374202,0.0019788777,0.0011426726,0.0
SRR3358601,0.00037381053,0.01400432,0.0016230345,0.66447943,0.0065207183,0.14891702,0.0011619031,0.16291976
ERR1905832,0.0050000935,0.0036334568,0.009096714,0.0050869165,0.00084149075,0.00088847405,0.97545284,0.0
ERR579802,0.0002323735,0.001264163,0.0016921443,0.9929743,0.0007330533,0.0019682439,0.0011356913,0.0
SRR976675,0.0050001238,0.0036334572,0.0090967445,0.005086917,0.0008414019,0.0008883852,0.97545296,0.0
SRR2896968,0.007697159,0.0036556819,0.00072704174,0.009293528,0.0012557089,0.9723435,0.005027375,0.0
SRR388022,0.0002324627,0.0012640439,0.0016921738,0.9929735,0.0007331424,0.0019688683,0.0011357506,0.0
ERR908152,0.0077294195,0.0036324624,0.0007267326,0.009389008,0.0012655292,0.97219956,0.0050573433,0.0
ERR498881,0.00026031153,0.0011682796,0.0016061466,0.9925589,0.0008721358,0.002150083,0.0013841353,0.0
SRR5590749,0.0018980558,0.98295534,0.003079863,0.0033205585,0.0017705733,0.0011426249,0.0058330595,0.0
ERR1548941,0.0025429153,0.037591342,0.078646705,0.035610422,0.8053833,0.0066043963,0.03362083,0.0
SRR5573754,0.0015556813,0.95881706,0.0058760648,0.0073195403,0.0014941395,0.0013665558,0.0034949484,0.020076038
SRR500455,0.0018980558,0.98295534,0.003079863,0.0033205585,0.0017705733,0.0011426249,0.0058330595,0.0
SRR5869293,0.0002323735,0.001264163,0.0016921443,0.9929743,0.0007330533,0.0019682439,0.0011356913,0.0
ERR1521995,0.007696748,0.0036548614,0.00072715885,0.009295021,0.0012554452,0.97234356,0.0050272867,0.0
ERR368878,0.00023311516,0.0012606126,0.0016904345,0.9929627,0.0007363786,0.001974712,0.0011420174,0.0
ERR2001928,0.00023246267,0.0012640437,0.0016920547,0.9929741,0.0007331721,0.001968303,0.0011358397,0.0
SRR5520576,0.0002325222,0.0012641033,0.0016921441,0.9929742,0.00073308294,0.0019682436,0.0011357209,0.0
SRR6188405,0.0018980558,0.98295534,0.003079863,0.0033205585,0.0017705733,0.0011426249,0.0058330595,0.0
ERR1311213,0.0002331147,0.001260967,0.0016879027,0.99296904,0.00073596067,0.0019702164,0.001142848,0.0
SRR995479,0.0002323735,0.001264163,0.0016921443,0.9929743,0.0007330533,0.0019682439,0.0011356913,0.0
SRR1632301,0.00023243295,0.0012641033,0.0016921143,0.99297416,0.0007331424,0.0019682436,0.0011357804,0.0
SRR6457713,0.0018979969,0.98295534,0.0030797746,0.0033205878,0.0017705733,0.0011426839,0.005833089,0.0
SRR6394165,0.00023332266,0.001259746,0.0016891502,0.99296165,0.0007371794,0.0019748842,0.0011440663,0.0
SRR6038206,0.0002323735,0.001264163,0.0016921443,0.9929743,0.0007330533,0.0019682439,0.0011356913,0.0
SRR8611210,0.0050000935,0.0036334568,0.009096714,0.0050869165,0.00084149075,0.00088847405,0.97545284,0.0
SRR4414668,0.007879335,0.007841948,0.9407302,0.006737949,0.009433328,6.168039e-05,0.027315583,0.0
SRR996665,0.0002323735,0.001264163,0.0016921443,0.9929743,0.0007330533,0.0019682439,0.0011356913,0.0
SRR6412033,0.00023246267,0.0012641032,0.0016920547,0.99297416,0.0007330829,0.0019683328,0.0011358397,0.0
SRR7902239,0.0012142956,0.3338362,0.10271329,0.0001257956,0.005829543,0.00019776821,0.24784416,0.30823898
ERR1256866,0.007696748,0.0036548614,0.00072715885,0.009295021,0.0012554452,0.97234356,0.0050272867,0.0
SRR6745403,0.0018980558,0.98295534,0.003079863,0.0033205585,0.0017705733,0.0011426249,0.0058330595,0.0
SRR7212346,0.0018980558,0.98295534,0.003079863,0.0033205585,0.0017705733,0.0011426249,0.0058330595,0.0
SRR4826891,0.0018980558,0.9829554,0.0030798335,0.003320529,0.0017706323,0.0011426249,0.0058330004,0.0
SRR5440339,0.00023299619,0.0012618917,0.0016885308,0.992972,0.00073515903,0.0019682273,0.0011411548,0.0
ERR1691099,0.0050000935,0.0036334568,0.009096714,0.0050869165,0.00084149075,0.00088847405,0.97545284,0.0
ERR1905802,0.0050000935,0.0036334568,0.009096714,0.0050869165,0.00084149075,0.00088847405,0.97545284,0.0
SRR8608317,0.0050000935,0.0036334568,0.009096714,0.0050869165,0.00084149075,0.00088847405,0.97545284,0.0
ERR441924,0.00023246265,0.001264103,0.0016921139,0.99297404,0.0007331125,0.0019682432,0.0011358396,0.0
SRR1426735,0.0077375504,0.003655703,0.0007273448,0.009277264,0.0012667761,0.97226703,0.0050682467,0.0
SRR5514551,0.0018980558,0.98295534,0.003079863,0.0033205585,0.0017705733,0.0011426249,0.0058330595,0.0
SRR2046561,0.00027001882,0.0011520624,0.0016081597,0.9923624,0.00092548574,0.0022373712,0.0014445011,0.0
ERR1691192,0.0050000935,0.0036334568,0.009096714,0.0050869165,0.00084149075,0.00088847405,0.97545284,0.0
SRR1145340,0.00024177248,0.0012323019,0.0017297381,0.99277014,0.0007734756,0.0020854957,0.0011669806,0.0
ERR1226398,0.0050000935,0.0036334568,0.009096714,0.0050869165,0.00084149075,0.00088847405,0.97545284,0.0
ERR2002268,0.00023367803,0.0012579528,0.0016856586,0.9929598,0.0007389592,0.0019753764,0.0011485799,0.0
DRR029299,0.0018980558,0.98295534,0.003079863,0.0033205585,0.0017705733,0.0011426249,0.0058330595,0.0
ERR500430,0.00023264074,0.0012635655,0.0016913972,0.9929736,0.00073358725,0.00196824,0.0011369085,0.0
SRR5525157,0.00023960548,0.0012330938,0.0016530874,0.9929121,0.00076357886,0.001988672,0.0012098947,0.0
SRR6754339,0.0018980558,0.98295534,0.003079863,0.0033205585,0.0017705733,0.0011426249,0.0058330595,0.0
ERR1328340,0.00023401128,0.0012541185,0.0017028062,0.9928967,0.00074457057,0.0020291489,0.0011387042,0.0
ERR522507,0.00023272936,0.0012629078,0.0016902921,0.9929728,0.00073420996,0.0019684134,0.0011386308,0.0
DRR048100,0.00023249215,0.001263596,0.001691785,0.99297243,0.00073364715,0.0019693715,0.001136701,0.0
SRR1010842,0.007879588,0.007844229,0.9407238,0.006735697,0.009430387,6.1688166e-05,0.027324622,0.0
ERR883393,0.00023969448,0.0012321408,0.0016505577,0.99291056,0.0007648868,0.00199099,0.0012111426,0.0
ERR1690724,0.0050000935,0.0036334568,0.009096714,0.0050869165,0.00084149075,0.00088847405,0.97545284,0.0
SRR5916550,0.0018980558,0.98295534,0.003079863,0.0033205585,0.0017705733,0.0011426249,0.0058330595,0.0
SRR5915578,0.0018980558,0.98295534,0.003079863,0.0033205585,0.0017705733,0.0011426249,0.0058330595,0.0
ERR1311155,0.00024004855,0.0012319181,0.001642508,0.9929322,0.0007636881,0.0019734483,0.0012161846,0.0
ERR1690665,0.0050000935,0.0036334568,0.009096714,0.0050869165,0.00084149075,0.00088847405,0.97545284,0.0
SRR7704483,0.00024495382,0.0012402405,0.00181896,0.9924032,0.0008068332,0.0023226729,0.0011630919,0.0
ERR1522337,0.0076967487,0.0036548618,0.0007271882,0.009294905,0.0012555039,0.9723435,0.0050272876,0.0
ERR1512203,0.007696748,0.0036548614,0.00072715885,0.009295021,0.0012554452,0.97234356,0.0050272867,0.0
ERR389728,0.0018972981,0.98293144,0.0030902957,0.0033068426,0.0017759494,0.0011412859,0.0058567883,0.0
SRR5179960,0.0018980558,0.98295534,0.003079863,0.0033205585,0.0017705733,0.0011426249,0.0058330595,0.0
ERR209563,0.00025087097,0.0011929753,0.0016214127,0.9927565,0.0008145872,0.0020488093,0.0013148125,0.0
SRR2010265,0.00023545838,0.0012499283,0.0016835156,0.9929297,0.00074721454,0.0019906883,0.0011635202,0.0
SRR2668714,0.0018980844,0.982955,0.003079891,0.0033206157,0.0017706314,0.0011427423,0.005833086,0.0
ERR1103366,0.0018980558,0.98295534,0.003079863,0.0033205585,0.0017705733,0.0011426249,0.0058330595,0.0
ERR380967,0.0014412105,0.0425584,0.30020964,0.0005238354,0.0009062588,0.00017771125,0.37651962,0.27766335
ERR1594216,0.007879335,0.007841948,0.9407302,0.006737949,0.009433328,6.168039e-05,0.027315583,0.0
SRR769718,0.007379842,0.88409275,0.0058330963,0.00019038522,0.010651565,0.09010375,0.0017485874,0.0
ERR1384946,0.00023418409,0.0012550994,0.0016879517,0.9929393,0.0007425893,0.0019899548,0.0011509019,0.0
SRR8605249,0.010128095,0.007896317,0.008441244,0.0043321294,0.005356751,0.0033400662,0.96050537,0.0
SRR5178774,0.0018980558,0.98295534,0.003079863,0.0033205585,0.0017705733,0.0011426249,0.0058330595,0.0
ERR1522394,0.007696748,0.0036548614,0.00072715885,0.009295021,0.0012554452,0.97234356,0.0050272867,0.0
SRR5869921,0.0002325222,0.0012641033,0.0016920846,0.9929742,0.00073308294,0.0019682436,0.0011357804,0.0
ERR2739232,0.00023255147,0.0012636249,0.0016913078,0.9929736,0.0007335574,0.0019682397,0.0011370869,0.0
SRR3992174,0.0007458925,0.0021331012,0.0041017532,0.42624718,0.0026938021,0.55906796,0.00054332614,0.0044670105
SRR2098454,0.0018980558,0.98295534,0.003079863,0.0033205585,0.0017705733,0.0011426249,0.0058330595,0.0
SRR6145482,0.0018980558,0.98295534,0.003079863,0.0033205585,0.0017705733,0.0011426249,0.0058330595,0.0
SRR7453946,0.00023249222,0.0012639534,0.0016916665,0.9929738,0.0007332905,0.0019683312,0.0011363742,0.0
ERR2531888,0.00023607934,0.0012469344,0.0016734061,0.9929349,0.0007497609,0.0019860468,0.0011729012,0.0
ERR1897641,0.0018980558,0.98295534,0.003079863,0.0033205585,0.0017705733,0.0011426249,0.0058330595,0.0
SRR5974405,0.0018980558,0.98295534,0.003079863,0.0033205585,0.0017705733,0.0011426249,0.0058330595,0.0
ERR986385,0.007725783,0.0036362105,0.0007259652,0.009396077,0.0012680376,0.972168,0.0050799698,0.0
ERR1689345,0.0050000935,0.0036334568,0.009096714,0.0050869165,0.00084149075,0.00088847405,0.97545284,0.0
ERR2511205,0.00023370808,0.0012589658,0.0016846792,0.99296224,0.0007388709,0.0019734455,0.0011481649,0.0
ERR532243,0.00024073523,0.0012295521,0.0016604307,0.9928766,0.00076940696,0.0020078816,0.0012153947,0.0
SRR3030562,0.00015956165,0.0017165841,0.0031376185,0.9609036,0.0010576845,0.028900446,0.0013217033,0.002802849
SRR5570804,0.0018980558,0.98295534,0.003079863,0.0033205585,0.0017705733,0.0011426249,0.0058330595,0.0
ERR2738602,0.00023243295,0.0012641033,0.0016920548,0.9929743,0.0007331127,0.0019682436,0.00113581,0.0
SRR5902421,0.0018980558,0.98295534,0.003079863,0.0033205585,0.0017705733,0.0011426249,0.0058330595,0.0
SRR920152,0.0002323735,0.001264163,0.0016921443,0.9929743,0.0007330533,0.0019682439,0.0011356913,0.0
SRR3741965,0.0018980558,0.98295534,0.003079863,0.0033205585,0.0017705733,0.0011426249,0.0058330595,0.0
ERR756392,0.0076716845,0.00365702,0.00072638976,0.009359242,0.0012576287,0.97226995,0.005058017,0.0
ERR924146,0.016473034,0.0013161821,0.0076410943,0.04552125,0.012435039,0.0010027443,0.9156107,0.0
SRR3361697,0.00023982786,0.001233256,0.0016809069,0.99283177,0.0007722796,0.002051193,0.0011907514,0.0
SRR1200733,0.0018980558,0.98295534,0.003079863,0.0033205585,0.0017705733,0.0011426249,0.0058330595,0.0
ERR500465,0.00023246267,0.0012641032,0.0016921439,0.9929741,0.0007330829,0.0019682434,0.0011358099,0.0
ERR924483,0.0050000935,0.0036334568,0.009096714,0.0050869165,0.00084149075,0.00088847405,0.97545284,0.0
SRR6444794,0.00025336922,0.0012437908,0.0016884141,0.99247634,0.0008753539,0.00224397,0.0012188616,0.0
SRR2167994,0.0018980558,0.98295534,0.003079863,0.0033205585,0.0017705733,0.0011426249,0.0058330595,0.0
SRR1631715,0.0002323735,0.001264163,0.0016921443,0.9929743,0.0007330533,0.0019682439,0.0011356913,0.0
SRR5586884,0.0050000935,0.0036334568,0.009096714,0.0050869165,0.00084149075,0.00088847405,0.97545284,0.0
SRR7902259,0.0012142956,0.3338362,0.10271329,0.0001257956,0.005829543,0.00019776821,0.24784416,0.30823898
SRR951921,0.007879335,0.007841948,0.9407302,0.006737949,0.009433328,6.168039e-05,0.027315583,0.0
ERR1189748,0.0018980558,0.98295534,0.003079863,0.0033205585,0.0017705733,0.0011426249,0.0058330595,0.0
SRR1119223,0.0018980558,0.98295534,0.003079863,0.0033205585,0.0017705733,0.0011426249,0.0058330595,0.0
SRR2010315,0.00023185227,0.001279144,0.001693765,0.9929278,0.0007307184,0.0019950778,0.0011417698,0.0
SRR5786417,0.0018980558,0.98295534,0.003079863,0.0033205585,0.0017705733,0.0011426249,0.0058330595,0.0
ERR1315586,0.00023720598,0.0012428701,0.0016663312,0.9929261,0.00075456785,0.0019890503,0.0011838586,0.0
SRR1618319,0.00023266996,0.0012628487,0.0016904415,0.9929723,0.00073421025,0.0019689791,0.001138542,0.0
ERR1263347,0.007706307,0.003639336,0.00072678353,0.009365242,0.0012597679,0.9722649,0.005037666,0.0
ERR1689359,0.0050000935,0.0036334568,0.009096714,0.0050869165,0.00084149075,0.00088847405,0.97545284,0.0
ERR1135733,0.007697018,0.0036547764,0.0007271887,0.00929456,0.001255534,0.9723436,0.0050272616,0.0
SRR5570784,0.0018980558,0.98295534,0.003079863,0.0033205585,0.0017705733,0.0011426249,0.0058330595,0.0
ERR499868,0.00023246267,0.0012641032,0.0016920547,0.99297416,0.00073314237,0.0019682434,0.0011357802,0.0
ERR1135397,0.007703106,0.0036518874,0.0007289247,0.009291323,0.0012580081,0.9723376,0.0050291033,0.0
SRR6444065,0.00024030662,0.0012403843,0.0017299518,0.9926524,0.0007879427,0.002216455,0.0011324873,0.0
ERR1582824,0.0018980558,0.98295534,0.003079863,0.0033205585,0.0017705733,0.0011426249,0.0058330595,0.0
SRR5156109,0.00023545587,0.0012511048,0.001672165,0.99295896,0.0007450352,0.0019701433,0.0011671068,0.0
ERR526064,0.00024537233,0.0012214183,0.0017105864,0.99268496,0.0008018848,0.0021412447,0.0011945876,0.0
ERR2836066,0.00074803835,0.0020164552,0.00347209,0.54198956,0.0026354196,0.40070564,0.0005229712,0.04790986
ERR539222,0.007879335,0.007841948,0.9407302,0.006737949,0.009433328,6.168039e-05,0.027315583,0.0
SRR6931658,0.00023246263,0.0012639839,0.0016920245,0.9929739,0.0007332017,0.0019683917,0.0011359882,0.0
SRR4826906,0.0018980844,0.982955,0.003079891,0.0033206157,0.0017706904,0.0011426244,0.005833086,0.0
SRR1631363,0.00023252214,0.0012640733,0.0016921436,0.992974,0.00073314225,0.0019682432,0.0011357801,0.0
ERR1829010,0.0019450295,0.00496736,0.0012272304,0.042066623,0.0011978791,0.9432248,0.00537108,0.0
SRR6457483,0.0018980558,0.98295534,0.003079863,0.0033205585,0.0017705733,0.0011426249,0.0058330595,0.0
SRR5001935,0.0018980553,0.98295516,0.0030798917,0.0033205282,0.0017706908,0.0011426246,0.005833058,0.0
SRR1783752,0.007879335,0.007841948,0.9407302,0.006737949,0.009433328,6.168039e-05,0.027315583,0.0
ERR1913122,0.0002445357,0.0012165519,0.0016427494,0.9927996,0.0007950831,0.002053303,0.0012481969,0.0
ERR1678212,0.0050000944,0.0036334572,0.0090967445,0.005086917,0.0008414019,0.0008883852,0.97545296,0.0
SRR6038297,0.00023946454,0.0012328661,0.0016681616,0.99286443,0.000768779,0.0020268974,0.0011994345,0.0
ERR1690984,0.0050000935,0.0036334568,0.009096714,0.0050869165,0.00084149075,0.00088847405,0.97545284,0.0
ERR1512168,0.007696748,0.0036548614,0.00072715885,0.009295021,0.0012554452,0.97234356,0.0050272867,0.0
SRR2145331,0.000114551316,0.004500389,0.0042200983,0.77422816,0.0006714463,0.11178839,0.0010184348,0.103458524
SRR5801517,0.007879335,0.007841948,0.9407302,0.006737949,0.009433328,6.168039e-05,0.027315583,0.0
DRR047624,0.00023441981,0.001254552,0.0016843663,0.99294865,0.00074216584,0.0019811017,0.0011547578,0.0
SRR1747819,0.0018980558,0.98295534,0.003079863,0.0033205585,0.0017705733,0.0011426249,0.0058330595,0.0
SRR6264178,0.00023269978,0.0012630575,0.0016904421,0.992973,0.0007340915,0.0019683552,0.0011382747,0.0
SRR6511228,0.0018980558,0.98295534,0.003079863,0.0033205585,0.0017705733,0.0011426249,0.0058330595,0.0
SRR1119218,0.0018980558,0.98295534,0.003079863,0.0033205585,0.0017705733,0.0011426249,0.0058330595,0.0
SRR6038476,0.00023815212,0.0012395688,0.00165374,0.99294615,0.00075588835,0.0019700269,0.0011964713,0.0
SRR1145267,0.00023418367,0.0012553945,0.001689317,0.99294245,0.0007417551,0.0019862927,0.0011506916,0.0
SRR2913575,0.0018980558,0.98295534,0.003079863,0.0033205585,0.0017705733,0.0011426249,0.0058330595,0.0
SRR8610838,0.0050000935,0.0036334568,0.009096714,0.0050869165,0.00084149075,0.00088847405,0.97545284,0.0
ERR1678216,0.0050000935,0.0036334568,0.009096714,0.0050869165,0.00084149075,0.00088847405,0.97545284,0.0
SRR996367,0.0002323735,0.001264163,0.0016921443,0.9929743,0.0007330533,0.0019682439,0.0011356913,0.0
ERR365872,0.00024055906,0.0012277197,0.0016604167,0.99286354,0.0007722398,0.0020224748,0.0012131458,0.0
ERR450829,0.0002325222,0.0012641033,0.0016920846,0.9929742,0.00073308294,0.0019682436,0.0011357804,0.0
SRR6670551,0.007697189,0.0036551259,0.0007271883,0.009294145,0.0012555625,0.9723431,0.005027698,0.0
SRR5823950,0.0077318014,0.003605173,0.0007278702,0.009488612,0.001264994,0.97216165,0.005019941,0.0
SRR5590510,0.0018980558,0.98295534,0.003079863,0.0033205585,0.0017705733,0.0011426249,0.0058330595,0.0
ERR441718,0.00023243293,0.0012641032,0.0016920547,0.9929741,0.0007331126,0.001968303,0.0011358397,0.0
ERR1535969,0.0018980558,0.98295534,0.003079863,0.0033205585,0.0017705733,0.0011426249,0.0058330595,0.0
SRR8610070,0.0050000935,0.0036334568,0.009096714,0.0050869165,0.00084149075,0.00088847405,0.97545284,0.0
ERR1511906,0.0076967487,0.0036549496,0.0007271589,0.009294817,0.0012554453,0.9723436,0.0050272876,0.0
ERR719324,0.00018919846,0.0011016908,0.0024876995,0.9871455,0.00096671045,0.0070292056,0.0010800512,0.0
SRR1145404,0.00023471664,0.0012529723,0.0016840049,0.9929425,0.00074374035,0.0019848444,0.0011572533,0.0
ERR1743353,0.0018980558,0.98295534,0.003079863,0.0033205585,0.0017705733,0.0011426249,0.0058330595,0.0
ERR308320,0.0076986104,0.0036561303,0.000726862,0.009296963,0.0012563756,0.9723315,0.005033645,0.0
SRR5431563,0.00024376919,0.0012182809,0.0016590046,0.9927885,0.00079174427,0.0020655543,0.0012331818,0.0
SRR6264981,0.00025474848,0.0011995039,0.0016740231,0.9925351,0.000856746,0.0022019905,0.0012778469,0.0
DRR048120,0.00023483392,0.0012536473,0.0016786684,0.99295485,0.00074308057,0.001974449,0.0011604276,0.0
SRR6931865,0.0002332069,0.0012601501,0.0016940221,0.99294823,0.00073811173,0.0019874047,0.0011389361,0.0
SRR2145360,0.00023269978,0.0012629087,0.0016906504,0.9929721,0.0007342105,0.0019690988,0.0011383937,0.0
DRR047368,0.00023539716,0.001250395,0.0016766322,0.9929456,0.0007461085,0.0019796086,0.0011661588,0.0
SRR8611275,0.0050000935,0.0036334568,0.009096714,0.0050869165,0.00084149075,0.00088847405,0.97545284,0.0
ERR675202,0.007696748,0.0036548614,0.00072715885,0.009295021,0.0012554452,0.97234356,0.0050272867,0.0
ERR2013476,0.0025429153,0.037591342,0.078646705,0.035610422,0.8053833,0.0066043963,0.03362083,0.0
SRR1949001,0.0002324329,0.0012640733,0.001691995,0.99297404,0.000733172,0.0019683326,0.0011359288,0.0
ERR380897,0.0050000935,0.0036334568,0.009096714,0.0050869165,0.00084149075,0.00088847405,0.97545284,0.0
SRR6207107,0.0018980558,0.98295534,0.003079863,0.0033205585,0.0017705733,0.0011426249,0.0058330595,0.0
SRR5180475,0.0018980558,0.98295534,0.003079863,0.0033205585,0.0017705733,0.0011426249,0.0058330595,0.0
ERR539172,0.007879335,0.007841948,0.9407302,0.006737949,0.009433328,6.168039e-05,0.027315583,0.0
SRR1461039,0.00023370708,0.0012570865,0.0016851182,0.9929554,0.0007396708,0.0019788211,0.0011501827,0.0
ERR2599226,0.0050000935,0.0036334568,0.009096714,0.0050869165,0.00084149075,0.00088847405,0.97545284,0.0
SRR1747486,0.0018980558,0.98295534,0.003079863,0.0033205585,0.0017705733,0.0011426249,0.0058330595,0.0
ERR500003,0.0002325815,0.001263894,0.0016917858,0.99297386,0.0007332311,0.0019683016,0.0011362851,0.0
SRR7448782,0.00023243285,0.0012640135,0.0016919053,0.992974,0.0007332611,0.0019683023,0.0011360177,0.0
SRR1747651,0.0018980558,0.98295534,0.003079863,0.0033205585,0.0017705733,0.0011426249,0.0058330595,0.0
SRR2098423,0.0018980558,0.98295534,0.003079863,0.0033205585,0.0017705733,0.0011426249,0.0058330595,0.0
DRR043963,0.00023302627,0.0012611201,0.0016910913,0.99296343,0.000735993,0.0019742388,0.0011410672,0.0
SRR3296460,0.0018980558,0.98295534,0.003079863,0.0033205585,0.0017705733,0.0011426249,0.0058330595,0.0
SRR1631043,0.0002323735,0.001264163,0.0016921443,0.9929743,0.0007330533,0.0019682439,0.0011356913,0.0
ERR488013,0.007696748,0.0036548614,0.00072715885,0.009295021,0.0012554452,0.97234356,0.0050272867,0.0
ERR1760116,0.00023243295,0.0012641033,0.0016921143,0.9929742,0.0007331424,0.0019682734,0.0011357506,0.0
SRR1922986,0.0002323735,0.0012641035,0.0016920848,0.99297434,0.00073308306,0.0019682439,0.0011357805,0.0
ERR1385469,0.00025902016,0.0011999948,0.0017795253,0.9923938,0.0008637476,0.002300005,0.0012038919,0.0
ERR1315692,0.00023441976,0.0012542543,0.0016831463,0.99294657,0.0007428498,0.0019831834,0.0011555309,0.0
SRR6408598,0.0002323735,0.001264163,0.0016921443,0.9929743,0.0007330533,0.0019682439,0.0011356913,0.0
ERR2511063,0.0002388956,0.0012346905,0.0016598069,0.99290437,0.0007625505,0.00199852,0.0012011703,0.0
SRR7658020,0.0018980558,0.98295534,0.003079863,0.0033205585,0.0017705733,0.0011426249,0.0058330595,0.0
SRR6408971,0.00023281832,0.0012621924,0.0016901712,0.9929698,0.000734804,0.0019704932,0.00113973,0.0
ERR1811309,0.00023355932,0.0012587277,0.0016856011,0.9929641,0.00073806767,0.0019725233,0.0011474212,0.0
ERR2020035,0.007722565,0.0036505451,0.00073062454,0.009272122,0.0012647756,0.9723018,0.0050576087,0.0
SRR6414343,0.0002342711,0.0012555633,0.0016835334,0.9929543,0.00074121397,0.0019771457,0.0011538952,0.0
ERR1896819,0.0037540793,0.3545303,0.0005028546,0.0031054914,0.0019241273,0.48765025,0.007679403,0.14085346
DRR030582,0.00023269987,0.0012631471,0.0016905915,0.9929732,0.0007339728,0.0019682965,0.0011380966,0.0
ERR1456939,0.007701385,0.003654237,0.0007272741,0.00929488,0.0012563205,0.97233456,0.0050312574,0.0
ERR833559,0.0018980558,0.98295534,0.003079863,0.0033205585,0.0017705733,0.0011426249,0.0058330595,0.0
SRR8356335,0.00025791366,0.0011833038,0.0016735538,0.99250704,0.00086361816,0.0022054117,0.0013091378,0.0
ERR1513345,0.007705921,0.0036518965,0.0007261149,0.009313202,0.0012589565,0.972305,0.005038901,0.0
ERR2495507,0.0050000935,0.0036334568,0.009096714,0.0050869165,0.00084149075,0.00088847405,0.97545284,0.0
SRR6235196,0.0018980558,0.98295534,0.003079863,0.0033205585,0.0017705733,0.0011426249,0.0058330595,0.0
SRR3094760,0.00023311467,0.001261294,0.0016877538,0.9929708,0.0007357226,0.001968699,0.0011425504,0.0
ERR531679,0.00023323327,0.0012606077,0.0016871264,0.99296945,0.0007362271,0.0019695286,0.0011438276,0.0
ERR1429222,0.0018980558,0.98295534,0.003079863,0.0033205585,0.0017705733,0.0011426249,0.0058330595,0.0
SRR943522,0.007879335,0.007841948,0.9407302,0.006737949,0.009433328,6.168039e-05,0.027315583,0.0
SRR6028399,0.00025907104,0.0011630395,0.0015695012,0.99268156,0.00085297495,0.0020643617,0.0014094141,0.0
SRR6444539,0.0002341242,0.001255365,0.0016876217,0.9929442,0.00074166595,0.001986174,0.0011508999,0.0
ERR1226231,0.004230443,0.0014275074,0.007876757,0.5750527,0.06851332,0.0024656993,0.34043354,0.0
SRR5699177,0.0002325222,0.0012641033,0.0016921143,0.9929742,0.0007330532,0.0019682436,0.0011357804,0.0
ERR2043187,0.007879335,0.007841948,0.9407302,0.006737949,0.009433328,6.168039e-05,0.027315583,0.0
ERR2013415,0.0025429153,0.037591342,0.078646705,0.035610422,0.8053833,0.0066043963,0.03362083,0.0
SRR1359876,0.0018980558,0.98295534,0.003079863,0.0033205585,0.0017705733,0.0011426249,0.0058330595,0.0
SRR8605513,0.0050000935,0.0036334568,0.009096714,0.0050869165,0.00084149075,0.00088847405,0.97545284,0.0
ERR2495434,0.0050000935,0.0036334568,0.009096714,0.0050869165,0.00084149075,0.00088847405,0.97545284,0.0
SRR5915013,0.0018980558,0.98295534,0.003079863,0.0033205585,0.0017705733,0.0011426249,0.0058330595,0.0
ERR990561,0.0076967487,0.0036548618,0.00072712963,0.009294905,0.0012554453,0.9723436,0.0050272876,0.0
SRR6511290,0.0018980558,0.98295534,0.003079863,0.0033205585,0.0017705733,0.0011426249,0.0058330595,0.0
ERR499841,0.0002364042,0.001247398,0.0016656859,0.9929564,0.00074850424,0.0019688352,0.001176786,0.0
ERR1314636,0.00023246265,0.001263984,0.0016919652,0.99297404,0.000733172,0.0019683326,0.0011359883,0.0
SRR3037185,0.0006569028,0.0024781227,0.0036679506,0.49296013,0.0021733642,0.40412343,0.00045967102,0.09348047
SRR5869613,0.0002323735,0.001264163,0.0016921443,0.9929743,0.0007330533,0.0019682439,0.0011356913,0.0
SRR1460605,0.0018980558,0.98295534,0.003079863,0.0033205585,0.0017705733,0.0011426249,0.0058330595,0.0
SRR1175898,0.0050000935,0.0036334568,0.009096714,0.0050869165,0.00084149075,0.00088847405,0.97545284,0.0
SRR5915103,0.0018980558,0.98295534,0.003079863,0.0033205585,0.0017705733,0.0011426249,0.0058330595,0.0
SRR952991,0.0018980558,0.98295534,0.003079863,0.0033205585,0.0017705733,0.0011426249,0.0058330595,0.0
SRR4826976,0.0018980551,0.98295504,0.0030799503,0.0033205277,0.0017706316,0.001142713,0.0058330577,0.0
ERR1383730,0.0002506842,0.00119046,0.0016667274,0.9925227,0.00084079884,0.0022517266,0.0012768864,0.0
SRR6028568,0.00026400498,0.0011448838,0.0015193963,0.9927055,0.0008664299,0.0020201437,0.0014796766,0.0
ERR1523660,0.0076967496,0.003654862,0.00072715903,0.009294907,0.0012554454,0.9723436,0.0050272294,0.0
ERR1382612,0.00023441926,0.0012546085,0.0016816257,0.99295217,0.00074225327,0.001978866,0.0011560341,0.0
ERR1201413,0.7844366,0.048688475,0.042322375,0.0044215843,0.0007810461,0.03996079,0.079389185,0.0
SRR4431444,0.0018980558,0.98295534,0.003079863,0.0033205585,0.0017705733,0.0011426249,0.0058330595,0.0
SRR1583222,0.0018980555,0.9829553,0.0030798332,0.003320617,0.0017705731,0.0011426248,0.005833,0.0
ERR1594131,0.007879423,0.007841977,0.94073015,0.0067378315,0.009433328,6.168074e-05,0.027315613,0.0
DRR042904,0.00023616811,0.0012467237,0.0016732838,0.99293625,0.0007497594,0.0019841094,0.0011737911,0.0
SRR8608241,0.0050000935,0.0036334568,0.009096714,0.0050869165,0.00084149075,0.00088847405,0.97545284,0.0
ERR1297737,0.00023472309,0.0015542209,0.0025868118,0.97235364,0.0014210045,0.02032414,0.0014100671,0.0001154542
SRR7448887,0.00023272925,0.001262699,0.0016899047,0.99297297,0.0007343584,0.0019682338,0.0011391359,0.0
SRR5180702,0.0018980558,0.98295534,0.003079863,0.0033205585,0.0017705733,0.0011426249,0.0058330595,0.0
SRR994692,0.0002323735,0.001264163,0.0016921443,0.9929743,0.0007330533,0.0019682439,0.0011356913,0.0
SRR7303100,0.0076967496,0.003654862,0.0007271297,0.009294907,0.0012554454,0.9723436,0.0050272294,0.0
DRR030545,0.00023252211,0.0012641327,0.0016920542,0.99297386,0.0007331422,0.0019683917,0.0011358989,0.0
ERR441575,0.00023613856,0.0012478252,0.0016736123,0.99293935,0.00074889744,0.001981345,0.0011728999,0.0
SRR769628,0.003401965,0.008348644,0.0066782236,0.17598787,0.5641841,0.034039885,0.20190957,0.005449772
SRR5869322,0.0002323735,0.001264163,0.0016921443,0.9929743,0.0007330533,0.0019682439,0.0011356913,0.0
ERR1111544,0.015144476,0.0012120834,0.007727665,0.045930706,0.009965325,0.00086256186,0.9191572,0.0
ERR1523714,0.0076967487,0.0036548618,0.0007271589,0.009294905,0.0012555039,0.9723435,0.0050272876,0.0
SRR2923036,0.003886488,0.017312082,0.108296946,0.0009197744,0.0035400265,0.00017444705,0.86587024,0.0
SRR3624425,0.0012142956,0.3338362,0.10271329,0.0001257956,0.005829543,0.00019776821,0.24784416,0.30823898
ERR1522074,0.003754139,0.35452384,0.0005028546,0.0031055808,0.0019240379,0.48765972,0.0076797307,0.14085007
SRR3362204,0.00023264046,0.001263207,0.0016907705,0.99297315,0.00073391356,0.0019685053,0.0011379186,0.0
ERR1583057,0.0018980558,0.98295534,0.003079863,0.0033205585,0.0017705733,0.0011426249,0.0058330595,0.0
ERR675207,0.007696836,0.0036549198,0.00072715885,0.009294816,0.0012555037,0.9723434,0.0050273454,0.0
ERR866520,0.00023196508,0.0012443359,0.0017262332,0.9925741,0.0007697862,0.002267951,0.0011856159,0.0
ERR441816,0.0002324627,0.0012641033,0.0016921143,0.9929742,0.00073308294,0.0019682436,0.00113581,0.0
SRR6932507,0.00023714926,0.0012270608,0.0017043932,0.9927176,0.0007743564,0.0021559673,0.001183456,0.0
ERR1522618,0.003754139,0.35452384,0.0005028546,0.0031055808,0.0019240379,0.48765972,0.0076797307,0.14085007
ERR719821,0.00023316947,0.0012309289,0.0017240085,0.99268013,0.0007682189,0.0021968912,0.0011666802,0.0
SRR6148417,0.00023246267,0.0012641032,0.0016921439,0.99297404,0.0007331126,0.0019682732,0.0011358099,0.0
SRR3201951,0.0002323735,0.001264163,0.0016921443,0.9929743,0.0007330533,0.0019682439,0.0011356913,0.0
SRR1151487,0.007879335,0.007841948,0.9407302,0.006737949,0.009433328,6.168039e-05,0.027315583,0.0
SRR5156009,0.00023913228,0.0012338512,0.0016570023,0.9929055,0.00076340896,0.0019967842,0.0012043463,0.0
ERR539161,0.007879335,0.007841948,0.9407302,0.006737949,0.009433328,6.168039e-05,0.027315583,0.0
SRR5915011,0.0018980558,0.98295534,0.003079863,0.0033204993,0.0017705733,0.0011426249,0.0058330595,0.0
ERR719220,0.00023261082,0.0012632969,0.001691277,0.9929723,0.0007338544,0.0019691903,0.0011374431,0.0
SRR062152,0.0018980558,0.98295534,0.003079863,0.0033205585,0.0017705733,0.0011426249,0.0058330595,0.0
SRR5451636,0.0018980558,0.98295534,0.003079863,0.0033205585,0.0017705733,0.0011426249,0.0058330595,0.0
SRR4414212,0.007879335,0.007841948,0.9407302,0.006737949,0.009433328,6.168039e-05,0.027315583,0.0
SRR1119121,0.007879335,0.007841948,0.9407302,0.006737949,0.009433328,6.168039e-05,0.027315583,0.0
SRR5150127,0.0018980558,0.98295534,0.003079863,0.0033205585,0.0017705733,0.0011426249,0.0058330595,0.0
ERR1582671,0.0018980558,0.98295534,0.003079863,0.0033205585,0.0017705733,0.0011426249,0.0058330595,0.0
SRR6028641,0.00026626096,0.0011405876,0.0015281168,0.99261713,0.00088461314,0.0020692903,0.0014940463,0.0
ERR2738612,0.00023675972,0.0012458141,0.0016632965,0.992955,0.000749868,0.0019685857,0.0011806755,0.0
ERR1201246,0.007698474,0.003655124,0.0007272758,0.009293672,0.0012555327,0.9723418,0.005028135,0.0
ERR531891,0.0002461973,0.0012086211,0.0016575638,0.99277323,0.000796944,0.0020620138,0.0012554337,0.0
SRR6054685,0.00023424102,0.0012564241,0.0016805566,0.99296474,0.00074011233,0.0019699149,0.0011540125,0.0
ERR1688994,0.0050000935,0.0036334568,0.009096714,0.0050869165,0.00084149075,0.00088847405,0.97545284,0.0
SRR7269976,0.007696748,0.0036548614,0.00072715885,0.009295021,0.0012554452,0.97234356,0.0050272867,0.0
SRR835402,0.007879335,0.007841948,0.9407302,0.006737949,0.009433328,6.168039e-05,0.027315583,0.0
SRR5983401,0.0002334117,0.0012588825,0.0016887621,0.9929577,0.00073810096,0.0019778572,0.0011451957,0.0
SRR7454008,0.00023255164,0.001263715,0.0016915767,0.99297374,0.0007334687,0.0019683007,0.0011366118,0.0
ERR2888341,0.0050175777,0.003572462,0.009144693,0.0051574265,0.00085355877,0.00089440483,0.9753599,0.0
ERR1474586,0.00027239532,0.0011588545,0.0016189712,0.99238545,0.0009048626,0.002178003,0.0014814951,0.0
ERR1512206,0.007696748,0.0036548614,0.00072715885,0.009295021,0.0012554452,0.97234356,0.0050272867,0.0
ERR1512198,0.007696748,0.0036548614,0.00072715885,0.009295021,0.0012554452,0.97234356,0.0050272867,0.0
ERR522121,0.0002324627,0.0012640735,0.0016920846,0.9929742,0.0007331424,0.0019682436,0.0011357209,0.0
SRR1031045,0.007879335,0.007841948,0.9407302,0.006737949,0.009433328,6.168039e-05,0.027315583,0.0
ERR1311619,0.00053712726,0.0029281974,0.0020993054,0.9478706,0.007950038,0.030838609,0.00089612603,0.006880045
ERR1678215,0.0050000944,0.0036334572,0.009096716,0.005086917,0.00084149087,0.0008883852,0.97545296,0.0
SRR7448909,0.00023246267,0.0012641032,0.0016920547,0.99297416,0.0007331126,0.0019682434,0.0011358694,0.0
SRR5467559,0.00023243295,0.0012640439,0.0016921143,0.99297416,0.0007331424,0.0019682734,0.00113581,0.0
ERR2528804,0.007735448,0.0036362926,0.0007377624,0.00926525,0.0012733557,0.9723049,0.0050469665,0.0
SRR8609759,0.0050000935,0.0036334568,0.009096714,0.0050869165,0.00084149075,0.00088847405,0.97545284,0.0
ERR720218,0.00023866164,0.0012318557,0.0016801791,0.9928302,0.0007676493,0.002058992,0.0011924456,0.0
ERR1263276,0.007705822,0.0036503668,0.00072661735,0.009315779,0.0012581443,0.9723074,0.005035916,0.0
SRR3884115,0.0018980558,0.98295534,0.003079863,0.0033205585,0.0017705733,0.0011426249,0.0058330595,0.0
SRR2037055,0.007879335,0.007841948,0.9407302,0.006737949,0.009433328,6.168039e-05,0.027315583,0.0
ERR1189723,0.0018980558,0.98295534,0.003079863,0.0033205585,0.0017705733,0.0011426249,0.0058330595,0.0
SRR7448663,0.0002324626,0.001264073,0.0016919648,0.9929739,0.00073323137,0.0019683617,0.001135988,0.0
SRR6038480,0.00025968658,0.0011683368,0.001607333,0.99257475,0.00086728716,0.0021411877,0.001381397,0.0
SRR6054537,0.00025225247,0.001184067,0.0015753958,0.9928218,0.0008167948,0.0020003563,0.001349341,0.0
SRR618685,0.007879335,0.007841948,0.9407302,0.006737949,0.009433328,6.168039e-05,0.027315583,0.0
SRR7449120,0.0002324627,0.0012641033,0.0016921143,0.99297416,0.0007330532,0.0019682436,0.0011357804,0.0
SRR3632981,0.0018980558,0.98295534,0.003079863,0.0033205585,0.0017705733,0.0011426249,0.0058330595,0.0
ERR1689367,0.0050000935,0.0036334568,0.009096714,0.0050869165,0.00084149075,0.00088847405,0.97545284,0.0
ERR2168917,0.0018980558,0.98295534,0.003079863,0.0033205585,0.0017705733,0.0011426249,0.0058330595,0.0
DRR067935,0.00023616954,0.0012461661,0.0016763278,0.9929237,0.00075113215,0.0019943833,0.001172192,0.0
SRR5870130,0.0002323735,0.001264163,0.0016921443,0.9929743,0.0007330533,0.0019682439,0.0011356913,0.0
ERR1905602,0.0050000935,0.0036334568,0.009096714,0.0050869165,0.00084149075,0.00088847405,0.97545284,0.0
SRR5822385,0.007696748,0.0036548614,0.00072715885,0.009295021,0.0012554452,0.97234356,0.0050272867,0.0
SRR995968,0.0002323735,0.001264163,0.0016921443,0.9929743,0.0007330533,0.0019682439,0.0011356913,0.0
ERR498985,0.00023453867,0.0012533021,0.0016832352,0.9929406,0.00074421783,0.0019873176,0.0011568096,0.0
ERR1383570,0.00043922663,0.0016235113,0.0031732917,0.8194174,0.0023295283,0.16779149,0.00086924434,0.004356265
SRR6477250,0.007879335,0.007841948,0.9407302,0.006737949,0.009433328,6.168039e-05,0.027315583,0.0
ERR2599189,0.0050001238,0.0036334274,0.0090967445,0.005086917,0.0008414019,0.0008884149,0.97545296,0.0
ERR2538512,0.0002323735,0.001264163,0.0016921443,0.9929743,0.0007330533,0.0019682439,0.0011356913,0.0
SRR788707,0.007879335,0.007841948,0.9407302,0.006737949,0.009433328,6.168039e-05,0.027315583,0.0
SRR6264867,0.0002348947,0.0012507094,0.001684924,0.9929247,0.00074647553,0.0019992373,0.0011591549,0.0
SRR6781793,0.0018980558,0.98295534,0.003079863,0.0033205585,0.0017705733,0.0011426249,0.0058330595,0.0
SRR1528244,0.0018980558,0.98295534,0.003079863,0.0033205585,0.0017705733,0.0011426249,0.0058330595,0.0
SRR3633261,0.0018980558,0.98295534,0.003079863,0.0033205585,0.0017705733,0.0011426249,0.0058330595,0.0
SRR6411977,0.00023249231,0.0012639835,0.0016918159,0.9929739,0.00073323125,0.0019683319,0.0011362259,0.0
SRR2034031,0.0018980558,0.98295534,0.003079863,0.0033205585,0.0017705733,0.0011426249,0.0058330595,0.0
ERR1103248,0.0018980558,0.98295534,0.003079863,0.0033205585,0.0017705733,0.0011426249,0.0058330595,0.0
SRR5451624,0.0018980558,0.98295534,0.003079863,0.0033205585,0.0017705733,0.0011426249,0.0058330595,0.0
ERR1589296,0.007879335,0.007841948,0.9407302,0.006737949,0.009433328,6.168039e-05,0.027315583,0.0
ERR451427,0.00023237352,0.0012641632,0.0016920255,0.99297434,0.0007330831,0.0019683037,0.0011357211,0.0
SRR1714180,0.0017809235,0.00022037057,0.00374839,0.38117185,0.008695786,0.6037162,0.0006665079,0.0
ERR1691346,0.0050000935,0.0036334568,0.009096714,0.0050869165,0.00084149075,0.00088847405,0.97545284,0.0
ERR1313606,0.0002335,0.0012588773,0.0016857212,0.9929636,0.00073803845,0.0019730602,0.001147184,0.0
ERR2511291,0.00025110782,0.0011893424,0.001608351,0.9927512,0.0008206801,0.002056949,0.0013223308,0.0
ERR1690340,0.0050000935,0.0036334568,0.009096714,0.0050869165,0.00084149075,0.00088847405,0.97545284,0.0
ERR1897606,0.0018980558,0.98295534,0.003079863,0.0033205585,0.0017705733,0.0011426249,0.0058330595,0.0
ERR1310037,0.00023317388,0.0012603109,0.0016880492,0.99296546,0.00073649513,0.0019729503,0.0011436199,0.0
SRR1359862,0.0018980558,0.98295534,0.003079863,0.0033205585,0.0017705733,0.0011426249,0.0058330595,0.0
ERR1263809,0.00770018,0.0036543088,0.0007270367,0.00930222,0.0012565202,0.9723255,0.0050342227,0.0
ERR2249210,0.0002525677,0.0012217651,0.0016981699,0.9926182,0.00081162504,0.0021157453,0.0012819625,0.0
SRR3747550,0.0018980558,0.98295534,0.003079863,0.0033205585,0.0017705733,0.0011426249,0.0058330595,0.0
SRR5150273,0.014520787,0.8006903,0.0014786534,0.00037579666,0.008222257,0.016930623,0.15778154,0.0
ERR1713373,0.8052457,0.020013815,0.045804106,0.006753013,0.0007148083,0.04849672,0.07297181,0.0
SRR5915622,0.0018980558,0.98295534,0.003079863,0.0033205585,0.0017705733,0.0011426249,0.0058330595,0.0
ERR500031,0.00023246267,0.0012640437,0.0016920547,0.99297416,0.00073314237,0.0019682434,0.0011358992,0.0
SRR3747558,0.0018980558,0.98295534,0.003079863,0.0033205585,0.0017705733,0.0011426249,0.0058330595,0.0
ERR2013498,0.0025429153,0.037591342,0.078646705,0.035610422,0.8053833,0.0066043963,0.03362083,0.0
SRR6408636,0.00023264048,0.001262999,0.0016912466,0.9929712,0.00073409214,0.0019699929,0.0011378889,0.0
ERR1523279,0.003496677,0.3350009,0.00048276785,0.00346002,0.0019454659,0.5074674,0.0072091524,0.1409377
ERR2739263,0.0002331442,0.0012610251,0.0016871275,0.9929714,0.0007358707,0.001968132,0.0011432335,0.0
SRR921141,0.0002323735,0.001264163,0.0016921443,0.9929743,0.0007330533,0.0019682439,0.0011356913,0.0
SRR3094812,0.00023264051,0.0012633561,0.0016909791,0.9929734,0.0007337353,0.0019682976,0.0011375321,0.0
SRR3624302,0.0018980558,0.98295534,0.003079863,0.0033205585,0.0017705733,0.0011426249,0.0058330595,0.0
SRR1822424,0.00023812609,0.0012380712,0.0016653656,0.9929036,0.0007602427,0.002002359,0.0011922366,0.0
ERR499453,0.0002324627,0.0012641033,0.0016921143,0.9929742,0.0007331424,0.0019682436,0.0011357209,0.0
SRR1818173,0.0018980558,0.98295534,0.003079863,0.0033205585,0.0017705733,0.0011426249,0.0058330595,0.0
ERR1593546,0.007879335,0.007841948,0.9407302,0.006737949,0.009433328,6.168039e-05,0.027315583,0.0
SRR1633139,0.0002323735,0.001264163,0.0016921443,0.9929743,0.0007330533,0.0019682439,0.0011356913,0.0
ERR1135401,0.0076988377,0.0036543529,0.0007277484,0.009291437,0.001256301,0.9723429,0.0050283377,0.0
ERR2528810,0.007697164,0.0036549522,0.0007273059,0.009293857,0.0012555926,0.9723436,0.005027525,0.0
SRR1785825,0.0005051792,0.76189595,0.0141691575,0.0016666056,0.0041403477,0.0009982587,0.021377625,0.19524689
SRR3581187,0.00023993796,0.0012323775,0.0016732006,0.992867,0.00076710543,0.0020182806,0.0012020097,0.0
SRR6745972,0.0018980558,0.98295534,0.003079863,0.0033205585,0.0017705733,0.0011426249,0.0058330595,0.0
ERR500000,0.0002324627,0.0012641033,0.0016921441,0.99297404,0.0007331424,0.0019683626,0.0011357804,0.0
SRR6148025,0.0018980558,0.98295534,0.003079863,0.0033205585,0.0017705733,0.0011426249,0.0058330595,0.0
ERR488009,0.0073395837,0.0038368534,0.00072543824,0.009656122,0.0012774277,0.97200745,0.0051570865,0.0
SRR1923866,0.0002323735,0.001264163,0.0016921443,0.9929743,0.0007330533,0.0019682439,0.0011356913,0.0
SRR3296454,0.0018980558,0.98295534,0.003079863,0.0033205585,0.0017705733,0.0011426249,0.0058330595,0.0
ERR209455,0.00023916019,0.0012329197,0.0016531529,0.9928719,0.0007700952,0.0020223774,0.0012104939,0.0
ERR1762136,0.007680814,0.0036527829,0.00072700676,0.009356954,0.001257222,0.9722777,0.0050475453,0.0
SRR6408594,0.00023243295,0.0012640439,0.0016922333,0.9929736,0.0007331722,0.0019686602,0.0011357804,0.0
ERR1522633,0.007696724,0.003655889,0.0007270422,0.009293505,0.0012557096,0.9723442,0.005026968,0.0
SRR6028466,0.0002419152,0.0012239708,0.0016325855,0.9929154,0.0007716066,0.0019786248,0.0012359268,0.0
ERR1382577,0.00023311464,0.0012606097,0.0016880807,0.9929663,0.0007364662,0.0019721196,0.0011432939,0.0
ERR2570290,0.79760814,0.03170742,0.044087507,0.005452577,0.0007493348,0.04403186,0.07636315,0.0
ERR500160,0.00023237347,0.0012641033,0.0016921441,0.9929742,0.0007330532,0.0019682436,0.00113581,0.0
SRR3183749,0.0018980558,0.98295534,0.003079863,0.0033205585,0.0017705733,0.0011426249,0.0058330595,0.0
ERR1690057,0.0050000935,0.0036334568,0.009096714,0.0050869165,0.00084149075,0.00088847405,0.97545284,0.0
SRR1618193,0.00023267031,0.0012633861,0.0016910093,0.99297315,0.00073379494,0.0019685659,0.0011375026,0.0
SRR8605648,0.0050000935,0.0036334568,0.009096714,0.0050869165,0.00084149075,0.00088847405,0.97545284,0.0
ERR451098,0.0002323735,0.001264163,0.0016921443,0.9929743,0.0007330533,0.0019682439,0.0011356913,0.0
SRR5869929,0.0002323735,0.001264163,0.0016921443,0.9929743,0.0007330533,0.0019682439,0.0011356913,0.0
ERR1297667,0.00023284799,0.0012624299,0.0016894568,0.9929725,0.000734655,0.0019683805,0.0011397593,0.0
SRR6931240,0.00023284805,0.0012625194,0.0016895464,0.9929727,0.0007345362,0.0019682322,0.0011396704,0.0
ERR883477,0.00024007919,0.0012304654,0.0016476595,0.9929127,0.00076568365,0.0019877022,0.0012156834,0.0
ERR1522518,0.14043957,0.001290391,0.06741317,0.00031691464,0.004516175,0.70009613,0.08592763,0.0
SRR970277,0.007879246,0.007846444,0.9407281,0.0067362306,0.009437312,6.168395e-05,0.027310917,0.0
SRR6931582,0.00023210619,0.0012624697,0.0016968173,0.9929539,0.0007345419,0.0019852621,0.0011350091,0.0
SRR2658206,0.00024734373,0.0012027858,0.0016298158,0.9928021,0.000800053,0.0020350467,0.0012828447,0.0
SRR7448583,0.0002324329,0.001264103,0.0016920544,0.99297404,0.00073314225,0.0019683326,0.0011358396,0.0
SRR6746518,0.0018990767,0.9829509,0.0030804053,0.00332163,0.0017708874,0.0011427363,0.005834323,0.0
SRR3741934,0.0018980558,0.98295534,0.003079863,0.0033205585,0.0017705733,0.0011426249,0.0058330595,0.0
SRR5180126,0.0018980558,0.98295534,0.003079863,0.0033205585,0.0017705733,0.0011426249,0.0058330595,0.0
SRR1624820,0.0002323735,0.001264163,0.0016921443,0.9929743,0.0007330533,0.0019682439,0.0011356913,0.0
DRR030460,0.00023258141,0.0012637746,0.0016916364,0.9929736,0.00073343905,0.001968509,0.0011365226,0.0
SRR7453644,0.00023252217,0.0012641032,0.0016921439,0.99297404,0.00073305314,0.001968303,0.0011357802,0.0
SRR2240289,0.0018980558,0.98295534,0.003079863,0.0033205585,0.0017705733,0.0011426249,0.0058330595,0.0
ERR756353,0.007696748,0.0036548907,0.00072715885,0.009295021,0.0012555037,0.9723434,0.0050272867,0.0
ERR139189,0.00024757726,0.0013290317,0.0017049502,0.9925165,0.00087125174,0.002218673,0.0011119253,0.0
DRR047410,0.0002332333,0.001260608,0.001687186,0.9929694,0.00073628663,0.0019695289,0.001143798,0.0
ERR1512242,0.007696748,0.0036548614,0.00072715885,0.009295021,0.0012554452,0.97234356,0.0050272867,0.0
DRR018735,0.00023744795,0.0012431291,0.001684533,0.9928958,0.0007554432,0.0020071387,0.0011764723,0.0
ERR2854515,0.0076967487,0.0036549496,0.0007271589,0.009294876,0.0012555039,0.9723435,0.005027346,0.0
SRR2923066,0.0050000935,0.0036334568,0.009096714,0.0050869165,0.00084149075,0.00088847405,0.97545284,0.0
SRR5178560,0.0018980558,0.98295534,0.003079863,0.0033205585,0.0017705733,0.0011426249,0.0058330595,0.0
ERR1578860,0.0018980558,0.98295534,0.003079863,0.0033205585,0.0017705733,0.0011426249,0.0058330595,0.0
ERR1385006,0.00023632667,0.0012479357,0.0016889995,0.99288267,0.0007560074,0.0020268469,0.0011612577,0.0
SRR5155762,0.00023616782,0.0012471089,0.001670456,0.9929403,0.00074966927,0.0019819061,0.0011744441,0.0
ERR2002094,0.00023237347,0.0012641628,0.0016921441,0.9929742,0.0007330532,0.0019682436,0.00113581,0.0
SRR8605495,0.0050000935,0.0036334568,0.009096714,0.0050869165,0.00084149075,0.00088847405,0.97545284,0.0
ERR1462816,0.0076967496,0.003655155,0.0007271297,0.009294526,0.0012555333,0.9723436,0.005027259,0.0
ERR1582804,0.0018980558,0.98295534,0.003079863,0.0033205585,0.0017705733,0.0011426249,0.0058330595,0.0
SRR5431292,0.0002323735,0.001264163,0.0016921443,0.9929743,0.0007330533,0.0019682439,0.0011356913,0.0
SRR5177279,0.0018980558,0.98295534,0.003079863,0.0033205585,0.0017705733,0.0011426249,0.0058330595,0.0
ERR1314334,0.0018980558,0.98295534,0.003079863,0.0033205585,0.0017705733,0.0011426249,0.0058330595,0.0
SRR5525224,0.0002326404,0.0012632662,0.0016906809,0.9929734,0.00073388364,0.001968237,0.001137948,0.0
ERR2495336,0.0050000935,0.0036334568,0.009096714,0.0050869165,0.00084149075,0.00088847405,0.97545284,0.0
ERR1971234,0.00025427176,0.0011934623,0.0017112261,0.99255514,0.0008374996,0.0021877366,0.0012607406,0.0
ERR500890,0.0002325222,0.0012641033,0.0016920846,0.9929742,0.00073308294,0.0019682436,0.0011357209,0.0
SRR997115,0.0002323735,0.001264163,0.0016921443,0.9929743,0.0007330533,0.0019682439,0.0011356913,0.0
SRR1623062,0.00023243285,0.0012639243,0.0016917565,0.99297416,0.00073323137,0.0019682725,0.001136226,0.0
SRR2074955,0.0018980558,0.98295534,0.003079863,0.0033205585,0.0017705733,0.0011426249,0.0058330595,0.0
SRR5874759,0.0018980558,0.98295534,0.003079863,0.0033205585,0.0017705733,0.0011426249,0.0058330595,0.0
SRR5983391,0.00023287784,0.0012617761,0.0016904986,0.9929667,0.00073533953,0.0019727242,0.0011400573,0.0
ERR418243,0.0076967487,0.0036548325,0.0007271589,0.009294935,0.0012554453,0.9723435,0.005027375,0.0
SRR6745908,0.0018980558,0.98295534,0.003079863,0.0033205585,0.0017705733,0.0011426249,0.0058330595,0.0
SRR516075,0.007879335,0.007841948,0.9407302,0.006737949,0.009433328,6.168039e-05,0.027315583,0.0
ERR501306,0.0002324627,0.0012641033,0.0016921143,0.9929742,0.0007331127,0.0019682436,0.0011357804,0.0
ERR1521962,0.007696836,0.0036548907,0.0007271295,0.009294845,0.0012555623,0.97234344,0.005027316,0.0
ERR1582740,0.0018980558,0.98295534,0.003079863,0.0033205585,0.0017705733,0.0011426249,0.0058330595,0.0
SRR1949088,0.00023246265,0.0012640733,0.0016920246,0.99297416,0.00073314225,0.0019682432,0.0011359288,0.0
SRR6038415,0.00023299619,0.0012618619,0.0016885308,0.99297196,0.00073515903,0.0019683165,0.0011411548,0.0
ERR418263,0.0076967487,0.0036548618,0.0007271589,0.009295022,0.0012554453,0.9723435,0.005027229,0.0
ERR1614700,0.0077049797,0.003663561,0.00072777405,0.009287877,0.0012568806,0.9723053,0.0050536483,0.0
ERR543230,0.007879335,0.007841948,0.9407302,0.006737949,0.009433328,6.168039e-05,0.027315583,0.0
SRR3361482,0.00023459645,0.0012541852,0.0016784339,0.9929587,0.00074227893,0.0019731147,0.001158675,0.0
SRR2897310,0.0076967496,0.00365495,0.00072715903,0.009294877,0.0012554454,0.9723436,0.005027288,0.0
SRR6480250,0.0018980558,0.98295534,0.003079863,0.0033205585,0.0017705733,0.0011426249,0.0058330595,0.0
ERR1256849,0.00026170159,0.0011907585,0.0017512206,0.99242914,0.0008550882,0.0022240917,0.0012880453,0.0
SRR934704,0.0002324627,0.0012641033,0.0016921143,0.9929742,0.00073308294,0.0019682436,0.00113581,0.0
ERR1897043,0.0018980558,0.98295534,0.003079863,0.0033205585,0.0017705733,0.0011426249,0.0058330595,0.0
ERR522148,0.0002380943,0.0012389232,0.0016587782,0.9929216,0.0007588382,0.00198866,0.0011951114,0.0
ERR2495304,0.0050000935,0.0036334568,0.009096714,0.0050869165,0.00084149075,0.00088847405,0.97545284,0.0
SRR5310893,0.0018980558,0.98295534,0.003079863,0.0033205585,0.0017705733,0.0011426249,0.0058330595,0.0
SRR3944301,0.0018980558,0.98295534,0.003079863,0.0033205585,0.0017705733,0.0011426249,0.0058330595,0.0
ERR719912,0.00023996444,0.0012298623,0.001659645,0.99287945,0.0007686417,0.0020126617,0.0012097562,0.0
ERR1466905,0.00023246265,0.0012640138,0.0016919652,0.99297416,0.00073320174,0.0019682432,0.0011359288,0.0
ERR1309948,0.00029080472,0.0011553077,0.0018848772,0.9899581,0.0011720221,0.004194214,0.0013446669,0.0
ERR1512189,0.0076734694,0.0038676232,0.00070760597,0.009052007,0.0013130123,0.9724094,0.0049768803,0.0
SRR5514558,0.0018980558,0.98295534,0.003079863,0.0033205585,0.0017705733,0.0011426249,0.0058330595,0.0
SRR7902221,0.0050000935,0.0036334568,0.009096714,0.0050869165,0.00084149075,0.00088847405,0.97545284,0.0
SRR5431519,0.0002323735,0.001264163,0.0016921443,0.9929743,0.0007330533,0.0019682439,0.0011356913,0.0
SRR3233411,0.0018980558,0.98295534,0.003079863,0.0033205585,0.0017705733,0.0011426249,0.0058330595,0.0
SRR6444660,0.00029649716,0.0011506517,0.0018612574,0.99172497,0.0010293818,0.002571893,0.0013654099,0.0
SRR6511694,0.0018980558,0.98295534,0.003079863,0.0033205585,0.0017705733,0.0011426249,0.0058330595,0.0
ERR1522187,0.007696777,0.0036549198,0.0007271295,0.009294845,0.0012555623,0.97234344,0.005027316,0.0
SRR3416851,0.0018980558,0.98295534,0.003079863,0.0033205585,0.0017705733,0.0011426249,0.0058330595,0.0
SRR5178143,0.0002323735,0.001264163,0.0016921443,0.9929743,0.0007330533,0.0019682439,0.0011356913,0.0
DRR050916,0.00023412835,0.0012563093,0.0016992822,0.9929291,0.0007414114,0.0019979884,0.0011417588,0.0
SRR1823075,0.0002559518,0.0011625333,0.0016672701,0.9921784,0.0008998013,0.0025015892,0.0013344168,0.0
ERR1462807,0.007659039,0.00383923,0.0007116336,0.009086114,0.0013006192,0.9724328,0.0049706553,0.0
SRR1185524,0.008375076,0.0118703805,0.9258878,0.004232859,0.006042654,7.356863e-05,0.043517664,0.0
ERR1220579,0.0018980558,0.98295534,0.003079863,0.0033205585,0.0017705733,0.0011426249,0.0058330595,0.0
SRR3063017,0.007879335,0.007841948,0.9407302,0.006737949,0.009433328,6.168039e-05,0.027315583,0.0
SRR575247,0.007879335,0.007841948,0.9407302,0.006737949,0.009433328,6.168039e-05,0.027315583,0.0
SRR8605822,0.0050000935,0.0036334568,0.009096714,0.0050869165,0.00084149075,0.00088847405,0.97545284,0.0
ERR1689883,0.0050000935,0.0036334568,0.009096714,0.0050869165,0.00084149075,0.00088847405,0.97545284,0.0
ERR1310244,0.00025599662,0.0011737366,0.0015944407,0.9926901,0.00084161607,0.002075449,0.0013686557,0.0
ERR2233260,0.0018980558,0.98295534,0.003079863,0.0033205585,0.0017705733,0.0011426249,0.0058330595,0.0
ERR2249204,0.00024194563,0.0012233794,0.0016352372,0.99290335,0.00077306613,0.0019876421,0.0012354247,0.0
ERR1582098,0.0018980558,0.98295534,0.003079863,0.0033205585,0.0017705733,0.0011426249,0.0058330595,0.0
SRR8610047,0.0050000665,0.0036334882,0.009097044,0.0050867707,0.00084146153,0.0008884152,0.97545284,0.0
SRR8610163,0.0050000935,0.0036334568,0.009096714,0.0050869165,0.00084149075,0.00088847405,0.97545284,0.0
ERR1677085,0.0050000935,0.0036334568,0.009096714,0.0050869165,0.00084149075,0.00088847405,0.97545284,0.0
ERR1897516,0.0018980558,0.98295534,0.003079863,0.0033205585,0.0017705733,0.0011426249,0.0058330595,0.0
ERR1383051,0.00023258108,0.0012633564,0.0016909201,0.9929735,0.0007338544,0.0019683575,0.0011375324,0.0
ERR1385175,0.0002399307,0.0012312101,0.0016468876,0.9929172,0.00076494087,0.0019851164,0.0012147031,0.0
ERR2531962,0.00024661009,0.0012065218,0.0016510267,0.99277467,0.00079901435,0.0020585044,0.0012635941,0.0
ERR1725488,0.0050000935,0.0036334568,0.009096714,0.0050869165,0.00084149075,0.00088847405,0.97545284,0.0
SRR3681434,0.0018980558,0.98295534,0.003079863,0.0033205585,0.0017705733,0.0011426249,0.0058330595,0.0
SRR2154917,0.0002323735,0.001264163,0.0016921443,0.9929743,0.0007330533,0.0019682439,0.0011356913,0.0
ERR1428434,0.0050000935,0.0036334568,0.009096714,0.0050869165,0.00084149075,0.00088847405,0.97545284,0.0
ERR695379,0.0076986537,0.0036553014,0.00072727614,0.009291772,0.0012556798,0.9723419,0.005029514,0.0
ERR1256118,0.0007300078,0.0023046432,0.00338453,0.500361,0.0024419127,0.4086128,0.0005435049,0.08162152
SRR1618139,0.00023323207,0.001247097,0.0017043104,0.9928497,0.00074984663,0.0020648518,0.0011509011,0.0
ERR1298504,0.0076968065,0.0036548907,0.0007272174,0.0092947865,0.0012554744,0.9723433,0.005027404,0.0
SRR5699362,0.0002325222,0.0012641033,0.0016920846,0.9929742,0.00073308294,0.0019682436,0.0011357804,0.0
SRR5874761,0.0018980558,0.98295534,0.003079863,0.0033205585,0.0017705733,0.0011426249,0.0058330595,0.0
SRR2981435,0.0006553067,0.00055138295,0.0007245305,0.9817935,0.0028947752,0.002722479,0.010658025,0.0
SRR2103021,0.0018981136,0.98295486,0.0030799496,0.003320586,0.0017706313,0.0011426832,0.005833115,0.0
SRR1129619,0.007879335,0.007841948,0.9407302,0.006737949,0.009433328,6.168039e-05,0.027315583,0.0
ERR1189696,0.0018980558,0.98295534,0.003079863,0.0033205585,0.0017705733,0.0011426249,0.0058330595,0.0
SRR3633370,0.0018980558,0.98295534,0.003079863,0.0033205585,0.0017705733,0.0011426249,0.0058330595,0.0
ERR1428302,0.0050000935,0.0036334568,0.009096714,0.0050869165,0.00084149075,0.00088847405,0.97545284,0.0
ERR2511494,0.00023246267,0.0012641627,0.0016920547,0.9929741,0.00073314237,0.0019682434,0.0011357802,0.0
ERR1226622,0.0050000935,0.0036334568,0.009096714,0.0050869165,0.00084149075,0.00088847405,0.97545284,0.0
SRR5460249,0.0018980558,0.98295534,0.003079863,0.0033205585,0.0017705733,0.0011426249,0.0058330595,0.0
ERR2261960,0.007879335,0.007841948,0.9407302,0.006737949,0.009433328,6.168039e-05,0.027315583,0.0
SRR6414131,0.00023243293,0.0012641032,0.0016921142,0.99297416,0.00073314237,0.0019682434,0.0011357802,0.0
SRR7902072,0.0012142956,0.3338362,0.10271329,0.0001257956,0.005829543,0.00019776821,0.24784416,0.30823898
ERR1297649,0.0002395453,0.0012339825,0.0016476399,0.9929316,0.0007615542,0.0019760258,0.0012096235,0.0
SRR6746060,0.0018980558,0.98295534,0.003079863,0.0033205585,0.0017705733,0.0011426249,0.0058330595,0.0
SRR1770728,0.007879335,0.007841948,0.9407302,0.006737949,0.009433328,6.168039e-05,0.027315583,0.0
SRR2658143,0.00023249234,0.001263954,0.0016919053,0.99297386,0.0007332611,0.0019684213,0.0011360772,0.0
SRR3037074,0.0001380979,0.0010014742,0.004013654,0.9611085,0.0012300703,0.03156057,0.000947616,0.0
SRR6408842,0.00023252211,0.0012639541,0.0016919055,0.9929741,0.00073317194,0.0019682727,0.001136018,0.0
SRR6746209,0.0018980844,0.982955,0.003079891,0.0033206157,0.0017706904,0.0011426244,0.005833086,0.0
SRR7081150,0.0018980558,0.98295534,0.003079863,0.0033205585,0.0017705733,0.0011426249,0.0058330595,0.0
SRR7584645,0.007696748,0.0036548614,0.00072715885,0.009295021,0.0012554452,0.97234356,0.0050272867,0.0
SRR1237906,0.0018980558,0.98295534,0.003079863,0.0033205585,0.0017705733,0.0011426249,0.0058330595,0.0
ERR2003150,0.0002323735,0.001264163,0.0016921443,0.9929743,0.0007330533,0.0019682439,0.0011356913,0.0
ERR500209,0.00023287756,0.0012621911,0.0016893663,0.992971,0.0007349222,0.0019693607,0.001140294,0.0
SRR3732513,0.00023358871,0.0012588447,0.0016840815,0.99296886,0.0007377988,0.0019686832,0.001148163,0.0
SRR3624181,0.0018980558,0.98295534,0.003079863,0.0033205585,0.0017705733,0.0011426249,0.0058330595,0.0
ERR2095560,0.00023364811,0.0012586955,0.0016840808,0.99296796,0.00073791755,0.0019693368,0.0011483708,0.0
SRR5983376,0.00023305524,0.0012611456,0.0016880814,0.99296933,0.00073593104,0.0019698893,0.0011426102,0.0
ERR2709763,0.0050000935,0.0036334568,0.009096714,0.0050869165,0.00084149075,0.00088847405,0.97545284,0.0
SRR5699526,0.0002323735,0.0012641035,0.0016920848,0.99297434,0.00073308306,0.0019682439,0.0011357805,0.0
SRR6291617,0.0050000935,0.0036334568,0.009096714,0.0050869165,0.00084149075,0.00088847405,0.97545284,0.0
ERR309550,0.0076980907,0.0036555622,0.00072718767,0.009292936,0.0012556787,0.9723419,0.0050285435,0.0
SRR4414474,0.007879335,0.007841948,0.9407302,0.006737949,0.009433328,6.168039e-05,0.027315583,0.0
ERR1691714,0.0050000935,0.0036334568,0.009096714,0.0050869165,0.00084149075,0.00088847405,0.97545284,0.0
SRR7441367,0.00023275895,0.0012626094,0.0016897258,0.99297285,0.00073444744,0.0019682632,0.0011393736,0.0
SRR1785791,0.007879335,0.007841948,0.9407302,0.006737949,0.009433328,6.168039e-05,0.027315583,0.0
ERR2784666,0.00023504172,0.0012516225,0.0016783383,0.9929464,0.0007449829,0.0019811678,0.0011624779,0.0
SRR6679588,0.007879335,0.007841948,0.9407302,0.006737949,0.009433328,6.168039e-05,0.027315583,0.0
SRR5176047,0.0018980558,0.98295534,0.003079863,0.0033205585,0.0017705733,0.0011426249,0.0058330595,0.0
SRR1922968,0.00023246273,0.0012640738,0.0016920848,0.99297434,0.0007330533,0.0019682439,0.001135721,0.0
ERR1523015,0.007967674,0.004186543,0.00067201693,0.008738358,0.0014561393,0.9715071,0.005472226,0.0
ERR1523997,0.0018980558,0.98295534,0.003079863,0.0033205585,0.0017705733,0.0011426249,0.0058330595,0.0
ERR1548735,0.0025429153,0.037591342,0.078646705,0.035610422,0.8053833,0.0066043963,0.03362083,0.0
SRR1426065,0.007696748,0.0036548614,0.00072715885,0.009295021,0.0012554452,0.97234356,0.0050272867,0.0
ERR1311523,0.00023246263,0.0012640137,0.0016920245,0.99297386,0.00073317194,0.0019684513,0.001136018,0.0
ERR321953,0.007788121,0.0036239524,0.0007337697,0.009442625,0.0012663128,0.9720995,0.005045629,0.0
ERR1383172,0.00024813024,0.0012131076,0.0016986898,0.99259835,0.0008223516,0.0022017916,0.0012175099,0.0
SRR1708838,0.00023246265,0.0012639245,0.0016920841,0.9929733,0.00073323154,0.0019689573,0.0011360478,0.0
SRR2761068,0.00023341173,0.0012586743,0.001688792,0.9929566,0.000738339,0.0019788092,0.0011453446,0.0
SRR5869114,0.0002323735,0.001264163,0.0016921443,0.9929743,0.0007330533,0.0019682439,0.0011356913,0.0
DRR050848,0.00023246265,0.0012640435,0.0016921139,0.99297404,0.00073314225,0.0019683326,0.0011358693,0.0
ERR1678098,0.0002334713,0.0012592102,0.0016897445,0.99295753,0.00073783356,0.001977501,0.0011446609,0.0
DRR042732,0.00023394536,0.001256999,0.0016862806,0.9929554,0.00073976116,0.0019776342,0.001149976,0.0
ERR1511894,0.0077360314,0.0036676405,0.00072014437,0.009321872,0.0012755545,0.9722009,0.005077911,0.0
SRR2658007,0.00023768573,0.0012399158,0.001676828,0.99288327,0.00076061813,0.0020197784,0.0011818254,0.0
ERR1314680,0.00023768081,0.001242924,0.0016606724,0.9929194,0.00075860956,0.001991272,0.0011895045,0.0
SRR6746194,0.0018979969,0.98295534,0.0030798924,0.0033204993,0.0017706323,0.0011426249,0.0058330004,0.0
ERR1382375,0.00023364881,0.0012583423,0.0016861978,0.9929585,0.0007389608,0.0019768088,0.0011476008,0.0
SRR1784983,0.007879335,0.007841948,0.9407302,0.006737949,0.009433328,6.168039e-05,0.027315583,0.0
ERR531816,0.00023704107,0.0012441309,0.0016951306,0.9928651,0.0007584481,0.0020380951,0.0011620633,0.0
SRR873465,0.042725116,0.0017096949,0.013796296,5.7309222e-05,0.005202752,0.68980414,0.24670465,0.0
SRR5983481,0.00023397434,0.0012569651,0.0016831815,0.992961,0.0007396992,0.0019735524,0.0011515785,0.0
ERR2538284,0.00769759,0.003655356,0.00072715816,0.009294016,0.0012557368,0.97234184,0.0050283074,0.0
ERR1522389,0.0076968633,0.0036548898,0.00072718796,0.009295019,0.0012555034,0.97234315,0.0050273445,0.0
SRR3095078,0.0002387653,0.0012377008,0.0016981873,0.99282914,0.0007668926,0.0020585216,0.0011707739,0.0
SRR632494,0.0018980558,0.98295534,0.003079863,0.0033205585,0.0017705733,0.0011426249,0.0058330595,0.0
ERR792535,0.0018980558,0.98295534,0.003079863,0.0033205585,0.0017705733,0.0011426249,0.0058330595,0.0
ERR209057,0.00023338149,0.0012598912,0.0016863791,0.9929677,0.0007369691,0.0019703573,0.0011453718,0.0
ERR2262103,0.0077114254,0.0036663904,0.0007260672,0.009277493,0.0012602055,0.9723161,0.0050424035,0.0
ERR2739406,0.00024227078,0.0012229529,0.0016297513,0.9929146,0.0007729407,0.0019778705,0.0012395484,0.0
ERR1905681,0.0050000935,0.0036334568,0.009096714,0.0050869165,0.00084149075,0.00088847405,0.97545284,0.0
SRR4415514,0.007879335,0.007841948,0.9407302,0.006737949,0.009433328,6.168039e-05,0.027315583,0.0
SRR3362191,0.00025093873,0.0011861152,0.0016534358,0.9925763,0.0008330226,0.002202301,0.0012979045,0.0
ERR1103010,0.0018980558,0.98295534,0.003079863,0.0033204993,0.0017705733,0.0011426249,0.0058330595,0.0
SRR5942113,0.00024322535,0.0012173759,0.0016461283,0.9928433,0.0007830024,0.0020257775,0.0012412285,0.0
ERR1533398,0.007696748,0.0036548614,0.00072715885,0.009295021,0.0012554452,0.97234356,0.0050272867,0.0
SRR6457282,0.0018980558,0.98295534,0.003079863,0.0033205585,0.0017705733,0.0011426249,0.0058330595,0.0
SRR835406,0.007879335,0.007841948,0.9407302,0.006737949,0.009433328,6.168039e-05,0.027315583,0.0
ERR1256216,0.007695786,0.0036537955,0.00072709797,0.009305155,0.0012559098,0.97233164,0.0050306683,0.0
SRR3030566,0.00023710103,0.0012390172,0.0017041172,0.99279356,0.00076558854,0.0021011892,0.0011593589,0.0
ERR2762968,0.007716054,0.0036394228,0.0007264846,0.009375678,0.001262569,0.97224325,0.005036657,0.0
ERR1226219,0.0050000935,0.0036334568,0.009096714,0.0050869165,0.00084149075,0.00088847405,0.97545284,0.0
SRR6754366,0.0018980558,0.98295534,0.003079863,0.0033205585,0.0017705733,0.0011426249,0.0058330595,0.0
SRR1618062,0.00026307162,0.0011706479,0.001684836,0.9924371,0.0008779859,0.002221388,0.0013449484,0.0
ERR499777,0.00023246267,0.0012641627,0.0016921142,0.9929741,0.0007330829,0.0019682434,0.0011357802,0.0
SRR4826741,0.0018980558,0.98295534,0.003079863,0.0033204993,0.0017705733,0.0011426249,0.0058330595,0.0
ERR765767,0.0050000935,0.0036334568,0.009096714,0.0050869165,0.00084149075,0.00088847405,0.97545284,0.0
ERR1314435,0.00023990213,0.0012305023,0.0016512084,0.9929016,0.0007666994,0.0019964282,0.001213668,0.0
SRR5450578,0.8070946,0.016100803,0.046590123,0.007455549,0.0006985922,0.050688572,0.0713718,0.0
ERR1311108,0.00023269984,0.0012630577,0.0016906507,0.99297255,0.0007340322,0.0019688911,0.0011381262,0.0
SRR1617871,8.896007e-05,0.0044232015,0.0042826836,0.8326738,0.0005879701,0.080878355,0.0011599959,0.07590509
ERR2762990,0.007696748,0.0036548614,0.00072715885,0.009295021,0.0012554452,0.97234356,0.0050272867,0.0
ERR719978,0.00023373718,0.0012575346,0.0016847935,0.9929596,0.00073931506,0.0019753438,0.001149649,0.0
ERR1256449,0.007697006,0.0036546537,0.00072712905,0.009295688,0.0012555321,0.97234225,0.0050276346,0.0
ERR1310123,0.00025192692,0.0011926602,0.0016382536,0.9926636,0.00083265844,0.002118583,0.0013023411,0.0
ERR522119,0.00023252217,0.0012640734,0.0016921439,0.9929741,0.00073314237,0.0019682434,0.0011357208,0.0
ERR1522300,0.0069640884,0.006030968,0.0005958527,0.008287137,0.0017610372,0.97095996,0.0054010632,0.0
ERR1256157,0.000931383,0.0011345343,0.004791334,0.22142765,0.00455749,0.7662645,0.00089311297,0.0
SRR5180365,0.0018980558,0.98295534,0.003079863,0.0033205585,0.0017705733,0.0011426249,0.0058330595,0.0
ERR1385163,0.00024181229,0.0012249146,0.0016807292,0.9928153,0.00077754696,0.0020507348,0.001209002,0.0
SRR6408833,0.00023269987,0.0012630876,0.0016907104,0.9929727,0.0007339431,0.0019687724,0.0011380966,0.0
ERR1522652,0.0042619416,0.30068696,0.0005640896,0.0022615406,0.0025571592,0.6798615,0.009806821,0.0
ERR1263925,0.007696748,0.0036548614,0.00072715885,0.009295021,0.0012554452,0.97234356,0.0050272867,0.0
ERR2042046,0.00022924102,0.0011957659,0.001890569,0.99160486,0.0008401537,0.003086573,0.0011528389,0.0
ERR1533475,0.007699428,0.0036593357,0.000726601,0.00928774,0.0012571416,0.9723405,0.005029123,0.0
ERR1690577,0.0050000935,0.0036334568,0.009096714,0.0050869165,0.00084149075,0.00088847405,0.97545284,0.0
SRR1602608,0.0018980558,0.98295534,0.003079863,0.0033205585,0.0017705733,0.0011426249,0.0058330595,0.0
ERR1960632,0.00023382586,0.0012581563,0.0016826182,0.99296814,0.0007385399,0.001968379,0.0011503899,0.0
ERR1384488,0.00023278866,0.0012626093,0.0016899041,0.9929725,0.0007345068,0.001968471,0.001139195,0.0
SRR4826622,0.0018981143,0.98295516,0.0030798623,0.0033205282,0.0017706319,0.0011427131,0.005833058,0.0
ERR1548656,0.0025429153,0.037591342,0.078646705,0.035610422,0.8053833,0.0066043963,0.03362083,0.0
ERR2001924,0.00023252206,0.0012639539,0.0016918159,0.99297404,0.000733261,0.0019682425,0.0011361961,0.0
ERR1535965,0.0018980558,0.98295534,0.003079863,0.0033205585,0.0017705733,0.0011426249,0.0058330595,0.0
ERR986276,0.00769962,0.0036529568,0.0007280725,0.009291726,0.0012569195,0.9723417,0.005029025,0.0
ERR924263,0.0050000935,0.0036334568,0.009096714,0.0050869165,0.00084149075,0.00088847405,0.97545284,0.0
ERR1314136,0.00023622742,0.0012470797,0.0016702784,0.9929366,0.0007505322,0.0019843758,0.0011749206,0.0
SRR6932088,0.0002325222,0.0012640735,0.0016920846,0.9929742,0.0007331424,0.0019682436,0.0011357209,0.0
SRR2761410,0.00023243285,0.0012638648,0.0016919053,0.99297327,0.0007333801,0.001968927,0.001136226,0.0
ERR2739065,0.00023278863,0.0012626091,0.001689666,0.9929728,0.00073450676,0.0019682627,0.0011393734,0.0
DRR060039,0.0018980558,0.98295534,0.003079863,0.0033205585,0.0017705733,0.0011426249,0.0058330595,0.0
SRR7275921,0.0018980558,0.98295534,0.003079863,0.0033205585,0.0017705733,0.0011426249,0.0058330595,0.0
ERR1690454,0.0050000935,0.0036334568,0.009096714,0.0050869165,0.00084149075,0.00088847405,0.97545284,0.0
ERR924004,0.0050000935,0.0036334568,0.009096714,0.0050869165,0.00084149075,0.00088847405,0.97545284,0.0
ERR2511574,0.00023913005,0.0012355052,0.0016486292,0.9929375,0.0007598922,0.0019730013,0.0012063576,0.0
SRR1805130,0.007879335,0.007841948,0.9407302,0.006737949,0.009433328,6.168039e-05,0.027315583,0.0
SRR5176246,0.0018980558,0.98295534,0.003079863,0.0033205585,0.0017705733,0.0011426249,0.0058330595,0.0
ERR2709775,0.0050000935,0.0036334568,0.009096714,0.0050869165,0.00084149075,0.00088847405,0.97545284,0.0
SRR3362058,0.00023747233,0.0012411677,0.0016653698,0.99292475,0.0007554856,0.0019887416,0.0011870344,0.0
ERR1109594,0.00023326393,0.0012598989,0.0016914163,0.99295783,0.00073721155,0.0019779543,0.001142434,0.0
SRR5196255,0.00023505522,0.0012588929,0.0016989001,0.9929432,0.0007394929,0.001994132,0.00113027,0.0
ERR1314297,0.00023661507,0.0012500082,0.001720799,0.99277294,0.00076285604,0.002136943,0.0011198014,0.0
ERR1529616,0.008921031,0.007966324,0.00043101062,0.011684478,0.0064527546,0.96185845,0.0026859755,0.0
SRR5525235,0.00023314398,0.0012603992,0.0016870962,0.9929687,0.00073646486,0.0019700637,0.0011441545,0.0
SRR7453739,0.0002325222,0.0012641033,0.0016921143,0.9929742,0.0007330532,0.0019682436,0.0011356911,0.0
SRR5181144,0.0018980558,0.98295534,0.003079863,0.0033205585,0.0017705733,0.0011426249,0.0058330595,0.0
SRR6457476,0.0018980558,0.98295534,0.003079863,0.0033205585,0.0017705733,0.0011426249,0.0058330595,0.0
SRR1747448,0.0018980558,0.98295534,0.003079863,0.0033205585,0.0017705733,0.0011426249,0.0058330595,0.0
SRR971503,0.007879335,0.007841948,0.9407302,0.006737949,0.009433328,6.168039e-05,0.027315583,0.0
ERR1523665,0.0076967496,0.00365495,0.0007271297,0.009294818,0.001255504,0.9723436,0.005027288,0.0
SRR1818177,0.0018980558,0.98295534,0.003079863,0.0033205585,0.0017705733,0.0011426249,0.0058330595,0.0
ERR2739200,0.0002323735,0.001264163,0.0016921443,0.9929743,0.0007330533,0.0019682439,0.0011356913,0.0
ERR1522125,0.007696748,0.0036548614,0.00072715885,0.009295021,0.0012554452,0.97234356,0.0050272867,0.0
SRR5915879,0.0018980558,0.98295534,0.003079863,0.0033205585,0.0017705733,0.0011426249,0.0058330595,0.0
SRR595998,0.007879335,0.007841948,0.9407302,0.006737949,0.009433328,6.168039e-05,0.027315583,0.0
SRR6411522,0.0002340668,0.0012565362,0.001694627,0.9929382,0.00074086944,0.0019902072,0.0011454966,0.0
SRR500346,0.0018980558,0.98295534,0.003079863,0.0033205585,0.0017705733,0.0011426249,0.0058330595,0.0
ERR561404,0.00023670941,0.0012455353,0.0016826951,0.99288696,0.00075736304,0.0020212806,0.0011694777,0.0
ERR522531,0.00025246225,0.0011951586,0.0016671907,0.992661,0.00082260644,0.0021079662,0.0012935383,0.0
SRR995105,0.0002323735,0.001264163,0.0016921443,0.9929743,0.0007330533,0.0019682439,0.0011356913,0.0
SRR951976,0.007879335,0.007841948,0.9407302,0.006737949,0.009433328,6.168039e-05,0.027315583,0.0
ERR450948,0.00023246267,0.0012640734,0.0016920844,0.9929741,0.00073314237,0.0019682434,0.0011358099,0.0
SRR5467520,0.00024107005,0.0012374176,0.0017182786,0.992759,0.00077907514,0.0021087085,0.0011564164,0.0
ERR520864,0.00024411497,0.0012481218,0.0017775532,0.9925362,0.0007821734,0.0022558472,0.0011559912,0.0
ERR499493,0.00023554516,0.0012495286,0.001674069,0.99294543,0.0007469985,0.0019799296,0.0011684456,0.0
ERR1226519,0.0050000935,0.0036334568,0.009096714,0.0050869165,0.00084149075,0.00088847405,0.97545284,0.0
ERR1366532,0.007698359,0.003655535,0.0007272467,0.009292678,0.0012555623,0.97234166,0.0050289272,0.0
ERR1897239,0.0018980558,0.98295534,0.003079863,0.0033205585,0.0017705733,0.0011426249,0.0058330595,0.0
SRR1824375,0.0018980558,0.98295534,0.003079863,0.0033205585,0.0017705733,0.0011426249,0.0058330595,0.0
ERR1759832,0.007879335,0.007841948,0.9407302,0.006737949,0.009433328,6.168039e-05,0.027315583,0.0
ERR1382983,0.00023545783,0.0012495684,0.0016811915,0.9929328,0.00074736145,0.001988899,0.0011647667,0.0
ERR1309996,0.00023249217,0.0012637746,0.0016916066,0.99297374,0.0007334093,0.0019684497,0.0011365524,0.0
SRR6444324,0.00024000823,0.0012325817,0.0016868691,0.992821,0.00077296986,0.0020588834,0.0011877567,0.0
ERR719289,0.00023542703,0.0012505443,0.0016752648,0.9929458,0.0007463765,0.0019803531,0.0011662784,0.0
SRR2048141,0.0018980558,0.98295534,0.003079863,0.0033205585,0.0017705733,0.0011426249,0.0058330595,0.0
ERR209295,0.0007008612,0.0022304356,0.0032999516,0.5384873,0.0024861693,0.3797087,0.00061002374,0.072476506
SRR926276,0.007879335,0.007841948,0.9407302,0.006737949,0.009433328,6.168039e-05,0.027315583,0.0
ERR522361,0.000234036,0.0012561141,0.0016914068,0.99294186,0.0007411041,0.0019875213,0.0011479602,0.0
ERR1691652,0.0050000935,0.0036334568,0.009096714,0.0050869165,0.00084149075,0.00088847405,0.97545284,0.0
SRR1718819,0.0002323735,0.001264163,0.0016921443,0.9929743,0.0007330533,0.0019682439,0.0011356913,0.0
DRR043922,0.0002351637,0.0012511327,0.0016890678,0.9929243,0.00074630114,0.001996839,0.0011572576,0.0
ERR442985,0.0002324627,0.0012640735,0.0016920846,0.9929742,0.0007331424,0.0019682436,0.0011357209,0.0
SRR3884204,0.0018980558,0.98295534,0.003079863,0.0033205585,0.0017705733,0.0011426249,0.0058330595,0.0
ERR1547117,0.0018980558,0.98295534,0.003079863,0.0033205585,0.0017705733,0.0011426249,0.0058330595,0.0
SRR1602685,0.0018980558,0.98295534,0.003079863,0.0033205585,0.0017705733,0.0011426249,0.0058330595,0.0
ERR1583303,0.0018980558,0.98295534,0.003079863,0.0033205585,0.0017705733,0.0011426249,0.0058330595,0.0
ERR1896808,0.003754139,0.35452396,0.0005027652,0.0031055212,0.0019240379,0.4876596,0.0076797903,0.14085019
SRR6078462,0.0018980558,0.98295534,0.003079863,0.0033205585,0.0017705733,0.0011426249,0.0058330595,0.0
DRR043915,0.00023644126,0.0012456222,0.0016911692,0.99289674,0.00075257267,0.0020124724,0.0011649543,0.0
SRR6932281,0.0002323735,0.001264163,0.0016921443,0.9929743,0.0007330533,0.0019682439,0.0011356913,0.0
SRR2761354,0.00023492445,0.0012517207,0.001682604,0.99293643,0.00074546423,0.001989243,0.0011596308,0.0
ERR441668,0.0002324627,0.0012641033,0.0016921143,0.99297416,0.0007330532,0.0019682436,0.0011357804,0.0
ERR2022800,0.00023780952,0.001236669,0.001694114,0.99273956,0.0007729181,0.002113902,0.0012050503,0.0
SRR8609921,0.0050000935,0.0036334568,0.009096714,0.0050869165,0.00084149075,0.00088847405,0.97545284,0.0
ERR2854500,0.0077096494,0.0036608723,0.00072812673,0.009279427,0.0012563848,0.9723303,0.0050352337,0.0
SRR1923918,0.0002323735,0.001264163,0.0016921443,0.9929743,0.0007330533,0.0019682439,0.0011356913,0.0
SRR5180601,0.0018980558,0.98295534,0.003079863,0.0033205585,0.0017705733,0.0011426249,0.0058330595,0.0
SRR3037098,0.0007494688,0.0022567809,0.0032992065,0.50420254,0.0025230348,0.40824482,0.0005759597,0.078148186
ERR1385509,0.0002393391,0.0012336954,0.0016531857,0.99291325,0.00076310715,0.001990616,0.0012068377,0.0
SRR8609714,0.0050000935,0.0036334568,0.009096714,0.0050869165,0.00084149075,0.00088847405,0.97545284,0.0
SRR6028192,0.00024626954,0.0012069913,0.0016059711,0.99288857,0.00078888924,0.001980119,0.0012832424,0.0
ERR1523374,0.0036513805,0.33862415,0.00049832463,0.0032352507,0.0019622445,0.5126715,0.0075713694,0.13178587
ERR499871,0.00023249228,0.001263924,0.0016918454,0.9929739,0.0007333204,0.0019682422,0.0011362258,0.0
ERR1581952,0.007879335,0.007841948,0.9407302,0.006737949,0.009433328,6.168039e-05,0.027315583,0.0
SRR1948860,0.0002323735,0.001264163,0.0016921443,0.9929743,0.0007330533,0.0019682439,0.0011356913,0.0
SRR1279541,0.0018980558,0.98295534,0.003079863,0.0033205585,0.0017705733,0.0011426249,0.0058330595,0.0
ERR1924347,0.8066345,0.017203817,0.046351396,0.0072346623,0.00070345716,0.050013505,0.07185868,0.0
ERR719396,0.00023358915,0.0012582225,0.0016860181,0.9929598,0.00073881156,0.0019757662,0.001147838,0.0
SRR5181021,0.0018980555,0.9829552,0.0030798626,0.003320617,0.0017705731,0.0011426248,0.005833059,0.0
SRR6414020,0.00023335169,0.0012596232,0.0016868546,0.9929652,0.00073732587,0.0019719333,0.0011456393,0.0
ERR924281,0.0050000935,0.0036334568,0.009096714,0.0050869165,0.00084149075,0.00088847405,0.97545284,0.0
ERR923876,0.0050000935,0.0036334568,0.009096714,0.0050869165,0.00084149075,0.00088847405,0.97545284,0.0
SRR8605182,0.0050000935,0.0036334568,0.009096714,0.0050869165,0.00084149075,0.00088847405,0.97545284,0.0
SRR5740173,0.0018980558,0.98295534,0.003079863,0.0033205585,0.0017705733,0.0011426249,0.0058330595,0.0
SRR2658223,0.00023249222,0.0012638344,0.0016916367,0.9929739,0.00073335,0.0019683014,0.0011364634,0.0
ERR1511975,0.0076679504,0.003619264,0.0007241281,0.009785072,0.0012906385,0.9718047,0.0051082573,0.0
ERR2495251,0.0050000935,0.0036334568,0.009096714,0.0050869165,0.00084149075,0.00088847405,0.97545284,0.0
ERR1383926,0.00023264001,0.0012615686,0.0016920166,0.9929611,0.0007354292,0.0019777822,0.0011394928,0.0
ERR1384477,0.00024240825,0.001223076,0.0016732713,0.99279493,0.0007848673,0.0020672516,0.0012142423,0.0
ERR309792,0.007696748,0.0036548614,0.00072715885,0.009295021,0.0012554452,0.97234356,0.0050272867,0.0
ERR675520,0.007696748,0.0036548614,0.00072715885,0.009295021,0.0012554452,0.97234356,0.0050272867,0.0
ERR1533667,0.0077019655,0.0036660964,0.0007258384,0.009277857,0.0012594243,0.9723382,0.005030609,0.0
ERR2495164,0.0050000935,0.0036334568,0.009096714,0.0050869165,0.00084149075,0.00088847405,0.97545284,0.0
ERR719916,0.00023889757,0.0012348791,0.0016633006,0.9928916,0.0007640142,0.0020085003,0.0011988006,0.0
ERR924117,0.016476337,0.001316532,0.0076409383,0.045518924,0.012441557,0.0010030973,0.9156026,0.0
ERR1385455,0.00023685172,0.0012435385,0.0016722392,0.9929146,0.0007547845,0.001998888,0.0011790533,0.0
SRR3053252,0.00023332241,0.0012599529,0.0016874529,0.9929652,0.00073697045,0.0019725917,0.0011444816,0.0
ERR1513288,0.007696836,0.0036549785,0.0007271295,0.009294758,0.0012555037,0.9723434,0.005027404,0.0
SRR7081358,0.0018980558,0.98295534,0.003079863,0.0033205585,0.0017705733,0.0011426249,0.0058330595,0.0
ERR522303,0.00023193115,0.0012539809,0.0017152255,0.9928495,0.00074517215,0.0020724179,0.0011317836,0.0
SRR387991,0.000232611,0.0012635655,0.0016912782,0.9929735,0.0007335575,0.0019684779,0.0011370572,0.0
ERR1690284,0.0050000935,0.0036334568,0.009096714,0.0050869165,0.00084149075,0.00088847405,0.97545284,0.0
ERR1382563,0.00025178745,0.0011880134,0.001610167,0.9927559,0.00081917905,0.0020470407,0.0013280176,0.0
ERR908121,0.007790394,0.0035947713,0.0007268903,0.0095376605,0.0012895846,0.9719463,0.0051144706,0.0
ERR1333522,0.0018980558,0.98295534,0.003079863,0.0033205585,0.0017705733,0.0011426249,0.0058330595,0.0
SRR1617888,0.00014509542,0.00087465433,0.003940276,0.9654678,0.0013026873,0.027343806,0.00092569174,0.0
SRR8610100,0.0050000935,0.0036334568,0.009096714,0.0050869165,0.00084149075,0.00088847405,0.97545284,0.0
SRR6931875,0.0002323735,0.001264163,0.0016921443,0.9929743,0.0007330533,0.0019682439,0.0011356913,0.0
ERR1384726,0.0002494004,0.0011977226,0.0016398685,0.9927234,0.00081606803,0.0020865942,0.0012869429,0.0
DRR047348,0.00023536764,0.0012510208,0.0016768123,0.9929472,0.00074569276,0.0019782125,0.0011656841,0.0
SRR2897042,0.00771177,0.0036408352,0.00072737626,0.009343746,0.0012591063,0.972289,0.005028166,0.0
ERR2729896,0.8000964,0.028253911,0.0445848,0.005764034,0.00074324396,0.04514623,0.075411424,0.0
SRR6511277,0.0018980558,0.98295534,0.003079863,0.0033205585,0.0017705733,0.0011426249,0.0058330595,0.0
ERR443672,0.00023243295,0.0012641033,0.0016920846,0.9929742,0.0007331127,0.0019682436,0.0011357804,0.0
ERR1428273,0.0050000935,0.0036334568,0.009096714,0.0050869165,0.00084149075,0.00088847405,0.97545284,0.0
SRR5440374,0.00023252214,0.0012640733,0.0016920246,0.99297404,0.000733172,0.0019682432,0.0011359586,0.0
SRR7663409,0.0018980558,0.98295534,0.003079863,0.0033205585,0.0017705733,0.0011426249,0.0058330595,0.0
ERR500052,0.0002325812,0.001263476,0.0016910696,0.99297374,0.0007336168,0.0019682394,0.0011372652,0.0
SRR7092942,0.0018980558,0.98295534,0.003079863,0.0033205585,0.0017705733,0.0011426249,0.0058330595,0.0
SRR1175878,0.0050000935,0.0036334568,0.009096714,0.0050869165,0.00084149075,0.00088847405,0.97545284,0.0
SRR1923876,0.0002323735,0.001264163,0.0016921443,0.9929743,0.0007330533,0.0019682439,0.0011356913,0.0
ERR2200215,0.80765325,0.014449103,0.04699478,0.007827508,0.00069091463,0.051795993,0.07058844,0.0
SRR8356309,0.00027999998,0.0011394457,0.0016461335,0.99215776,0.0009684188,0.0023269108,0.0014814399,0.0
ERR1297872,0.0050000935,0.0036334568,0.009096714,0.0050869165,0.00084149075,0.00088847405,0.97545284,0.0
SRR6005062,0.0018980558,0.98295534,0.003079863,0.0033205585,0.0017705733,0.0011426249,0.0058330595,0.0
ERR1811101,0.00023713081,0.0012441634,0.0016950747,0.99286073,0.00075952057,0.0020411632,0.0011621849,0.0
SRR6078450,0.0018980558,0.98295534,0.003079863,0.0033205585,0.0017705733,0.0011426249,0.0058330595,0.0
SRR632556,0.0018980558,0.98295534,0.003079863,0.0033204993,0.0017705733,0.0011426249,0.0058330595,0.0
ERR543013,0.007879335,0.007841948,0.9407302,0.006737949,0.009433328,6.168039e-05,0.027315583,0.0
ERR1582851,0.0018980553,0.9829552,0.0030798623,0.0033204986,0.0017706319,0.0011426837,0.005833029,0.0
ERR2662924,0.00023261088,0.0012634161,0.0016910097,0.99297357,0.0007337059,0.0019683284,0.0011373244,0.0
ERR695294,0.0077004675,0.0036547733,0.00072739314,0.009291536,0.0012560309,0.97233933,0.0050304793,0.0
SRR8608343,0.0050000935,0.0036334568,0.009096714,0.0050869165,0.00084149075,0.00088847405,0.97545284,0.0
SRR6367331,0.00023246265,0.0012640138,0.0016919057,0.9929741,0.000733172,0.0019683326,0.0011360478,0.0
ERR1523658,0.0076967496,0.00365495,0.00072715903,0.009294818,0.0012554454,0.9723436,0.005027288,0.0
SRR5164278,0.00023267028,0.001263267,0.0016908902,0.99297327,0.0007338246,0.0019684467,0.0011376513,0.0
ERR1811283,0.000234825,0.0012189541,0.0017762693,0.99242395,0.0007938953,0.0024230941,0.0011289984,0.0
ERR1691606,0.0050000935,0.0036334568,0.009096714,0.0050869165,0.00084149075,0.00088847405,0.97545284,0.0
ERR2003253,0.00023246265,0.001264103,0.0016921139,0.99297404,0.0007331125,0.0019682432,0.0011358396,0.0
ERR2198044,0.007696748,0.0036548614,0.00072715885,0.009295021,0.0012554452,0.97234356,0.0050272867,0.0
ERR441402,0.00023252217,0.0012640734,0.0016921439,0.9929741,0.0007330829,0.0019682434,0.0011357802,0.0
SRR6451823,0.00023480409,0.0012537063,0.0016775673,0.9929584,0.0007427531,0.0019727233,0.0011600107,0.0
ERR1593322,0.007893968,0.007835594,0.94074017,0.006727716,0.009439418,6.178681e-05,0.027301406,0.0
SRR7270042,0.0076968963,0.0036549207,0.0007271883,0.0092947595,0.0012554454,0.97234356,0.005027259,0.0
ERR1135694,0.0077299,0.0036492404,0.00073495635,0.0092639,0.0012656703,0.97232157,0.0050348258,0.0
SRR2558613,0.0018980558,0.98295534,0.003079863,0.0033205585,0.0017705733,0.0011426249,0.0058330595,0.0
SRR995981,0.0002323735,0.001264163,0.0016921443,0.9929743,0.0007330533,0.0019682439,0.0011356913,0.0
SRR5002141,0.0018980555,0.9829552,0.0030798626,0.0033205284,0.0017706321,0.0011426248,0.0058330884,0.0
SRR1289313,0.00015553286,0.00097219076,0.0035646015,0.9672068,0.0014969413,0.025717925,0.00088605174,0.0
ERR2538526,0.0002323735,0.0012641035,0.0016920848,0.99297434,0.00073308306,0.0019682439,0.0011357805,0.0
SRR919889,0.0002323735,0.001264163,0.0016921443,0.9929743,0.0007330533,0.0019682439,0.0011356913,0.0
ERR2233551,0.0076999636,0.003656192,0.0007268919,0.0092931045,0.001256406,0.97233593,0.0050314814,0.0
ERR1533845,0.007563424,0.0038152488,0.0007391316,0.010270165,0.0013320772,0.97051203,0.005767863,0.0
SRR8611287,0.0050000935,0.0036334568,0.009096714,0.0050869165,0.00084149075,0.00088847405,0.97545284,0.0
SRR5259192,0.0018980558,0.98295534,0.003079863,0.0033205585,0.0017705733,0.0011426249,0.0058330595,0.0
SRR1175860,0.0050000935,0.0036334568,0.009096714,0.0050869165,0.00084149075,0.00088847405,0.97545284,0.0
SRR6429183,0.0018980558,0.98295534,0.003079863,0.0033205585,0.0017705733,0.0011426249,0.0058330595,0.0
SRR976615,0.005000184,0.003633339,0.009096746,0.005086918,0.00084140204,0.00088838534,0.9754531,0.0
SRR4125108,0.007696748,0.0036548614,0.00072715885,0.009295021,0.0012554452,0.97234356,0.0050272867,0.0
ERR1689418,0.0050000935,0.0036334568,0.009096714,0.0050869165,0.00084149075,0.00088847405,0.97545284,0.0
ERR2714253,0.0077191275,0.0036589939,0.0007286473,0.009284615,0.001257164,0.9723111,0.0050404887,0.0
SRR516470,0.007879335,0.007841948,0.9407302,0.006737949,0.009433328,6.168039e-05,0.027315583,0.0
SRR7901942,0.0050000935,0.0036334568,0.009096714,0.0050869165,0.00084149075,0.00088847405,0.97545284,0.0
SRR6078523,0.0018980558,0.98295534,0.003079863,0.0033205585,0.0017705733,0.0011426249,0.0058330595,0.0
ERR986184,0.007842059,0.0035713909,0.00074186036,0.009531138,0.0012904288,0.9719793,0.0050438363,0.0
SRR5874733,0.0018980558,0.98295534,0.003079863,0.0033205585,0.0017705733,0.0011426249,0.0058330595,0.0
SRR6931161,0.000232522,0.0012639238,0.0016918452,0.9929738,0.0007333203,0.001968361,0.0011362255,0.0
SRR6056028,0.0018979969,0.98295534,0.003079863,0.0033205585,0.0017706323,0.0011426839,0.0058330004,0.0
SRR6265056,0.00023249222,0.0012638641,0.0016916367,0.9929739,0.00073335,0.0019682418,0.0011364337,0.0
ERR924059,0.0050000935,0.0036334568,0.009096714,0.0050869165,0.00084149075,0.00088847405,0.97545284,0.0
ERR1298142,0.0050000935,0.0036334568,0.009096714,0.0050869165,0.00084149075,0.00088847405,0.97545284,0.0
ERR522612,0.0002324627,0.0012641033,0.0016921143,0.9929742,0.0007331127,0.0019682436,0.0011357804,0.0
SRR8611017,0.0050000935,0.0036334568,0.009096714,0.0050869165,0.00084149075,0.00088847405,0.97545284,0.0
SRR2658702,9.479581e-05,0.003596574,0.00425449,0.8691797,0.0006535351,0.07122198,0.0011285543,0.04987037
SRR5467919,0.00023261107,0.0012632982,0.0016920819,0.99297065,0.00073385524,0.0019705312,0.0011369684,0.0
SRR2658813,8.680348e-05,0.004855156,0.004275799,0.81325406,0.0005630553,0.08583337,0.0011873841,0.08994436
SRR5687863,0.0002327886,0.0012625197,0.001689636,0.9929727,0.00073450664,0.0019683517,0.0011395516,0.0
ERR543288,0.007879335,0.007841948,0.9407302,0.006737949,0.009433328,6.168039e-05,0.027315583,0.0
SRR2442978,0.0018996322,0.98294884,0.0030806926,0.0033222113,0.0017710599,0.0011427924,0.0058346624,0.0
SRR6318705,0.0018980558,0.98295534,0.003079863,0.0033205585,0.0017705733,0.0011426249,0.0058330595,0.0
ERR1594077,0.007879393,0.0078419475,0.9407301,0.0067378893,0.009433386,6.168049e-05,0.02731561,0.0
ERR543176,0.007879335,0.007841948,0.9407302,0.006737949,0.009433328,6.168039e-05,0.027315583,0.0
SRR6038503,0.00023267037,0.0012632972,0.0016912477,0.9929723,0.0007338546,0.0019692802,0.0011374137,0.0
SRR6408633,0.0002331452,0.0012604059,0.0016915073,0.99295926,0.0007366769,0.0019772425,0.0011417511,0.0
ERR1535987,0.0018980558,0.98295534,0.003079863,0.0033205585,0.0017705733,0.0011426249,0.0058330595,0.0
SRR1923819,0.0002323735,0.001264163,0.0016921443,0.9929743,0.0007330533,0.0019682439,0.0011356913,0.0
SRR5468021,0.0002324329,0.0012639543,0.0016920544,0.9929738,0.00073323154,0.0019685407,0.0011359883,0.0
ERR2286323,0.00023243285,0.001263954,0.0016918755,0.992974,0.0007332611,0.001968332,0.0011361665,0.0
SRR6508099,0.0018980558,0.98295534,0.003079863,0.0033205585,0.0017705733,0.0011426249,0.0058330595,0.0
ERR924520,0.0050000935,0.0036334568,0.009096714,0.0050869165,0.00084149075,0.00088847405,0.97545284,0.0
ERR1311447,0.00023942748,0.0012341074,0.0016498783,0.9929201,0.00076295575,0.0019851364,0.0012084396,0.0
ERR1382873,0.00019320028,0.0014226593,0.0029050806,0.96690613,0.0013098848,0.025894487,0.0013685465,0.0
ERR867370,0.00023278869,0.0012623714,0.0016902315,0.99296993,0.0007347746,0.0019704346,0.0011394033,0.0
ERR2003306,0.00023237341,0.0012640138,0.0016919652,0.99297416,0.00073323154,0.0019682432,0.0011359883,0.0
SRR7584058,0.0077251433,0.0036222253,0.0007250074,0.009467826,0.0012732951,0.9721525,0.005034108,0.0
SRR4304016,0.0002323735,0.001264163,0.0016921443,0.9929743,0.0007330533,0.0019682439,0.0011356913,0.0
SRR5720297,0.0018980558,0.98295534,0.003079863,0.0033205585,0.0017705733,0.0011426249,0.0058330595,0.0
ERR924177,0.0050000935,0.0036334568,0.009096714,0.0050869165,0.00084149075,0.00088847405,0.97545284,0.0
ERR3506543,0.007697648,0.0036551796,0.00072715804,0.009294338,0.0012557073,0.9723415,0.0050285407,0.0
SRR5180783,0.0018980558,0.98295534,0.003079863,0.0033205585,0.0017705733,0.0011426249,0.0058330595,0.0
ERR1467078,0.0002325222,0.0012641033,0.0016920846,0.9929742,0.00073308294,0.0019682436,0.0011357209,0.0
SRR5983353,0.00024132377,0.0012302664,0.0017151745,0.9927783,0.0007754902,0.0020843437,0.001175178,0.0
SRR6754370,0.0018980558,0.98295534,0.003079863,0.0033205585,0.0017705733,0.0011426249,0.0058330595,0.0
SRR5868717,0.0002323735,0.001264163,0.0016921443,0.9929743,0.0007330533,0.0019682439,0.0011356913,0.0
SRR5902383,0.0018980558,0.98295534,0.003079863,0.0033205585,0.0017705733,0.0011426249,0.0058330595,0.0
ERR522557,0.00023282052,0.001261193,0.0016951844,0.992948,0.0007369824,0.0019893409,0.0011364984,0.0
SRR6411596,0.00023358915,0.00125852,0.0016865535,0.9929616,0.00073827617,0.001974041,0.0011474513,0.0
SRR5002206,0.0018980558,0.98295534,0.003079863,0.0033205585,0.0017705733,0.0011426249,0.0058330595,0.0
SRR3296486,0.0018980558,0.98295534,0.003079863,0.0033205585,0.0017705733,0.0011426249,0.0058330595,0.0
ERR2260437,0.8075288,0.014874022,0.046877354,0.0077270507,0.000692849,0.05150334,0.070796624,0.0
SRR5915662,0.0018980558,0.98295534,0.003079863,0.0033205585,0.0017705733,0.0011426249,0.0058330595,0.0
ERR1523312,0.0025363883,0.037906926,0.00045441044,0.007969396,0.002963263,0.94265753,0.0055121253,0.0
ERR1690544,0.0050000935,0.0036334568,0.009096714,0.0050869165,0.00084149075,0.00088847405,0.97545284,0.0
SRR1649620,0.0018980558,0.98295534,0.003079863,0.0033205585,0.0017705733,0.0011426249,0.0058330595,0.0
ERR531860,0.00024108063,0.0012304184,0.001688665,0.9927913,0.00078011374,0.0020771604,0.0011912447,0.0
SRR5915366,0.0018980558,0.98295534,0.003079863,0.0033205585,0.0017705733,0.0011426249,0.0058330595,0.0
SRR6932487,0.00023246263,0.0012640732,0.0016920245,0.9929739,0.0007332017,0.0019683323,0.0011359585,0.0
ERR561467,0.0002326999,0.001263058,0.0016905619,0.9929729,0.00073403236,0.001968594,0.0011381562,0.0
SRR1767158,0.007879335,0.007841948,0.9407302,0.006737949,0.009433328,6.168039e-05,0.027315583,0.0
ERR2011885,0.00023261101,0.0012635656,0.0016913379,0.99297374,0.0007335873,0.00196827,0.0011369385,0.0
ERR1226418,0.0050000935,0.0036334568,0.009096714,0.0050869165,0.00084149075,0.00088847405,0.97545284,0.0
SRR1923777,0.0002323735,0.001264163,0.0016921443,0.9929743,0.0007330533,0.0019682439,0.0011356913,0.0
ERR1689846,0.0050000935,0.0036334568,0.009096714,0.0050869165,0.00084149075,0.00088847405,0.97545284,0.0
ERR719015,0.00023468671,0.0012528225,0.0016821594,0.99294215,0.0007443346,0.0019856459,0.001158234,0.0
ERR2511655,0.00026158575,0.0011770467,0.0016911478,0.99247503,0.0008641609,0.0021967136,0.0013343372,0.0
SRR6931984,0.0002323735,0.001264163,0.0016921443,0.9929743,0.0007330533,0.0019682439,0.0011356913,0.0
SRR6511226,0.0018980558,0.98295534,0.003079863,0.0033205585,0.0017705733,0.0011426249,0.0058330595,0.0
SRR2658740,8.910152e-05,0.004708439,0.004201919,0.81762195,0.0005813837,0.085243285,0.0012281835,0.086325765
ERR1310294,0.00023839319,0.001250776,0.001702783,0.99281174,0.00077033066,0.0020764957,0.0011494871,0.0
SRR6757661,0.00023293706,0.0012620423,0.0016897827,0.99296945,0.0007350115,0.0019702234,0.0011405022,0.0
SRR5483110,0.00023436118,0.0012548243,0.001687704,0.99294305,0.0007422578,0.0019847676,0.0011529773,0.0
SRR6931647,0.00024622178,0.0012237909,0.0017544306,0.9926627,0.0007949777,0.002161885,0.0011559067,0.0
SRR2297117,0.0018980558,0.98295534,0.003079863,0.0033205585,0.0017705733,0.0011426249,0.0058330595,0.0
SRR5177464,0.0018980558,0.98295534,0.003079863,0.0033205585,0.0017705733,0.0011426249,0.0058330595,0.0
SRR5178977,0.0018980558,0.98295534,0.003079863,0.0033205585,0.0017705733,0.0011426249,0.0058330595,0.0
SRR1660234,0.00023418166,0.001256068,0.001681331,0.99296176,0.0007403805,0.0019722956,0.0011539239,0.0
SRR5595929,0.0018980558,0.98295534,0.003079863,0.0033205585,0.0017705733,0.0011426249,0.0058330595,0.0
SRR2130158,0.0018980558,0.98295534,0.003079863,0.0033205585,0.0017705733,0.0011426249,0.0058330595,0.0
SRR2097610,0.0018980558,0.98295534,0.003079863,0.0033205585,0.0017705733,0.0011426249,0.0058330595,0.0
SRR5915502,0.0018980558,0.98295534,0.003079863,0.0033205585,0.0017705733,0.0011426249,0.0058330595,0.0
ERR1897204,0.0018980558,0.98295534,0.003079863,0.0033205585,0.0017705733,0.0011426249,0.0058330595,0.0
SRR5683525,0.0018980558,0.98295534,0.003079863,0.0033205585,0.0017705733,0.0011426249,0.0058330595,0.0
SRR5181159,0.0018980558,0.98295534,0.003079863,0.0033205585,0.0017705733,0.0011426249,0.0058330595,0.0
ERR209586,0.0001847744,0.0024679601,0.0030859709,0.89863265,0.0012837946,0.071147114,0.0017047524,0.021493018
ERR1971163,0.00025105447,0.0011982267,0.0016848698,0.9926286,0.00082597253,0.0021496224,0.0012616373,0.0
ERR2531884,0.00023275922,0.0012627299,0.0016907094,0.99297124,0.0007342698,0.0019698122,0.0011385124,0.0
ERR1960730,0.0002323735,0.001264163,0.0016921443,0.9929743,0.0007330533,0.0019682439,0.0011356913,0.0
ERR923920,0.008367858,0.0006519498,0.008226318,0.050227024,0.0021162455,0.0002917686,0.93011886,0.0
ERR1583290,0.0018980558,0.98295534,0.003079863,0.0033205585,0.0017705733,0.0011426249,0.0058330595,0.0
SRR5915358,0.0018980558,0.98295534,0.003079863,0.0033205585,0.0017705733,0.0011426249,0.0058330595,0.0
ERR833306,0.0018980558,0.98295534,0.003079863,0.0033205585,0.0017705733,0.0011426249,0.0058330595,0.0
ERR1383472,0.00023264044,0.0012631475,0.0016907109,0.99297315,0.00073394325,0.001968535,0.0011379184,0.0
ERR1255919,0.0076969475,0.0036545072,0.00072712905,0.009296421,0.0012555907,0.9723418,0.005027693,0.0
SRR769699,0.0018980558,0.98295534,0.003079863,0.0033205585,0.0017705733,0.0011426249,0.0058330595,0.0
SRR5683494,0.0018980558,0.98295534,0.003079863,0.0033205585,0.0017705733,0.0011426249,0.0058330595,0.0
ERR2511917,0.00023512989,0.001252747,0.0016740178,0.9929628,0.00074346253,0.0019682795,0.0011636327,0.0
ERR1691221,0.0050000935,0.0036334568,0.009096714,0.0050869165,0.00084149075,0.00088847405,0.97545284,0.0
SRR7449298,0.00023243298,0.0012641035,0.0016920252,0.99297416,0.00073314254,0.0019683333,0.0011358103,0.0
ERR2511630,0.00023435985,0.0012548469,0.0016820725,0.9929541,0.0007417479,0.0019774688,0.0011554693,0.0
SRR5914932,0.0018980558,0.98295534,0.003079863,0.0033205585,0.0017705733,0.0011426249,0.0058330595,0.0
SRR944479,0.007879335,0.007841948,0.9407302,0.006737949,0.009433328,6.168039e-05,0.027315583,0.0
SRR3037163,0.00023246263,0.0012640732,0.0016920245,0.992974,0.00073317194,0.001968243,0.0011359882,0.0
SRR6414231,0.00023332296,0.001259599,0.0016904017,0.9929583,0.00073741836,0.001977296,0.0011436216,0.0
ERR1690810,0.0050000935,0.0036334568,0.009096714,0.0050869165,0.00084149075,0.00088847405,0.97545284,0.0
SRR2123663,0.0018980558,0.98295534,0.003079863,0.0033205585,0.0017705733,0.0011426249,0.0058330595,0.0
SRR3098359,0.0019005692,0.9829565,0.0030796097,0.0033174462,0.0017721133,0.0011441035,0.0058295736,0.0
ERR522633,0.00023246265,0.0012638948,0.001691995,0.99297345,0.0007332613,0.0019688678,0.0011359883,0.0
SRR6975952,0.0018980558,0.98295534,0.003079863,0.0033205585,0.0017705733,0.0011426249,0.0058330595,0.0
SRR7453805,0.00023527822,0.0012517931,0.00167458,0.9929563,0.0007446213,0.0019723512,0.0011650288,0.0
ERR1533652,0.0076980633,0.0036578767,0.0007268364,0.009290215,0.0012564112,0.9723427,0.0050279,0.0
DRR044179,0.00024052993,0.001231054,0.0016678863,0.9928683,0.0007686429,0.0020143006,0.0012092228,0.0
SRR6005082,0.0018980558,0.98295534,0.003079863,0.0033205585,0.0017705733,0.0011426249,0.0058330595,0.0
SRR1030250,0.00023818677,0.0012373339,0.0016706982,0.99289376,0.00076069264,0.0020090614,0.0011902497,0.0
ERR1811230,0.00023264051,0.0012632371,0.0016910981,0.99297255,0.0007339732,0.0019689223,0.001137651,0.0
ERR1759907,0.0002323735,0.001264163,0.0016921443,0.9929743,0.0007330533,0.0019682439,0.0011356913,0.0
SRR028749,0.0018980558,0.98295534,0.003079863,0.0033205585,0.0017705733,0.0011426249,0.0058330595,0.0
ERR757132,0.007696748,0.0036548614,0.00072715885,0.009295021,0.0012554452,0.97234356,0.0050272867,0.0
SRR3501983,0.00023264051,0.0012632966,0.0016908601,0.9929735,0.0007338245,0.001968238,0.0011376808,0.0
SRR823332,0.00024689973,0.001211388,0.0017026593,0.9926979,0.0008013459,0.0021149025,0.0012249213,0.0
SRR6264597,0.00024239492,0.0011798198,0.001834307,0.9916596,0.00087629823,0.0029984808,0.0012090595,0.0
ERR675594,0.007696748,0.0036548614,0.00072715885,0.009295021,0.0012554452,0.97234356,0.0050272867,0.0
DRR048070,0.00023875189,0.0012381369,0.0016775392,0.99288374,0.00076110906,0.0020098048,0.0011909339,0.0
ERR720013,0.00025721142,0.0011920714,0.0016736587,0.99249506,0.00086796953,0.0022188944,0.0012951285,0.0
SRR5566488,0.007696748,0.0036548614,0.00072715885,0.009295021,0.0012554452,0.97234356,0.0050272867,0.0
ERR1382667,0.00023191498,0.001222454,0.0017326848,0.9926268,0.0007731986,0.002240893,0.0011720079,0.0
ERR522516,0.00016847254,0.001781583,0.0028885307,0.9546657,0.0011490287,0.033483718,0.0017314852,0.004131437
ERR1523996,0.007879426,0.007841833,0.9407305,0.006737834,0.009433302,6.168105e-05,0.027315505,0.0
ERR1512296,0.007698887,0.0036601338,0.00072660245,0.009291537,0.0012579642,0.97233695,0.005027961,0.0
ERR719335,0.00023403684,0.0012548693,0.0016926324,0.992928,0.0007428022,0.0020002297,0.0011473397,0.0
DRR044113,0.00023519083,0.0012509107,0.001681018,0.99293876,0.0007458467,0.0019860792,0.0011622121,0.0
ERR1691768,0.0050000935,0.0036334568,0.009096714,0.0050869165,0.00084149075,0.00088847405,0.97545284,0.0
ERR2260428,0.8060879,0.018378701,0.04611276,0.00702068,0.00070839725,0.049347416,0.07234411,0.0
ERR1522508,0.007696748,0.0036548614,0.00072715885,0.009295021,0.0012554452,0.97234356,0.0050272867,0.0
ERR695333,0.007700851,0.0036552725,0.00072759844,0.009291598,0.0012558849,0.97233987,0.005028958,0.0
ERR2133868,0.007696748,0.0036548614,0.00072715885,0.009295021,0.0012554452,0.97234356,0.0050272867,0.0
ERR531542,0.0002459205,0.0012068513,0.001629963,0.9928214,0.0007948624,0.00202958,0.0012714467,0.0
SRR1602706,0.0018980558,0.98295534,0.003079863,0.0033205585,0.0017705733,0.0011426249,0.0058330595,0.0
SRR996859,0.00023252217,0.0012640734,0.0016921439,0.9929741,0.0007330829,0.0019682434,0.0011357802,0.0
SRR944461,0.007879335,0.007841948,0.9407302,0.006737949,0.009433328,6.168039e-05,0.027315583,0.0
ERR501334,9.135519e-05,0.0047018235,0.004111976,0.81462663,0.00059530145,0.086788215,0.0012882651,0.08779646
SRR3098360,0.0018980558,0.98295534,0.003079863,0.0033205585,0.0017705733,0.0011426249,0.0058330595,0.0
ERR2714255,0.007745216,0.0036822585,0.00072312035,0.009291208,0.0012739465,0.9721675,0.005116755,0.0
ERR500422,0.00023400519,0.0012520334,0.001691429,0.99288976,0.0007490724,0.0020299884,0.0011536959,0.0
ERR1314927,0.00023341834,0.0012738508,0.0016802135,0.99294466,0.0007452313,0.001982286,0.0011402606,0.0
ERR1385099,0.00023548542,0.0012504195,0.0016724908,0.9929548,0.0007457187,0.0019730865,0.0011680279,0.0
ERR2511920,0.0002478688,0.0012020522,0.0015927244,0.9928986,0.00079276384,0.0019657318,0.0013002778,0.0
DRR070558,0.0018980558,0.98295534,0.003079863,0.0033205585,0.0017705733,0.0011426249,0.0058330595,0.0
ERR1384651,0.00023764909,0.0012407127,0.001660837,0.99293387,0.0007553315,0.0019812023,0.0011904167,0.0
ERR1691515,0.0050000935,0.0036334568,0.009096714,0.0050869165,0.00084149075,0.00088847405,0.97545284,0.0
SRR7454132,0.00023237352,0.0012641037,0.0016920255,0.9929744,0.0007330831,0.001968244,0.0011356914,0.0
SRR4014029,0.001984518,0.9829872,0.0030726222,0.0032203782,0.0018236996,0.0011931346,0.00571843,0.0
SRR7663419,0.0018980558,0.98295534,0.003079863,0.0033205585,0.0017705733,0.0011426249,0.0058330595,0.0
SRR995602,0.0002323735,0.001264163,0.0016921443,0.9929743,0.0007330533,0.0019682439,0.0011356913,0.0
SRR6932267,0.0002323735,0.001264163,0.0016921443,0.9929743,0.0007330533,0.0019682439,0.0011356913,0.0
ERR1256385,0.00073421,0.002260387,0.0032693446,0.5118389,0.0025053322,0.40049398,0.0006004274,0.07829738
SRR3624401,0.0012142956,0.3338362,0.10271329,0.0001257956,0.005829543,0.00019776821,0.24784416,0.30823898
SRR5178109,0.0002323735,0.001264163,0.0016921443,0.9929743,0.0007330533,0.0019682439,0.0011356913,0.0
SRR8356364,0.0002352337,0.0012537766,0.0017014584,0.9928927,0.00074919016,0.0020265854,0.0011411571,0.0
ERR1535963,0.0018980558,0.98295534,0.003079863,0.0033205585,0.0017705733,0.0011426249,0.0058330595,0.0
SRR5180646,0.0018980558,0.98295534,0.003079863,0.0033205585,0.0017705733,0.0011426249,0.0058330595,0.0
ERR2511191,0.00024247798,0.0012211337,0.0016296257,0.9929066,0.00077481125,0.0019826507,0.0012427554,0.0
ERR328013,0.007696748,0.0036548614,0.00072715885,0.009295021,0.0012554452,0.97234356,0.0050272867,0.0
ERR2314520,0.0050000935,0.0036334568,0.009096714,0.0050869165,0.00084149075,0.00088847405,0.97545284,0.0
SRR408551,0.00025319986,0.0011831556,0.0015772136,0.9928099,0.000818744,0.0020013344,0.0013564555,0.0
ERR531830,0.00024811985,0.0012005991,0.0016384594,0.9927656,0.0008058616,0.0020595463,0.0012818187,0.0
ERR1103322,0.0018980558,0.98295534,0.003079863,0.0033205585,0.0017705733,0.0011426249,0.0058330595,0.0
SRR3503261,0.0002324627,0.0012641033,0.0016921143,0.9929742,0.00073308294,0.0019682436,0.00113581,0.0
ERR1533645,0.005649511,0.004135138,0.0007151109,0.0139905475,0.0012736979,0.96762943,0.0066065863,0.0
SRR944556,0.007879335,0.007841948,0.9407302,0.006737949,0.009433328,6.168039e-05,0.027315583,0.0
ERR1428718,0.0050000935,0.0036334568,0.009096714,0.0050869165,0.00084149075,0.00088847405,0.97545284,0.0
SRR2145345,0.0002707243,0.35376656,0.0013462007,0.30557305,0.0124411285,0.12790549,0.0008286536,0.19786823
SRR8610037,0.01009649,0.00797603,0.008443955,0.004271499,0.0053286715,0.0033623807,0.960521,0.0
ERR2495633,0.0050000935,0.0036334568,0.009096714,0.0050869165,0.00084149075,0.00088847405,0.97545284,0.0
SRR6235210,0.0018980558,0.98295534,0.003079863,0.0033205585,0.0017705733,0.0011426249,0.0058330595,0.0
ERR2173796,0.0025429158,0.03759135,0.07864661,0.03561049,0.8053834,0.0066043693,0.033620924,0.0
ERR1314393,0.0018980558,0.98295534,0.003079863,0.0033205585,0.0017705733,0.0011426249,0.0058330595,0.0
ERR500307,0.00022989746,0.0012213209,0.0017576492,0.9925429,0.000775982,0.0023159292,0.0011563584,0.0
SRR5165792,0.0002327591,0.0012629078,0.0016902327,0.9929729,0.0007341802,0.001968324,0.0011387498,0.0
SRR5915384,0.0018980558,0.98295534,0.003079863,0.0033205585,0.0017705733,0.0011426249,0.0058330595,0.0
ERR1382951,0.00023314444,0.0012608777,0.0016879919,0.9929688,0.00073602016,0.001970365,0.001142848,0.0
SRR996307,0.0002323735,0.001264163,0.0016921443,0.9929743,0.0007330533,0.0019682439,0.0011356913,0.0
ERR2011883,0.00023261097,0.0012635654,0.0016913078,0.9929736,0.0007335574,0.0019682993,0.0011370274,0.0
SRR8608594,0.0050000935,0.0036334568,0.009096714,0.0050869165,0.00084149075,0.00088847405,0.97545284,0.0
ERR1905539,0.0050000935,0.0036334568,0.009096714,0.0050869165,0.00084149075,0.00088847405,0.97545284,0.0
SRR1222603,0.0018980558,0.98295534,0.003079863,0.0033205585,0.0017705733,0.0011426249,0.0058330595,0.0
ERR2991602,0.0002323735,0.001264163,0.0016921443,0.9929743,0.0007330533,0.0019682439,0.0011356913,0.0
SRR6932341,0.0002323735,0.001264163,0.0016921443,0.9929743,0.0007330533,0.0019682439,0.0011356913,0.0
SRR5915795,0.0018980558,0.98295534,0.003079863,0.0033205585,0.0017705733,0.0011426249,0.0058330595,0.0
ERR1201982,0.8076317,0.014584359,0.04694043,0.007799986,0.00069142325,0.05171523,0.07063694,0.0
ERR308757,0.007194518,0.003793805,0.0007279394,0.010020901,0.0012603144,0.97175735,0.0052451426,0.0
ERR2495676,0.0050000935,0.0036334568,0.009096714,0.0050869165,0.00084149075,0.00088847405,0.97545284,0.0
SRR3037243,0.00023246265,0.0012641328,0.0016920544,0.99297404,0.00073320174,0.0019682432,0.0011358693,0.0
ERR1583014,0.0018980558,0.98295534,0.003079863,0.0033205585,0.0017705733,0.0011426249,0.0058330595,0.0
SRR6411824,0.0002333816,0.0012592671,0.0016879266,0.9929616,0.0007377131,0.001974582,0.0011455807,0.0
SRR8610663,0.0050000935,0.0036334568,0.009096714,0.0050869165,0.00084149075,0.00088847405,0.97545284,0.0
ERR501171,0.0002324626,0.001264073,0.001691935,0.992974,0.0007331718,0.0019682427,0.0011360177,0.0
ERR2168931,0.0018980558,0.98295534,0.003079863,0.0033205585,0.0017705733,0.0011426249,0.0058330595,0.0
ERR579476,0.00018772483,0.0021017492,0.0039449334,0.87645704,0.0011570156,0.09568143,0.0008755028,0.01959467
SRR5178755,0.0018980558,0.98295534,0.003079863,0.0033204993,0.0017705733,0.0011426249,0.0058330595,0.0
ERR1691451,0.0050000935,0.0036334568,0.009096714,0.0050869165,0.00084149075,0.00088847405,0.97545284,0.0
ERR1310234,0.0002488512,0.0011961393,0.00160876,0.9928083,0.00080638734,0.0020260497,0.001305547,0.0
SRR1041091,0.007879335,0.007841948,0.9407302,0.006737949,0.009433328,6.168039e-05,0.027315583,0.0
ERR1201412,0.807521,0.014901743,0.04686987,0.007720691,0.00069293636,0.051484548,0.070809215,0.0
ERR923597,0.0050000935,0.0036334568,0.009096714,0.0050869165,0.00084149075,0.00088847405,0.97545284,0.0
SRR6367328,0.00023320621,0.0012599084,0.0016953258,0.9929504,0.0007374254,0.0019846028,0.0011391409,0.0
SRR5908407,0.0018980558,0.98295534,0.003079863,0.0033205585,0.0017705733,0.0011426249,0.0058330595,0.0
ERR1937986,0.0076967487,0.0036548618,0.00072712963,0.009294905,0.0012554453,0.9723436,0.0050272876,0.0
SRR5178492,0.0018980555,0.9829553,0.0030798921,0.003320558,0.0017705731,0.0011426248,0.005833059,0.0
ERR1811144,0.00023499747,0.0012058939,0.001790889,0.99217784,0.00082686386,0.0026151945,0.0011483345,0.0
SRR7453555,0.0002323735,0.001264163,0.0016921443,0.9929743,0.0007330533,0.0019682439,0.0011356913,0.0
SRR3201991,0.0002558502,0.0011828648,0.0016548033,0.9925803,0.00084927515,0.0021594258,0.0013174665,0.0
SRR7449068,0.00023246265,0.001264103,0.0016921139,0.99297404,0.0007331125,0.0019682432,0.0011358396,0.0
ERR1467008,0.0002323735,0.001264163,0.0016921443,0.9929743,0.0007330533,0.0019682439,0.0011356913,0.0
ERR2234480,0.0025429153,0.037591342,0.078646705,0.035610422,0.8053833,0.0066043963,0.03362083,0.0
SRR3884192,0.0018980558,0.98295534,0.003079863,0.0033205585,0.0017705733,0.0011426249,0.0058330595,0.0
SRR6056062,0.0018980558,0.98295534,0.003079863,0.0033205585,0.0017705733,0.0011426249,0.0058330595,0.0
SRR632545,0.0018980558,0.98295534,0.003079863,0.0033205585,0.0017705733,0.0011426249,0.0058330595,0.0
ERR1384138,0.00023355974,0.0012584622,0.0016869426,0.9929586,0.0007386044,0.0019768102,0.0011469771,0.0
ERR1201256,0.0076570953,0.0036650666,0.0007279403,0.009349404,0.00125422,0.97229624,0.005050066,0.0
SRR6394244,0.0002324627,0.0012641033,0.0016921143,0.99297416,0.0007330532,0.0019682436,0.0011357804,0.0
SRR3068452,0.0018980558,0.98295534,0.003079863,0.0033205585,0.0017705733,0.0011426249,0.0058330595,0.0
ERR500495,0.00023391473,0.0012576784,0.0016819314,0.9929674,0.00073898496,0.001968584,0.0011513995,0.0
ERR579730,0.00023349986,0.0012591145,0.0016852444,0.99296635,0.0007376811,0.0019709768,0.0011471239,0.0
ERR1677350,0.0050000935,0.0036334568,0.009096714,0.0050869165,0.00084149075,0.00088847405,0.97545284,0.0
SRR5001979,0.0018980553,0.98295516,0.0030798917,0.0033205282,0.0017706908,0.0011426246,0.005833058,0.0
SRR5175949,0.0018980558,0.98295534,0.003079863,0.0033205585,0.0017705733,0.0011426249,0.0058330595,0.0
SRR2154988,0.0002323735,0.001264163,0.0016921443,0.9929743,0.0007330533,0.0019682439,0.0011356913,0.0
SRR505146,0.00023403349,0.0012573798,0.0016814836,0.9929674,0.0007392222,0.0019684632,0.0011519933,0.0
DRR042758,0.0002326406,0.0012628806,0.0016918423,0.9929692,0.00073427096,0.0019714513,0.0011377705,0.0
ERR1384114,0.00023581342,0.0012481335,0.0016760658,0.99293154,0.0007492906,0.0019899881,0.0011692217,0.0
SRR6078434,0.0018980558,0.98295534,0.003079863,0.0033205585,0.0017705733,0.0011426249,0.0058330595,0.0
SRR6457271,0.0018980558,0.98295534,0.003079863,0.0033205585,0.0017705733,0.0011426249,0.0058330595,0.0
SRR6078518,0.0018981429,0.98295486,0.0030798903,0.0033206444,0.0017706311,0.0011426241,0.005833173,0.0
SRR5915744,0.0018980558,0.98295534,0.003079863,0.0033205585,0.0017705733,0.0011426249,0.0058330595,0.0
ERR1314521,0.00023418436,0.0012549818,0.0016893221,0.99293876,0.0007423522,0.0019902547,0.0011501298,0.0
SRR5647925,0.0018980558,0.98295534,0.003079863,0.0033205585,0.0017705733,0.0011426249,0.0058330595,0.0
SRR1948920,0.00023243293,0.0012639842,0.0016920844,0.9929738,0.00073320186,0.0019686003,0.0011358694,0.0
ERR2002224,0.00023759904,0.0012385311,0.00169035,0.99285126,0.0007613104,0.002046957,0.0011739559,0.0
ERR1256467,0.006947692,0.0038333316,0.0007406882,0.010154869,0.0012141507,0.97190386,0.0052055083,0.0
SRR6265436,0.00024702694,0.0012130373,0.0016244713,0.9927702,0.0008100794,0.0020619284,0.0012732921,0.0
ERR1690310,0.0050000935,0.0036334568,0.009096714,0.0050869165,0.00084149075,0.00088847405,0.97545284,0.0
ERR2043069,0.007879335,0.007841948,0.9407302,0.006737949,0.009433328,6.168039e-05,0.027315583,0.0
SRR580574,0.34214857,0.000779301,0.22799055,0.00831321,0.005651832,0.01753545,0.010309936,0.3872712
ERR1383514,0.00023904441,0.0012341556,0.0016595399,0.9928987,0.0007638595,0.0020024467,0.0012022711,0.0
SRR6409181,0.00023341124,0.0012596532,0.0016870929,0.992965,0.0007372368,0.0019720825,0.0011454313,0.0
DRR050913,0.00023647696,0.0012480629,0.0017076017,0.9928807,0.00075128285,0.002024451,0.0011514495,0.0
SRR1426003,0.007696748,0.0036548614,0.00072715885,0.009295021,0.0012554452,0.97234356,0.0050272867,0.0
ERR1677154,0.0050000935,0.0036334568,0.009096714,0.0050869165,0.00084149075,0.00088847405,0.97545284,0.0
ERR500713,0.0002325222,0.0012641033,0.0016920846,0.9929742,0.00073308294,0.0019682436,0.0011357209,0.0
ERR2739075,0.00023293692,0.0012620118,0.0016888893,0.9929723,0.0007349218,0.0019682292,0.0011406502,0.0
ERR443897,0.0002323735,0.001264163,0.0016921443,0.9929743,0.0007330533,0.0019682439,0.0011356913,0.0
ERR1384528,0.00023317413,0.0012607882,0.0016881105,0.99296737,0.0007362282,0.001971346,0.0011429965,0.0
SRR6444318,0.00023735662,0.0012409171,0.0016729478,0.9929024,0.0007575484,0.0020062285,0.0011825595,0.0
SRR2053274,0.0018980558,0.98295534,0.003079863,0.0033205585,0.0017705733,0.0011426249,0.0058330595,0.0
ERR1384439,0.00023356001,0.0012581068,0.0016878073,0.99295574,0.000738873,0.0019791625,0.0011467999,0.0
ERR2730278,0.0002329098,0.0012628887,0.0016924482,0.9929575,0.00073659583,0.0019806554,0.0011370342,0.0
SRR5595865,0.0018980558,0.98295534,0.003079863,0.0033205585,0.0017705733,0.0011426249,0.0058330595,0.0
ERR883413,0.00024834817,0.0011982628,0.0016113635,0.99281204,0.000804403,0.0020262783,0.0012993447,0.0
SRR6264987,0.0002360489,0.0012477933,0.0016704267,0.9929458,0.0007485689,0.0019780695,0.0011733439,0.0
SRR1617767,0.00023252217,0.0012641032,0.0016920547,0.9929741,0.0007331126,0.0019682434,0.0011358397,0.0
SRR3427297,9.586275e-05,0.0036532283,0.004176438,0.8653399,0.000659585,0.07260746,0.0011842847,0.052283287
ERR1896681,0.0018980558,0.98295534,0.003079863,0.0033205585,0.0017705733,0.0011426249,0.0058330595,0.0
SRR1949102,0.00023246267,0.0012641032,0.0016920547,0.99297416,0.00073314237,0.0019682434,0.0011358099,0.0
ERR996176,0.0060016643,0.004105971,0.00076166214,0.011476381,0.0011545046,0.9710646,0.0054350593,0.0
SRR6411738,0.00023267027,0.0012632966,0.0016909196,0.992973,0.00073385425,0.001968595,0.0011376214,0.0
SRR8605114,0.0050000935,0.0036334568,0.009096714,0.0050869165,0.00084149075,0.00088847405,0.97545284,0.0
ERR1511927,0.0076967534,0.003656299,0.0007270422,0.009292948,0.001255856,0.9723442,0.0050269095,0.0
ERR531752,0.00024467293,0.001212212,0.0016282185,0.9928607,0.0007860642,0.002006217,0.0012618783,0.0
SRR5915604,0.0018980558,0.98295534,0.003079863,0.0033205585,0.0017705733,0.0011426249,0.0058330595,0.0
SRR6408740,0.00023308507,0.0012610866,0.0016883496,0.9929687,0.0007359015,0.0019704255,0.0011424321,0.0
ERR1298294,0.0050000935,0.0036334568,0.009096714,0.0050869165,0.00084149075,0.00088847405,0.97545284,0.0
SRR1824392,0.0018980558,0.98295534,0.003079863,0.0033205585,0.0017705733,0.0011426249,0.0058330595,0.0
ERR1249617,0.0050000935,0.0036334568,0.009096714,0.0050869165,0.00084149075,0.00088847405,0.97545284,0.0
DRR060085,0.0018980558,0.98295534,0.003079863,0.0033205585,0.0017705733,0.0011426249,0.0058330595,0.0
ERR2211137,0.0050000935,0.0036334568,0.009096714,0.0050869165,0.00084149075,0.00088847405,0.97545284,0.0
SRR3633354,0.0018980558,0.98295534,0.003079863,0.0033205585,0.0017705733,0.0011426249,0.0058330595,0.0
SRR5824044,0.0074409507,0.0037387703,0.00073197554,0.009598647,0.0012473114,0.9720893,0.005153095,0.0
SRR8608215,0.0050000935,0.0036334568,0.009096714,0.0050869165,0.00084149075,0.00088847405,0.97545284,0.0
ERR418306,0.007696918,0.003654683,0.00072715833,0.009295923,0.0012555907,0.9723418,0.0050278986,0.0
SRR6451729,0.00026501645,0.0011435784,0.0015268325,0.9926459,0.00087808626,0.0020568655,0.0014838127,0.0
SRR7449207,0.0002324627,0.0012641033,0.0016921143,0.9929742,0.00073308294,0.0019682436,0.00113581,0.0
SRR6264055,0.00024141632,0.0012241536,0.0016536289,0.99286544,0.00077457255,0.0020164226,0.001224451,0.0
SRR6408868,0.00023252211,0.0012640732,0.001691965,0.99297404,0.00073317194,0.001968243,0.001136018,0.0
ERR924271,0.016476337,0.001316532,0.0076408824,0.045518868,0.012441669,0.0010030973,0.9156026,0.0
ERR1428712,0.0050000935,0.0036334568,0.009096714,0.0050869165,0.00084149075,0.00088847405,0.97545284,0.0
ERR1689733,0.0050000935,0.0036334568,0.009096714,0.0050869165,0.00084149075,0.00088847405,0.97545284,0.0
SRR5178565,0.0018980558,0.98295534,0.003079863,0.0033205585,0.0017705733,0.0011426249,0.0058330595,0.0
SRR8608416,0.0050000935,0.0036334568,0.009096714,0.0050869165,0.00084149075,0.00088847405,0.97545284,0.0
SRR6931450,0.0002323735,0.001264163,0.0016921443,0.9929743,0.0007330533,0.0019682439,0.0011356913,0.0
ERR2738733,0.00023936728,0.0012353528,0.001646691,0.99294126,0.000760009,0.0019694264,0.0012078114,0.0
ERR2002071,0.0002325222,0.0012641033,0.0016920846,0.9929742,0.00073308294,0.0019682436,0.0011357209,0.0
SRR2056523,0.007879335,0.007841948,0.9407302,0.006737949,0.009433328,6.168039e-05,0.027315583,0.0
ERR499458,0.00023631599,0.0012461541,0.0016702439,0.9929373,0.0007504408,0.0019834184,0.001175988,0.0
SRR6457229,0.0018980558,0.98295534,0.003079863,0.0033205585,0.0017705733,0.0011426249,0.0058330595,0.0
SRR6264042,0.0002323735,0.001264163,0.0016921443,0.9929743,0.0007330533,0.0019682439,0.0011356913,0.0
ERR2836118,0.0078112558,0.0036386878,0.00071594905,0.00952794,0.0013139544,0.9717994,0.005192922,0.0
ERR441794,0.00023243295,0.0012641033,0.0016921143,0.9929742,0.0007331127,0.0019682436,0.00113581,0.0
SRR1145722,0.0018980558,0.98295534,0.003079863,0.0033205585,0.0017705733,0.0011426249,0.0058330595,0.0
ERR500118,0.00016949458,0.001210883,0.003068003,0.96887577,0.00122828,0.02410083,0.0013467395,0.0
ERR2249207,0.00024914596,0.0011952939,0.001601814,0.99281996,0.0008063788,0.0020167797,0.001310648,0.0
SRR920935,0.0002323735,0.001264163,0.0016921443,0.9929743,0.0007330533,0.0019682439,0.0011356913,0.0
SRR5570795,0.0018980558,0.98295534,0.003079863,0.0033205585,0.0017705733,0.0011426249,0.0058330595,0.0
SRR2658815,9.7659e-05,0.0033677223,0.0042249267,0.8781472,0.0006808043,0.06903777,0.001127869,0.04331613
ERR2538502,0.0002323735,0.001264163,0.0016921443,0.9929743,0.0007330533,0.0019682439,0.0011356913,0.0
SRR5590769,0.0018980558,0.98295534,0.003079863,0.0033205585,0.0017705733,0.0011426249,0.0058330595,0.0
SRR6670906,0.007696748,0.0036548614,0.00072715885,0.009295021,0.0012554452,0.97234356,0.0050272867,0.0
ERR1383873,0.00024961453,0.001200993,0.0016427925,0.99269706,0.0008220357,0.0021057974,0.0012816202,0.0
SRR1949228,0.0002324329,0.0012641328,0.0016920544,0.99297404,0.0007331125,0.0019682432,0.0011358693,0.0
ERR1311092,0.0002442015,0.0012136615,0.0016380029,0.9928448,0.0007859595,0.0020198447,0.0012534547,0.0
SRR5312639,0.0018980558,0.98295534,0.003079863,0.0033205585,0.0017705733,0.0011426249,0.0058330595,0.0
SRR6418326,0.0002323735,0.001264163,0.0016921443,0.9929743,0.0007330533,0.0019682439,0.0011356913,0.0
SRR5177329,0.0018980558,0.98295534,0.003079863,0.0033205585,0.0017705733,0.0011426249,0.0058330595,0.0
SRR5180362,0.0018980558,0.98295534,0.003079863,0.0033205585,0.0017705733,0.0011426249,0.0058330595,0.0
DRR029167,0.00024508883,0.0012205066,0.0017107438,0.9927343,0.0007888053,0.0020918213,0.0012087876,0.0
ERR1582108,0.0018980558,0.98295534,0.003079863,0.0033205585,0.0017705733,0.0011426249,0.0058330595,0.0
ERR1263272,0.0076967487,0.003654891,0.0007272468,0.009294993,0.0012554453,0.9723435,0.0050272583,0.0
ERR1659119,0.0002323735,0.001264163,0.0016921443,0.9929743,0.0007330533,0.0019682439,0.0011356913,0.0
SRR5165760,0.00023836299,0.0012366679,0.0016650014,0.99290234,0.00076086394,0.0020021123,0.0011947,0.0
ERR1385565,0.00024318074,0.0012225959,0.0016671384,0.9927819,0.00079045637,0.002073907,0.0012209006,0.0
SRR6764865,0.0050000935,0.0036334568,0.009096714,0.0050869165,0.00084149075,0.00088847405,0.97545284,0.0
ERR1256813,0.0042993873,0.0043676225,0.00087771914,0.016631957,0.0011412611,0.96725076,0.005431278,0.0
ERR1383208,0.00024271333,0.0011820674,0.0017808496,0.99198794,0.00086796784,0.0027419766,0.0011964935,0.0
SRR5181264,0.0018980558,0.98295534,0.003079863,0.0033205585,0.0017705733,0.0011426249,0.0058330595,0.0
ERR1689025,0.0050000935,0.0036334568,0.009096714,0.0050869165,0.00084149075,0.00088847405,0.97545284,0.0
ERR1905669,0.0050000935,0.0036334568,0.009096714,0.0050869165,0.00084149075,0.00088847405,0.97545284,0.0
SRR6207119,0.0018980558,0.98295534,0.003079863,0.0033205585,0.0017705733,0.0011426249,0.0058330595,0.0
SRR5468169,0.00041703047,0.9636245,0.001247079,0.029615812,0.0017427767,0.0019208472,0.0014319735,0.0
SRR5327688,0.0018980558,0.98295534,0.003079863,0.0033204993,0.0017705733,0.0011426249,0.0058330595,0.0
ERR2596236,0.007828589,0.0035314467,0.0007354155,0.009697364,0.0012867501,0.97189283,0.005027638,0.0
ERR1811194,0.00023468565,0.0012543041,0.0016783741,0.9929591,0.0007421599,0.0019727277,0.0011586451,0.0
ERR1256064,9.323504e-05,0.0046311915,0.0040513277,0.8157469,0.00060886145,0.0870074,0.0013280213,0.08653307
ERR500401,0.00023243293,0.0012641627,0.0016921142,0.9929741,0.00073314237,0.0019682434,0.0011357802,0.0
ERR1522228,0.042409237,0.0023783876,0.8748497,0.0003224523,0.06493071,0.009035368,0.0060740677,0.0
SRR387973,0.00023246265,0.0012640733,0.0016920246,0.99297416,0.000733172,0.0019682432,0.0011359288,0.0
ERR1384677,0.00023246273,0.0012641035,0.0016921145,0.9929743,0.0007330533,0.0019682439,0.001135721,0.0
SRR3951254,0.00023623338,0.0012468137,0.001691826,0.9929011,0.0007512947,0.0020094411,0.0011632902,0.0
SRR4414515,0.007879335,0.007841948,0.9407302,0.006737949,0.009433328,6.168039e-05,0.027315583,0.0
SRR2037075,0.007879335,0.007841948,0.9407302,0.006737949,0.009433328,6.168039e-05,0.027315583,0.0
SRR4826519,0.0018980558,0.98295534,0.003079863,0.0033204993,0.0017705733,0.0011426249,0.0058330595,0.0
DRR048234,0.00024018322,0.0012304222,0.0016873205,0.99282604,0.0007719474,0.0020515663,0.0011924688,0.0
ERR923573,0.0050000935,0.0036334568,0.009096714,0.0050869165,0.00084149075,0.00088847405,0.97545284,0.0
ERR718989,0.0002541658,0.0011902906,0.0016610295,0.99258834,0.0008452068,0.002163889,0.0012970604,0.0
ERR1519436,0.0076999967,0.0036546134,0.0007265353,0.009300126,0.0012569535,0.9723276,0.00503414,0.0
SRR5590644,0.0018980558,0.98295534,0.003079863,0.0033205585,0.0017705733,0.0011426249,0.0058330595,0.0
SRR6444718,0.00023391788,0.0012564757,0.0016894201,0.9929382,0.00074211817,0.0019919309,0.0011479347,0.0
ERR2709773,0.0050000935,0.0036334568,0.009096714,0.0050869165,0.00084149075,0.00088847405,0.97545284,0.0
SRR6292339,0.0018980558,0.98295534,0.003079863,0.0033205585,0.0017705733,0.0011426249,0.0058330595,0.0
SRR8611024,0.0050000935,0.0036334568,0.009096714,0.0050869165,0.00084149075,0.00088847405,0.97545284,0.0
SRR1649631,0.0018980558,0.98295534,0.003079863,0.0033205585,0.0017705733,0.0011426249,0.0058330595,0.0
SRR3586910,0.0018980558,0.98295534,0.003079863,0.0033205585,0.0017705733,0.0011426249,0.0058330595,0.0
SRR6413845,0.00023267046,0.0012634761,0.0016912781,0.9929733,0.0007336169,0.001968567,0.0011371166,0.0
SRR994456,0.00023237347,0.0012641033,0.0016921441,0.9929742,0.00073308294,0.0019682436,0.0011357804,0.0
ERR1384193,0.00023652616,0.0012445583,0.001676504,0.9929137,0.0007533322,0.0020006865,0.0011746594,0.0
SRR5595773,0.0018980558,0.98295534,0.003079863,0.0033205585,0.0017705733,0.0011426249,0.0058330595,0.0
SRR6008365,0.0018980558,0.98295534,0.003079863,0.0033205585,0.0017705733,0.0011426249,0.0058330595,0.0
ERR1583065,0.0018980558,0.98295534,0.003079863,0.0033205585,0.0017705733,0.0011426249,0.0058330595,0.0
SRR5915874,0.0018980558,0.98295534,0.003079863,0.0033205585,0.0017705733,0.0011426249,0.0058330595,0.0
ERR2739133,0.0002323735,0.001264163,0.0016921443,0.9929743,0.0007330533,0.0019682439,0.0011356913,0.0
ERR883407,0.00022625017,0.00118527,0.001890108,0.9917741,0.00082760083,0.0029676072,0.0011291387,0.0
ERR579382,0.00023284802,0.0012620434,0.0016900519,0.9929692,0.0007349823,0.00197082,0.0011399677,0.0
DRR018678,0.00023614145,0.0012478406,0.001683865,0.9929192,0.0007497989,0.0019956168,0.0011675899,0.0
ERR2730292,0.00023278888,0.0012621048,0.0016906493,0.9929669,0.0007351322,0.0019729943,0.0011394639,0.0
SRR1929936,0.0018980558,0.98295534,0.003079863,0.0033205585,0.0017705733,0.0011426249,0.0058330595,0.0
ERR466734,0.0012147961,0.001803138,0.0030933083,0.16352509,0.0031538107,0.8256807,0.001529107,0.0
SRR6670462,0.0076971003,0.0036550374,0.00072712963,0.009294436,0.0012554745,0.9723433,0.005027522,0.0
SRR6057232,0.0018980558,0.98295534,0.003079863,0.0033205585,0.0017705733,0.0011426249,0.0058330595,0.0
SRR2053287,0.0018980558,0.98295534,0.003079863,0.0033205585,0.0017705733,0.0011426249,0.0058330595,0.0
SRR3133417,0.0018980558,0.98295534,0.003079863,0.0033205585,0.0017705733,0.0011426249,0.0058330595,0.0
SRR6413865,0.00023249234,0.001263954,0.0016918755,0.9929739,0.00073323137,0.0019684213,0.001136107,0.0
SRR6932545,0.0002323735,0.001264163,0.0016921443,0.9929743,0.0007330533,0.0019682439,0.0011356913,0.0
SRR5568778,0.0018980558,0.98295534,0.003079863,0.0033205585,0.0017705733,0.0011426249,0.0058330595,0.0
ERR1315125,0.0002327293,0.0012625208,0.0016902918,0.9929709,0.000734537,0.0019698704,0.0011391361,0.0
ERR139306,0.00024336106,0.0012414062,0.0016982028,0.9927046,0.0008018035,0.0021333732,0.001177331,0.0
SRR2658011,0.00023441875,0.0012550817,0.0016799266,0.9929596,0.00074147835,0.0019730914,0.0011564182,0.0
ERR579560,0.00022970929,0.0012379372,0.0017613722,0.99242526,0.00077738834,0.0023956758,0.0011727012,0.0
SRR2086889,0.0005437732,0.0026530623,0.0037503242,0.5244577,0.0019055307,0.36297274,0.000490576,0.103226304
ERR441303,0.00023255189,0.001264103,0.0016921139,0.992974,0.00073314225,0.0019682432,0.0011358396,0.0
ERR1547065,0.0018980558,0.98295534,0.003079863,0.0033205585,0.0017705733,0.0011426249,0.0058330595,0.0
DRR043045,0.00023542948,0.0012501708,0.0016853658,0.99292755,0.00074703875,0.0019928964,0.0011615909,0.0
ERR451453,0.0002323735,0.001264163,0.0016921443,0.9929743,0.0007330533,0.0019682439,0.0011356913,0.0
SRR1949085,0.00023252208,0.001263954,0.001691935,0.992974,0.0007331718,0.001968332,0.0011360772,0.0
DRR041973,0.00023551677,0.0012496249,0.0016791055,0.99293697,0.00074706227,0.0019860684,0.0011656266,0.0
SRR527054,0.0018980558,0.98295534,0.003079863,0.0033205585,0.0017705733,0.0011426249,0.0058330595,0.0
SRR5822408,0.00769718,0.0036541843,0.00072718743,0.009297472,0.0012555904,0.9723412,0.005027194,0.0
ERR1583166,0.0018980558,0.98295534,0.003079863,0.0033205585,0.0017705733,0.0011426249,0.0058330595,0.0
ERR2211033,0.0050000935,0.0036334568,0.009096714,0.0050869165,0.00084149075,0.00088847405,0.97545284,0.0
SRR6746188,0.0018980558,0.98295534,0.003079863,0.0033205585,0.0017705733,0.0011426249,0.0058330595,0.0
ERR1383882,0.00024049675,0.0012280324,0.0016527831,0.9928826,0.0007705354,0.0020084423,0.0012170575,0.0
SRR1503975,0.0016022583,0.7504294,0.0012942492,0.001543963,0.0018492126,0.0023668483,0.24091402,0.0
ERR487876,0.0076967496,0.003654862,0.00072715903,0.009294818,0.0012554454,0.9723436,0.005027259,0.0
ERR1583368,0.0018980558,0.98295534,0.003079863,0.0033205585,0.0017705733,0.0011426249,0.0058330595,0.0
ERR866687,0.000549965,0.0013242195,0.0031461678,0.7882278,0.0025929988,0.20337324,0.0007856601,0.0
SRR1743141,0.00023768171,0.001239538,0.0016718623,0.99290496,0.00075777964,0.0020016304,0.001186505,0.0
ERR1689000,0.0050000935,0.0036334568,0.009096714,0.0050869165,0.00084149075,0.00088847405,0.97545284,0.0
ERR719365,0.00023468975,0.001252333,0.0016903314,0.99292374,0.0007455638,0.0020000087,0.0011533707,0.0
SRR1770662,0.007879335,0.007841948,0.9407302,0.006737949,0.009433328,6.168039e-05,0.027315583,0.0
ERR1811288,0.00024150431,0.0012208178,0.0017209599,0.992595,0.00079899584,0.002249033,0.0011735818,0.0
SRR5915515,0.0018980558,0.98295534,0.003079863,0.0033205585,0.0017705733,0.0011426249,0.0058330595,0.0
ERR522102,0.00023249225,0.0012639238,0.0016917263,0.9929739,0.00073329057,0.0019683016,0.0011362851,0.0
SRR6764990,0.0050000935,0.0036334568,0.009096714,0.0050869165,0.00084149075,0.00088847405,0.97545284,0.0
DRR068323,0.0002336202,0.0012581998,0.001688883,0.9929507,0.0007395296,0.0019831243,0.0011459407,0.0
ERR520736,0.00023528204,0.0012495826,0.0016854345,0.99291986,0.0007483516,0.00200076,0.0011607645,0.0
SRR5683508,0.0018980558,0.98295534,0.003079863,0.0033205585,0.0017705733,0.0011426249,0.0058330595,0.0
SRR5179820,0.0018980558,0.98295534,0.003079863,0.0033205585,0.0017705733,0.0011426249,0.0058330595,0.0
ERR1897389,0.0018980558,0.98295534,0.003079863,0.0033205585,0.0017705733,0.0011426249,0.0058330595,0.0
SRR6764911,0.0050000935,0.0036334568,0.009096714,0.0050869165,0.00084149075,0.00088847405,0.97545284,0.0
SRR7663414,0.0018980558,0.98295534,0.003079863,0.0033205585,0.0017705733,0.0011426249,0.0058330595,0.0
ERR2511797,0.00023486344,0.0012536758,0.001676674,0.9929605,0.0007426932,0.0019711456,0.0011604265,0.0
SRR3951142,0.00023246267,0.0012640437,0.0016920547,0.9929741,0.00073314237,0.0019683328,0.0011358992,0.0
DRR060304,0.0002324627,0.0012639844,0.0016922631,0.9929735,0.0007331722,0.001968809,0.0011357804,0.0
ERR1582983,0.0018980558,0.98295534,0.003079863,0.0033205585,0.0017705733,0.0011426249,0.0058330595,0.0
ERR1314044,0.00023901367,0.0012342992,0.0016571535,0.99290705,0.0007629045,0.001996252,0.0012033071,0.0
ERR1583252,0.0018980558,0.98295534,0.003079863,0.0033205585,0.0017705733,0.0011426249,0.0058330595,0.0
SRR6457152,0.0018980558,0.98295534,0.003079863,0.0033205585,0.0017705733,0.0011426249,0.0058330595,0.0
SRR5902382,0.0018980558,0.98295534,0.003079863,0.0033205585,0.0017705733,0.0011426249,0.0058330595,0.0
ERR500579,0.00023320355,0.0012607864,0.0016869183,0.99297094,0.0007360784,0.001968369,0.0011437385,0.0
DRR047343,0.00023311464,0.0012610261,0.0016879023,0.99296975,0.000735901,0.0019695614,0.0011427882,0.0
ERR1691558,0.0050000935,0.0036334568,0.009096714,0.0050869165,0.00084149075,0.00088847405,0.97545284,0.0
SRR7303115,0.0077011157,0.003657411,0.00072733493,0.009287323,0.0012557093,0.97233933,0.005031829,0.0
ERR1690354,0.0050000935,0.0036334568,0.009096714,0.0050869165,0.00084149075,0.00088847405,0.97545284,0.0
SRR6058697,0.0018980558,0.98295534,0.003079863,0.0033205585,0.0017705733,0.0011426249,0.0058330595,0.0
ERR1383124,0.000233797,0.0012575958,0.0016856586,0.9929565,0.0007395838,0.0019776667,0.001149145,0.0
SRR8611081,0.0050000935,0.0036334568,0.009096714,0.0050869165,0.00084149075,0.00088847405,0.97545284,0.0
ERR2495321,0.0050000935,0.0036334568,0.009096714,0.0050869165,0.00084149075,0.00088847405,0.97545284,0.0
SRR765934,0.007879335,0.007841948,0.9407302,0.006737949,0.009433328,6.168039e-05,0.027315583,0.0
ERR2738904,0.00023349983,0.0012593523,0.0016850359,0.9929682,0.0007374728,0.0019693703,0.0011470641,0.0
ERR1689889,0.0050000935,0.0036334568,0.009096714,0.0050869165,0.00084149075,0.00088847405,0.97545284,0.0
SRR3362250,0.00024132589,0.0012250397,0.001645858,0.99288136,0.0007736467,0.002006241,0.0012265565,0.0
SRR8609626,0.0050000935,0.0036334568,0.009096714,0.0050869165,0.00084149075,0.00088847405,0.97545284,0.0
ERR520720,0.0002320475,0.0012588153,0.0017031591,0.992916,0.00073853036,0.002016621,0.0011348643,0.0
ERR1725501,0.0050000935,0.0036334568,0.009096714,0.0050869165,0.00084149075,0.00088847405,0.97545284,0.0
SRR6414149,0.00023270001,0.0012628504,0.0016916038,0.99296993,0.00073427067,0.0019707368,0.0011379486,0.0
ERR1328474,0.0002093282,0.0011266441,0.0022505233,0.98671764,0.0010623978,0.007289949,0.0013435832,0.0
SRR5588404,0.0012142956,0.3338362,0.10271329,0.0001257956,0.005829543,0.00019776821,0.24784416,0.30823898
SRR1161488,0.0018980558,0.98295534,0.003079863,0.0033205585,0.0017705733,0.0011426249,0.0058330595,0.0
ERR499808,0.00023320357,0.0012607866,0.001687097,0.9929703,0.0007361083,0.0019688152,0.0011436791,0.0
ERR209815,0.0007151663,0.0025783775,0.0033384855,0.49438804,0.0028114317,0.41262236,0.0004409849,0.08310508
SRR6394036,0.0002323735,0.001264163,0.0016921443,0.9929743,0.0007330533,0.0019682439,0.0011356913,0.0
SRR7449188,0.00023246267,0.0012641032,0.0016920547,0.99297416,0.00073314237,0.0019682434,0.0011358397,0.0
SRR1704731,0.0002323735,0.001264163,0.0016921443,0.9929743,0.0007330533,0.0019682439,0.0011356913,0.0
ERR765608,0.0050000935,0.0036334568,0.009096714,0.0050869165,0.00084149075,0.00088847405,0.97545284,0.0
ERR719074,0.00023305531,0.0012609379,0.0016884091,0.9929677,0.00073599076,0.0019712881,0.0011426106,0.0
SRR3951176,0.00023557975,0.0012494947,0.0016907606,0.9929144,0.00074826315,0.0020021007,0.0011593677,0.0
SRR3053391,0.00023560414,0.0012496449,0.0016725783,0.9929504,0.0007466102,0.0019760884,0.0011691867,0.0
ERR1314603,0.0002350413,0.0012523936,0.0016763721,0.992955,0.00074394053,0.00197468,0.0011625948,0.0
ERR1690944,0.0050000935,0.0036334568,0.009096714,0.0050869165,0.00084149075,0.00088847405,0.97545284,0.0
SRR7454046,0.0002324627,0.0012641033,0.0016921143,0.9929742,0.00073308294,0.0019682436,0.00113581,0.0
ERR537776,0.0076975278,0.0036547098,0.00072709925,0.00929533,0.0012557656,0.97234076,0.0050287736,0.0
SRR1129826,0.007879335,0.007841948,0.9407302,0.006737949,0.009433328,6.168039e-05,0.027315583,0.0
ERR1726010,0.8031006,0.023676138,0.045190796,0.006251681,0.00072743534,0.046845082,0.074208304,0.0
SRR1617742,0.0002324627,0.0012640735,0.0016920846,0.9929742,0.0007331424,0.0019682436,0.0011357209,0.0
ERR1522889,0.007696748,0.0036548614,0.00072715885,0.009295021,0.0012554452,0.97234356,0.0050272867,0.0
SRR3062886,0.007879335,0.007841948,0.9407302,0.006737949,0.009433328,6.168039e-05,0.027315583,0.0
ERR1384166,0.00023623485,0.001246762,0.0016863932,0.9928928,0.00075451186,0.002018883,0.0011644277,0.0
ERR1701294,0.0002323735,0.001264163,0.0016921443,0.9929743,0.0007330533,0.0019682439,0.0011356913,0.0
SRR7453706,0.0002325222,0.0012641033,0.0016920846,0.9929742,0.00073308294,0.0019682436,0.0011357804,0.0
SRR7901819,0.0012142956,0.3338362,0.10271329,0.0001257956,0.005829543,0.00019776821,0.24784416,0.30823898
ERR1897216,0.0018980558,0.98295534,0.003079863,0.0033205585,0.0017705733,0.0011426249,0.0058330595,0.0
ERR1523540,0.0076993313,0.0036573398,0.00072683446,0.00929101,0.0012565249,0.9723387,0.0050302297,0.0
SRR5082748,0.007712548,0.0036669546,0.0007247098,0.009282988,0.0012629703,0.9723078,0.0050420696,0.0
SRR2896955,0.0076968945,0.0036550078,0.0007271295,0.00929467,0.0012554452,0.97234344,0.0050273747,0.0
ERR1428260,0.0050000935,0.0036334568,0.009096714,0.0050869165,0.00084149075,0.00088847405,0.97545284,0.0
SRR3632963,0.0018980558,0.98295534,0.003079863,0.0033205585,0.0017705733,0.0011426249,0.0058330595,0.0
ERR443987,0.00023703356,0.0012441213,0.0016770519,0.9928926,0.0007580969,0.0020153355,0.0011757091,0.0
SRR5869697,0.0002325222,0.0012641628,0.0016920846,0.99297416,0.00073308294,0.0019682436,0.0011357209,0.0
ERR833525,0.0018980558,0.98295534,0.003079863,0.0033205585,0.0017705733,0.0011426249,0.0058330595,0.0
SRR7902227,0.0012142956,0.3338362,0.10271329,0.0001257956,0.005829543,0.00019776821,0.24784416,0.30823898
SRR1631393,0.0002323735,0.001264163,0.0016921443,0.9929743,0.0007330533,0.0019682439,0.0011356913,0.0
ERR2003175,0.00023252217,0.0012640734,0.0016921439,0.9929741,0.00073314237,0.0019682434,0.0011357208,0.0
ERR1594091,0.007879335,0.007841948,0.9407302,0.006737949,0.009433328,6.168039e-05,0.027315583,0.0
ERR1582187,0.0018980558,0.98295534,0.003079863,0.0033205585,0.0017705733,0.0011426249,0.0058330595,0.0
SRR2297110,0.000119152464,0.21816453,0.007438183,0.5661086,0.010241777,0.0010563135,0.000101600046,0.1967699
ERR1314207,0.00025509598,0.0011850051,0.0017019187,0.99237365,0.00086275203,0.002352998,0.0012686094,0.0
SRR6409190,0.0002326116,0.001263896,0.0016922345,0.99297345,0.00073329173,0.0019689887,0.0011355432,0.0
ERR1135732,0.0080038775,0.0034888233,0.0007517673,0.00981807,0.0013351607,0.9715127,0.005089693,0.0
SRR1949249,0.0002323735,0.001264163,0.0016921443,0.9929743,0.0007330533,0.0019682439,0.0011356913,0.0
SRR2761396,0.00023803502,0.0012385971,0.0016614862,0.9929219,0.00075785734,0.0019884831,0.0011937146,0.0
SRR2054534,0.007879335,0.007841948,0.9407302,0.006737949,0.009433328,6.168039e-05,0.027315583,0.0
ERR765817,0.0050000935,0.0036334568,0.009096714,0.0050869165,0.00084149075,0.00088847405,0.97545284,0.0
SRR5431336,0.00029535813,0.0012334408,0.0017437347,0.9915771,0.00115403,0.0026421268,0.0013542083,0.0
SRR1660203,0.0002325222,0.0012641033,0.0016920846,0.99297416,0.00073308294,0.0019682436,0.0011357209,0.0
SRR7479540,0.0018980555,0.9829553,0.0030798921,0.0033205284,0.0017705731,0.0011426248,0.0058330884,0.0
SRR7449308,0.0002324627,0.0012641033,0.0016921143,0.99297416,0.0007330532,0.0019682436,0.0011357804,0.0
ERR1582749,0.0018980558,0.98295534,0.003079863,0.0033205585,0.0017705733,0.0011426249,0.0058330595,0.0
ERR2204837,0.007795324,0.003613728,0.0007265351,0.0094607705,0.0012816057,0.9720259,0.005096113,0.0
ERR2531876,0.0002399621,0.0012303857,0.001654751,0.99289703,0.00076664146,0.0019986928,0.00121257,0.0
ERR1512285,0.007696748,0.0036548614,0.00072715885,0.009295021,0.0012554452,0.97234356,0.0050272867,0.0
SRR8610069,0.0050000935,0.0036334568,0.009096714,0.0050869165,0.00084149075,0.00088847405,0.97545284,0.0
ERR1523720,0.0076967487,0.003655096,0.0007271589,0.009294612,0.0012555332,0.9723435,0.0050272876,0.0
ERR1583294,0.0018980558,0.98295534,0.003079863,0.0033205585,0.0017705733,0.0011426249,0.0058330595,0.0
SRR8610934,0.0050000935,0.0036334568,0.009096714,0.0050869165,0.00084149075,0.00088847405,0.97545284,0.0
ERR1691126,0.0050000935,0.0036334568,0.009096714,0.0050869165,0.00084149075,0.00088847405,0.97545284,0.0
SRR7453719,0.00023533822,0.0012515578,0.0016774094,0.99294794,0.00074521784,0.0019777096,0.0011647635,0.0
ERR441867,0.00044907132,0.00031780786,0.0014484472,0.954561,0.0057679913,0.026190184,0.011265451,0.0
SRR6207143,0.0018980558,0.98295534,0.003079863,0.0033205585,0.0017705733,0.0011426249,0.0058330595,0.0
SRR1119099,0.007879335,0.007841948,0.9407302,0.006737949,0.009433328,6.168039e-05,0.027315583,0.0
ERR1103351,0.0018980558,0.98295534,0.003079863,0.0033205585,0.0017705733,0.0011426249,0.0058330595,0.0
SRR5801443,0.007879335,0.007841948,0.9407302,0.006737949,0.009433328,6.168039e-05,0.027315583,0.0
SRR3037170,0.0007582307,0.0022374988,0.003266126,0.50544286,0.002557397,0.408408,0.0005888939,0.07674104
ERR1462896,0.00023403401,0.0012562225,0.0016842537,0.99295366,0.0007407706,0.0019790272,0.0011520257,0.0
ERR923769,0.0050000935,0.0036334568,0.009096714,0.0050869165,0.00084149075,0.00088847405,0.97545284,0.0
ERR1689067,0.0050000935,0.0036334568,0.009096714,0.0050869165,0.00084149075,0.00088847405,0.97545284,0.0
SRR5699496,0.00023267015,0.0012626118,0.0016911271,0.99296886,0.00073459756,0.0019716877,0.0011384834,0.0
SRR2145441,0.00023240413,0.0012652386,0.0016946493,0.9929731,0.0007337105,0.0019664965,0.0011344462,0.0
ERR1829029,0.0076972255,0.0036538404,0.0007273061,0.009295793,0.0012558274,0.9723421,0.0050279372,0.0
SRR6444632,0.0002340336,0.0012565772,0.001682466,0.9929596,0.0007403231,0.001974443,0.0011526184,0.0
ERR1716680,0.0018980558,0.98295534,0.003079863,0.0033205585,0.0017705733,0.0011426249,0.0058330595,0.0
ERR1844983,0.007879335,0.007841948,0.9407302,0.006737949,0.009433328,6.168039e-05,0.027315583,0.0
ERR2511054,0.00023447842,0.0012540416,0.0016811772,0.9929507,0.0007427876,0.001979696,0.0011571627,0.0
ERR2013522,0.0025429153,0.037591342,0.078646705,0.035610422,0.8053833,0.0066043963,0.03362083,0.0
ERR765799,0.0050000935,0.0036334568,0.009096714,0.0050869165,0.00084149075,0.00088847405,0.97545284,0.0
SRR2107213,0.7629317,0.07463223,0.040253337,0.0035245733,0.0008091391,0.035828177,0.08202086,0.0
SRR6517605,0.0018980558,0.98295534,0.003079863,0.0033205585,0.0017705733,0.0011426249,0.0058330595,0.0
SRR5568786,0.0018980558,0.98295534,0.003079863,0.0033205585,0.0017705733,0.0011426249,0.0058330595,0.0
ERR1689522,0.0050000935,0.0036334568,0.009096714,0.0050869165,0.00084149075,0.00088847405,0.97545284,0.0
SRR2558649,0.0018980558,0.98295534,0.003079863,0.0033205585,0.0017705733,0.0011426249,0.0058330595,0.0
SRR943905,0.0018980558,0.98295534,0.003079863,0.0033205585,0.0017705733,0.0011426249,0.0058330595,0.0
ERR441809,0.0002333222,0.001260398,0.0016863805,0.99297017,0.00073646405,0.0019686336,0.0011445994,0.0
SRR5640773,0.0018980558,0.98295534,0.003079863,0.0033205585,0.0017705733,0.0011426249,0.0058330595,0.0
SRR3615209,0.00024668692,0.001206134,0.001618855,0.9928455,0.00079365086,0.0020061492,0.0012830397,0.0
SRR994733,0.0002323735,0.001264163,0.0016921443,0.9929743,0.0007330533,0.0019682439,0.0011356913,0.0
SRR5942123,0.00023364887,0.0012564984,0.001689143,0.99294347,0.00074050773,0.0019887073,0.0011479878,0.0
ERR1359982,0.0077031977,0.003652316,0.00072795025,0.00929415,0.0012569692,0.97233284,0.005032563,0.0
SRR6394250,0.00023243277,0.0012638345,0.0016918749,0.99297327,0.00073340954,0.0019687477,0.0011363743,0.0
ERR1690672,0.0050000935,0.0036334568,0.009096714,0.0050869165,0.00084149075,0.00088847405,0.97545284,0.0
ERR1582689,0.0018980558,0.98295534,0.003079863,0.0033205585,0.0017705733,0.0011426249,0.0058330595,0.0
ERR1548971,0.0002923652,0.00083531224,0.0019247573,0.98061585,0.0018584129,0.011959157,0.0025141928,0.0
SRR3095170,0.00024995935,0.0011954034,0.0016386686,0.99273425,0.0008139961,0.0020721497,0.0012955358,0.0
ERR328059,0.007879335,0.007841948,0.9407302,0.006737949,0.009433328,6.168039e-05,0.027315583,0.0
ERR883620,0.00023763056,0.0012401466,0.0016880723,0.99286556,0.00076101866,0.0020336465,0.0011739349,0.0
SRR6931332,0.00023769127,0.0012411941,0.0016879025,0.99286336,0.000761439,0.0020360663,0.0011722454,0.0
SRR994566,0.0002323735,0.001264163,0.0016921443,0.9929743,0.0007330533,0.0019682439,0.0011356913,0.0
ERR443600,0.0002323735,0.001264163,0.0016921443,0.9929743,0.0007330533,0.0019682439,0.0011356913,0.0
ERR1513327,0.007726505,0.0036559652,0.0007225185,0.009356015,0.0012718387,0.9721687,0.005098454,0.0
SRR5915797,0.0018980558,0.98295534,0.003079863,0.0033205585,0.0017705733,0.0011426249,0.0058330595,0.0
ERR1583184,0.0018980558,0.98295534,0.003079863,0.0033205585,0.0017705733,0.0011426249,0.0058330595,0.0
SRR5467806,0.00023317654,0.0012602063,0.0016946424,0.9929519,0.0007371877,0.0019840086,0.0011388736,0.0
ERR719511,0.00023609491,0.0012489203,0.0017062074,0.99287593,0.00075216027,0.0020353184,0.0011454038,0.0
ERR543039,0.007879335,0.007841948,0.9407302,0.006737949,0.009433328,6.168039e-05,0.027315583,0.0
ERR1529621,0.00023910566,0.0012342242,0.0016634484,0.9928867,0.0007651738,0.0020113846,0.00119996,0.0
SRR3587074,0.0018980558,0.98295534,0.003079863,0.0033205585,0.0017705733,0.0011426249,0.0058330595,0.0
ERR923719,0.0050000935,0.0036334568,0.009096714,0.0050869165,0.00084149075,0.00088847405,0.97545284,0.0
ERR1313420,0.00023361923,0.0012584325,0.0016866749,0.99295837,0.0007387234,0.0019770183,0.0011471555,0.0
SRR6443989,0.00023803479,0.0012392502,0.0016589564,0.99292564,0.00075782684,0.0019859828,0.0011942488,0.0
SRR6287314,0.0018980558,0.98295534,0.003079863,0.0033205585,0.0017705733,0.0011426249,0.0058330595,0.0
SRR952010,0.007879335,0.007841948,0.9407302,0.006737949,0.009433328,6.168039e-05,0.027315583,0.0
SRR5176187,0.0018980558,0.98295534,0.003079863,0.0033205585,0.0017705733,0.0011426249,0.0058330595,0.0
SRR996669,0.0002323735,0.001264163,0.0016921443,0.9929743,0.0007330533,0.0019682439,0.0011356913,0.0
SRR1949247,0.00023563358,0.0012502678,0.0016712673,0.99295646,0.0007458954,0.0019708807,0.0011696016,0.0
ERR1256457,0.00069886446,0.0023840964,0.003526181,0.49443522,0.0023159087,0.40896124,0.0004956126,0.08718288
ERR2511354,0.0002438707,0.0012158442,0.0016225431,0.99289536,0.00078029704,0.0019852265,0.0012568263,0.0
ERR1310790,0.0003085378,0.001329974,0.0019020842,0.99009085,0.0010763409,0.0037656012,0.0015265895,0.0
ERR1533329,0.007702486,0.0036673527,0.0007256621,0.009276502,0.0012598626,0.97233707,0.0050311033,0.0
SRR4414469,0.007879335,0.007841948,0.9407302,0.006737949,0.009433328,6.168039e-05,0.027315583,0.0
ERR2002357,0.00023246265,0.0012640435,0.0016920246,0.99297416,0.000733172,0.0019682432,0.0011359288,0.0
ERR1690717,0.0050000935,0.0036334568,0.009096714,0.0050869165,0.00084149075,0.00088847405,0.97545284,0.0
ERR1582046,0.0018980558,0.98295534,0.003079863,0.0033205585,0.0017705733,0.0011426249,0.0058330595,0.0
SRR5831811,0.0002326111,0.0012636256,0.0016915468,0.99297327,0.0007335281,0.0019687465,0.0011367305,0.0
ERR1512257,0.007703771,0.0036575529,0.0007274511,0.009285114,0.001256235,0.97233605,0.0050337557,0.0
ERR531521,0.00023799093,0.0012410865,0.0016908629,0.9928493,0.0007639744,0.0020461986,0.00117065,0.0
SRR5180548,0.0018980558,0.98295534,0.003079863,0.0033205585,0.0017705733,0.0011426249,0.0058330595,0.0
SRR5181255,0.0018980558,0.98295534,0.003079863,0.0033205585,0.0017705733,0.0011426249,0.0058330595,0.0
SRR6411997,0.00023243293,0.0012641032,0.0016920547,0.99297416,0.00073314237,0.0019682732,0.0011357802,0.0
SRR943608,0.007879335,0.007841948,0.9407302,0.006737949,0.009433328,6.168039e-05,0.027315583,0.0
SRR2897244,0.007700873,0.003655855,0.00072730484,0.009289363,0.0012562937,0.9723379,0.005032351,0.0
SRR2168142,0.0018980558,0.98295534,0.003079863,0.0033205585,0.0017705733,0.0011426249,0.0058330595,0.0
SRR2168074,0.0018980558,0.98295534,0.003079863,0.0033205585,0.0017705733,0.0011426249,0.0058330595,0.0
SRR6028505,0.00024274475,0.0012217836,0.0016256939,0.9929227,0.0007731429,0.0019701822,0.0012437323,0.0
SRR1023717,0.0050000935,0.0036334568,0.009096714,0.0050869165,0.00084149075,0.00088847405,0.97545284,0.0
ERR2043588,0.007879335,0.007841948,0.9407302,0.006737949,0.009433328,6.168039e-05,0.027315583,0.0
ERR1521987,0.007696748,0.0036548614,0.00072715885,0.009295021,0.0012554452,0.97234356,0.0050272867,0.0
SRR4054186,0.0018980558,0.98295534,0.003079863,0.0033205585,0.0017705733,0.0011426249,0.0058330595,0.0
SRR980684,0.007879335,0.007841948,0.9407302,0.006737949,0.009433328,6.168039e-05,0.027315583,0.0
ERR1690497,0.0050000935,0.0036334568,0.009096714,0.0050869165,0.00084149075,0.00088847405,0.97545284,0.0
ERR1897671,0.0017960623,0.9776192,0.0048854835,0.0018835439,0.0026662357,0.00096276816,0.010186747,0.0
ERR883580,0.00023055609,0.0013092718,0.0017984745,0.9922194,0.00077108934,0.002514097,0.0011570952,0.0
ERR531506,0.00024644856,0.0012052396,0.0016122202,0.99286044,0.00079266797,0.0019989484,0.0012840186,0.0
ERR441221,0.00023246267,0.0012641627,0.0016921142,0.9929741,0.0007331126,0.0019682434,0.0011358099,0.0
SRR5831824,0.00023246267,0.0012640734,0.0016921142,0.992974,0.00073314237,0.001968422,0.0011358099,0.0
ERR1256365,0.0076862136,0.0036572663,0.00072734104,0.009305882,0.0012548706,0.97233886,0.0050295577,0.0
SRR1783014,0.007879335,0.007841948,0.9407302,0.006737949,0.009433328,6.168039e-05,0.027315583,0.0
ERR1513388,0.007709921,0.0037055921,0.0007207165,0.009274539,0.0012763957,0.9722289,0.0050839097,0.0
SRR5468060,0.0002324626,0.001263954,0.0016921135,0.9929733,0.0007332611,0.0019687782,0.0011360177,0.0
ERR1523680,0.0076966323,0.003657717,0.0007271324,0.0092910165,0.0012562409,0.97234434,0.0050269263,0.0
SRR5181179,0.0018980558,0.98295534,0.003079863,0.0033205585,0.0017705733,0.0011426249,0.0058330595,0.0
SRR6932229,0.0002323735,0.001264163,0.0016921443,0.9929743,0.0007330533,0.0019682439,0.0011356913,0.0
SRR5983269,0.00023284806,0.0012619842,0.0016903795,0.9929684,0.000735042,0.0019714748,0.001139849,0.0
SRR3647825,0.00024325121,0.0012111109,0.0016523476,0.99276996,0.0007903954,0.0020854948,0.0012474246,0.0
ERR500019,0.0004311613,0.0008160411,0.00093670463,0.9893576,0.0018344712,0.0023846084,0.0042393925,0.0
ERR1256874,0.005668715,0.0040159547,0.00079440913,0.013438608,0.0012309763,0.96912014,0.005731132,0.0
SRR6444629,0.00023565453,0.0012552872,0.0017049108,0.9928848,0.00075039396,0.0020346546,0.0011343663,0.0
DRR050898,0.00023249212,0.0012636851,0.0016915764,0.99297327,0.00073349837,0.0019687167,0.0011368495,0.0
ERR1298240,0.0050000935,0.0036334568,0.009096714,0.0050869165,0.00084149075,0.00088847405,0.97545284,0.0
SRR6264590,0.00023278875,0.0012626395,0.0016901427,0.9929721,0.0007343584,0.0019688585,0.0011390764,0.0
SRR5002062,0.0018979969,0.9829554,0.0030798335,0.003320529,0.0017706323,0.0011426249,0.0058330004,0.0
ERR719184,0.000233323,0.0012592422,0.0016893311,0.9929575,0.00073786464,0.0019786647,0.0011440978,0.0
ERR1384267,0.00023451133,0.0012541478,0.001687268,0.99293107,0.00074479065,0.001995488,0.0011527464,0.0
ERR1513338,0.007697581,0.0036553221,0.00072698155,0.0092946505,0.0012558819,0.972341,0.0050285356,0.0
SRR5467808,0.00023296844,0.0012610101,0.0016945836,0.9929567,0.0007361767,0.001980678,0.0011378331,0.0
SRR1706188,0.0002323735,0.001264163,0.0016921443,0.9929743,0.0007330533,0.0019682439,0.0011356913,0.0
SRR6038462,0.0002394566,0.0012330037,0.0016502608,0.99291843,0.00076325116,0.0019857856,0.0012097748,0.0
SRR2060124,0.0018980558,0.98295534,0.003079863,0.0033205585,0.0017705733,0.0011426249,0.0058330595,0.0
SRR1747757,0.0018980558,0.98295534,0.003079863,0.0033205585,0.0017705733,0.0011426249,0.0058330595,0.0
SRR1975436,0.0018980558,0.98295534,0.003079863,0.0033205585,0.0017705733,0.0011426249,0.0058330595,0.0
SRR5180879,0.0018980558,0.98295534,0.0030798924,0.00332047,0.0017706323,0.0011426249,0.0058330004,0.0
SRR5181286,0.0018980558,0.98295534,0.003079863,0.0033205585,0.0017705733,0.0011426249,0.0058330595,0.0
ERR1144153,0.0018980558,0.98295534,0.003079863,0.0033205585,0.0017705733,0.0011426249,0.0058330595,0.0
SRR944463,0.007879335,0.007841948,0.9407302,0.006737949,0.009433328,6.168039e-05,0.027315583,0.0
ERR567208,0.0077074426,0.0036616137,0.00072830427,0.009281911,0.0012562121,0.9723179,0.005046727,0.0
SRR6477219,0.0018980558,0.98295534,0.003079863,0.0033205585,0.0017705733,0.0011426249,0.0058330595,0.0
ERR2738914,0.00023427045,0.0012561845,0.0016799,0.99296534,0.0007403196,0.0019691985,0.0011548141,0.0
ERR2709752,0.0050000935,0.0036334568,0.009096714,0.0050869165,0.00084149075,0.00088847405,0.97545284,0.0
SRR5916482,0.0018980558,0.98295534,0.003079863,0.0033205585,0.0017705733,0.0011426249,0.0058330595,0.0
SRR2039473,0.002270501,0.00041752285,0.007992349,0.67908126,0.01360524,0.0004778506,0.29615524,0.0
ERR1382547,0.00022193197,0.0011005613,0.0021685644,0.9888125,0.0010173369,0.005501766,0.0011772742,0.0
ERR2286310,0.0002880781,0.0011180973,0.0015754373,0.9920854,0.0010098637,0.0023166342,0.0016065013,0.0
SRR1785816,0.007879335,0.007841948,0.9407302,0.006737949,0.009433328,6.168039e-05,0.027315583,0.0
SRR1261499,0.0018980558,0.98295534,0.003079863,0.0033205585,0.0017705733,0.0011426249,0.0058330595,0.0
DRR047354,0.00023341115,0.0012594743,0.0016867354,0.9929656,0.00073729607,0.0019717547,0.0011457581,0.0
ERR1582861,0.0018980558,0.98295534,0.003079863,0.0033205585,0.0017705733,0.0011426249,0.0058330595,0.0
SRR1784924,0.007879335,0.007841948,0.9407302,0.006737949,0.009433328,6.168039e-05,0.027315583,0.0
SRR4414530,0.007879335,0.007841948,0.9407302,0.006737949,0.009433328,6.168039e-05,0.027315583,0.0
SRR2135728,0.0018980558,0.98295534,0.003079863,0.0033205585,0.0017705733,0.0011426249,0.0058330595,0.0
ERR1398169,0.0002332685,0.0012201531,0.0017637324,0.99249655,0.0007844628,0.0023581178,0.001143676,0.0
ERR1309913,0.00023243288,0.0012639244,0.0016918757,0.99297416,0.0007332314,0.001968243,0.0011360775,0.0
ERR487975,0.007696748,0.0036548614,0.00072715885,0.009295021,0.0012554744,0.97234344,0.0050273747,0.0
ERR883441,0.00023581463,0.0012480804,0.0016791977,0.992924,0.0007497703,0.0019959174,0.0011672348,0.0
SRR7275947,0.0018980558,0.98295534,0.003079863,0.0033205585,0.0017705733,0.0011426249,0.0058330595,0.0
SRR8609495,0.0050000935,0.0036334568,0.009096714,0.0050869165,0.00084149075,0.00088847405,0.97545284,0.0
SRR5180158,0.0018980558,0.98295534,0.003079863,0.0033205585,0.0017705733,0.0011426249,0.0058330595,0.0
ERR1533554,0.0076980293,0.0036579624,0.000726836,0.009290444,0.0012565276,0.97234213,0.0050280434,0.0
DRR042819,0.00023261097,0.0012635654,0.0016913376,0.9929734,0.0007336466,0.001968448,0.0011369976,0.0
ERR2287480,0.007705252,0.0036550881,0.0007271515,0.009300493,0.0012570727,0.97231627,0.005038688,0.0
ERR1523678,0.0079057375,0.0035929927,0.000725257,0.009613864,0.0013386905,0.9716467,0.0051767053,0.0
SRR3094695,0.00023246267,0.0012641032,0.0016921142,0.9929741,0.0007330829,0.0019683328,0.0011357504,0.0
SRR6008410,0.0018980558,0.98295534,0.003079863,0.0033205585,0.0017705733,0.0011426249,0.0058330595,0.0
SRR6932207,0.0002323735,0.001264163,0.0016921443,0.9929743,0.0007330533,0.0019682439,0.0011356913,0.0
DRR029165,0.00023795372,0.0012400363,0.0016870621,0.9928783,0.00075892365,0.0020187993,0.0011788822,0.0
SRR6511746,0.0018980558,0.98295534,0.003079863,0.0033205585,0.0017705733,0.0011426249,0.0058330595,0.0
SRR5178132,0.00023237347,0.0012641628,0.0016921441,0.9929742,0.0007330532,0.0019682436,0.00113581,0.0
ERR883445,0.00023984356,0.0012314884,0.0016516311,0.9929012,0.0007665238,0.001997566,0.0012117692,0.0
SRR7212354,0.0018980558,0.98295534,0.003079863,0.0033205585,0.0017705733,0.0011426249,0.0058330595,0.0
ERR1383416,0.0002480967,0.0012017612,0.0016519459,0.9927376,0.0008081434,0.0020809253,0.001271622,0.0
SRR5908414,0.0018980558,0.98295534,0.003079863,0.0033205585,0.0017705733,0.0011426249,0.0058330595,0.0
SRR7365543,0.0018980558,0.98295534,0.003079863,0.0033205585,0.0017705733,0.0011426249,0.0058330595,0.0
SRR4414884,0.007879335,0.007841948,0.9407302,0.006737949,0.009433328,6.168039e-05,0.027315583,0.0
DRR041879,0.00023694044,0.0012441009,0.001675894,0.99291736,0.0007533254,0.0019936785,0.0011786642,0.0
SRR5869549,0.0002323735,0.001264163,0.0016921443,0.9929743,0.0007330533,0.0019682439,0.0011356913,0.0
SRR5179736,0.0018980558,0.98295534,0.003079863,0.0033205585,0.0017705733,0.0011426249,0.0058330595,0.0
ERR107156,0.00024013956,0.0012304699,0.0016519781,0.9929037,0.0007661921,0.0019934794,0.0012140224,0.0
ERR2495612,0.0050000935,0.0036334568,0.009096714,0.0050869165,0.00084149075,0.00088847405,0.97545284,0.0
SRR6394015,0.00023237352,0.0012640739,0.0016920255,0.9929744,0.0007330831,0.0019683037,0.0011357211,0.0
SRR5915439,0.0018980558,0.98295534,0.003079863,0.0033205585,0.0017705733,0.0011426249,0.0058330595,0.0
SRR1371288,0.0018980558,0.98295534,0.003079863,0.0033205585,0.0017705733,0.0011426249,0.0058330595,0.0
DRR047787,0.00023270004,0.0012625828,0.0016919312,0.9929676,0.00073459797,0.0019725217,0.0011380974,0.0
ERR531974,0.00024350053,0.001217354,0.0016662847,0.9927987,0.0007868633,0.0020571884,0.0012301728,0.0
SRR920639,0.0002323735,0.001264163,0.0016921443,0.9929743,0.0007330533,0.0019682439,0.0011356913,0.0
SRR2143738,0.00024085087,0.0012281075,0.0016434846,0.9928942,0.00077156746,0.0019983663,0.0012234083,0.0
SRR5180733,0.0018980558,0.98295534,0.003079863,0.0033205585,0.0017705733,0.0011426249,0.0058330595,0.0
ERR2592244,0.782644,0.052700687,0.041303515,0.004410164,0.00080101745,0.03984452,0.07829619,0.0
SRR3037204,0.00010619331,0.0045264363,0.004081726,0.7933309,0.0006542802,0.10053614,0.0011863708,0.095577955
ERR2231365,0.007696748,0.0036548614,0.00072715885,0.009295021,0.0012554452,0.97234356,0.0050272867,0.0
ERR2511663,0.00024334353,0.0012168961,0.0016432678,0.9928433,0.0007840111,0.0020255926,0.0012435741,0.0
SRR8605299,0.0050000935,0.0036334568,0.009096714,0.0050869165,0.00084149075,0.00088847405,0.97545284,0.0
ERR1905860,0.0050000935,0.0036334568,0.009096714,0.0050869165,0.00084149075,0.00088847405,0.97545284,0.0
ERR883572,0.0002332629,0.0012606072,0.0016867091,0.9929703,0.0007362862,0.001968784,0.0011440947,0.0
ERR1611378,0.0002323735,0.001264163,0.0016921443,0.9929743,0.0007330533,0.0019682439,0.0011356913,0.0
ERR499484,0.00026118616,0.0011907602,0.0017819909,0.9924085,0.0008544395,0.002253292,0.001249803,0.0
SRR3094883,0.00024010472,0.0012336302,0.0017044996,0.9927978,0.00077284453,0.0020776554,0.0011734553,0.0
SRR4414350,0.007879335,0.007841948,0.9407302,0.006737949,0.009433328,6.168039e-05,0.027315583,0.0
SRR6931991,0.0002324627,0.0012641628,0.0016920846,0.9929742,0.00073308294,0.0019682436,0.0011357804,0.0
ERR522424,0.00025124592,0.0011764161,0.001620713,0.99259317,0.0008363465,0.0021820539,0.001340117,0.0
SRR995694,0.0002323735,0.001264163,0.0016921443,0.9929743,0.0007330533,0.0019682439,0.0011356913,0.0
SRR1704561,0.0002323735,0.001264163,0.0016921443,0.9929743,0.0007330533,0.0019682439,0.0011356913,0.0
ERR1511918,0.0077933813,0.003633284,0.0007206419,0.009455054,0.0012878374,0.97199696,0.0051129297,0.0
ERR209544,0.00022336653,0.0011344402,0.0020522356,0.9903725,0.000937961,0.0041787387,0.0011008014,0.0
SRR2090085,0.0018980558,0.98295534,0.003079863,0.0033205585,0.0017705733,0.0011426249,0.0058330595,0.0
ERR1960734,0.0002324627,0.0012641033,0.0016921143,0.9929742,0.00073308294,0.0019682436,0.00113581,0.0
SRR3951156,0.0002324922,0.0012638045,0.0016917853,0.9929734,0.0007334391,0.0019685985,0.0011364336,0.0
SRR5165949,0.0002323735,0.001264163,0.0016921443,0.9929743,0.0007330533,0.0019682439,0.0011356913,0.0
ERR1384451,0.00023649546,0.0012453861,0.001672809,0.9929243,0.00075228815,0.0019930936,0.0011755767,0.0
SRR2046598,0.00023717483,0.0012435468,0.0016634362,0.9929419,0.0007526003,0.001976219,0.00118519,0.0
ERR1313888,0.0002690027,0.0011403181,0.0015533954,0.9924921,0.00090785435,0.002143905,0.0014934882,0.0
SRR5451648,0.0018980558,0.98295534,0.003079863,0.0033205585,0.0017705733,0.0011426249,0.0058330595,0.0
SRR4414959,0.007879335,0.007841948,0.9407302,0.006737949,0.009433328,6.168039e-05,0.027315583,0.0
ERR500047,0.00023243285,0.0012641324,0.0016921135,0.9929738,0.0007331421,0.0019683617,0.0011358988,0.0
ERR1811123,0.00024323195,0.001219699,0.0016541736,0.99281204,0.00078745524,0.0020503697,0.0012330533,0.0
ERR719961,0.00023344086,0.0012589983,0.0016865865,0.9929626,0.00073792064,0.0019740744,0.001146353,0.0
SRR1783750,0.007879335,0.007841948,0.9407302,0.006737949,0.009433328,6.168039e-05,0.027315583,0.0
SRR5827478,0.0018980558,0.98295534,0.003079863,0.0033205585,0.0017705733,0.0011426249,0.0058330595,0.0
SRR1286267,0.0018980558,0.98295534,0.003079863,0.0033205585,0.0017705733,0.0011426249,0.0058330595,0.0
ERR500383,0.0002325517,0.001263864,0.0016916961,0.9929738,0.00073332014,0.0019683011,0.0011364038,0.0
SRR6414389,0.00023287749,0.0012621013,0.0016890087,0.9929721,0.0007349517,0.0019685272,0.0011405018,0.0
ERR1256244,0.0009351866,0.0011256231,0.0048704646,0.21635482,0.0046054916,0.7712105,0.000897944,0.0
ERR543266,0.007879335,0.007841948,0.9407302,0.006737949,0.009433328,6.168039e-05,0.027315583,0.0
ERR908134,0.007718853,0.0036414056,0.00073263363,0.009287397,0.0012657137,0.97231394,0.0050400672,0.0
SRR1461381,0.000243337,0.0012192724,0.0016211859,0.9929211,0.000775514,0.001968704,0.0012507973,0.0
ERR1226588,0.0050000935,0.0036334568,0.009096714,0.0050869165,0.00084149075,0.00088847405,0.97545284,0.0
SRR1460648,0.0018980558,0.98295534,0.003079863,0.0033205585,0.0017705733,0.0011426249,0.0058330595,0.0
SRR1618173,0.00023308504,0.001261027,0.0016882007,0.99296904,0.00073590147,0.0019703063,0.001142551,0.0
SRR8610649,0.0050000935,0.0036334568,0.009096714,0.0050869165,0.00084149075,0.00088847405,0.97545284,0.0
SRR5180757,0.0018980558,0.98295534,0.003079863,0.0033205585,0.0017705733,0.0011426249,0.0058330595,0.0
SRR980688,0.007879335,0.007841948,0.9407302,0.006737949,0.009433328,6.168039e-05,0.027315583,0.0
SRR2107180,0.10804531,0.00063976645,0.5466154,0.0054253936,0.009028643,0.0034706295,0.06483328,0.26194155
SRR3191073,0.00023388554,0.0012577409,0.0016836607,0.9929643,0.00073901645,0.0019710874,0.0011502719,0.0
SRR1949219,0.0002323735,0.001264163,0.0016921443,0.9929743,0.0007330533,0.0019682439,0.0011356913,0.0
ERR883516,0.00023958569,0.0012335614,0.001670348,0.9928516,0.0007710465,0.0020361957,0.0011975715,0.0
DRR047826,0.00023272952,0.0012624328,0.0016914832,0.992968,0.0007347162,0.0019719545,0.0011385721,0.0
SRR955747,0.007879335,0.007841948,0.9407302,0.006737949,0.009433328,6.168039e-05,0.027315583,0.0
ERR1385452,0.00024370382,0.0012162587,0.0016514994,0.99281627,0.00078759104,0.0020445068,0.0012401117,0.0
SRR5180778,0.0018980558,0.98295534,0.003079863,0.0033205585,0.0017705733,0.0011426249,0.0058330595,0.0
DRR043191,0.00023302587,0.0012615046,0.0016888279,0.99296963,0.00073542655,0.0019700413,0.001141571,0.0
SRR1747569,0.0018980558,0.98295534,0.003079863,0.0033205585,0.0017705733,0.0011426249,0.0058330595,0.0
SRR5160340,0.0018982016,0.9829547,0.0030798898,0.0033206441,0.0017706308,0.0011427124,0.005833202,0.0
SRR6056045,0.0018980558,0.98295534,0.003079863,0.0033205585,0.0017705733,0.0011426249,0.0058330595,0.0
SRR8610206,0.0050000935,0.0036334568,0.009096714,0.0050869165,0.00084149075,0.00088847405,0.97545284,0.0
SRR1631365,0.0002323735,0.001264163,0.0016921443,0.9929743,0.0007330533,0.0019682439,0.0011356913,0.0
DRR043898,0.0002406181,0.001228342,0.0016648453,0.9928651,0.0007707512,0.0020180393,0.0012123404,0.0
ERR1582849,0.0018980558,0.98295534,0.003079863,0.0033205585,0.0017705733,0.0011426249,0.0058330595,0.0
SRR943555,0.007879335,0.007841948,0.9407302,0.006737949,0.009433328,6.168039e-05,0.027315583,0.0
ERR1111258,0.00023495626,0.001252178,0.0016854148,0.9929251,0.00074683904,0.0019984518,0.0011569937,0.0
ERR1263531,0.0076967487,0.0036548618,0.00072712963,0.009294963,0.0012555039,0.9723435,0.005027229,0.0
ERR1677068,0.0050000935,0.0036334568,0.009096714,0.0050869165,0.00084149075,0.00088847405,0.97545284,0.0
ERR1691787,0.0050000935,0.0036334568,0.009096714,0.0050869165,0.00084149075,0.00088847405,0.97545284,0.0
ERR1690194,0.0050000935,0.0036334568,0.009096714,0.0050869165,0.00084149075,0.00088847405,0.97545284,0.0
SRR5181288,0.0018980558,0.98295534,0.003079863,0.0033205585,0.0017705733,0.0011426249,0.0058330595,0.0
ERR539209,0.007879335,0.007841948,0.9407302,0.006737949,0.009433328,6.168039e-05,0.027315583,0.0
SRR4125095,0.007696748,0.0036548614,0.00072715885,0.009295021,0.0012554452,0.97234356,0.0050272867,0.0
SRR1998992,0.0050000935,0.0036334568,0.009096714,0.0050869165,0.00084149075,0.00088847405,0.97545284,0.0
ERR1701299,0.0002323735,0.001264163,0.0016921443,0.9929743,0.0007330533,0.0019682439,0.0011356913,0.0
SRR5273203,0.0018980558,0.98295534,0.003079863,0.0033205585,0.0017705733,0.0011426249,0.0058330595,0.0
SRR1747540,0.0018980558,0.98295534,0.003079863,0.0033205585,0.0017705733,0.0011426249,0.0058330595,0.0
SRR1719026,0.0018274188,0.017442137,0.0014552176,0.053174436,0.0005196035,0.53570056,0.0048945546,0.3849861
DRR043846,0.00023803663,0.0012393788,0.0016685467,0.9929106,0.00075792195,0.0019949807,0.00119054,0.0
ERR2600137,0.0050000935,0.0036334568,0.009096714,0.0050869165,0.00084149075,0.00088847405,0.97545284,0.0
ERR1135691,0.007698772,0.0036529745,0.0007271271,0.009301052,0.0012561145,0.972336,0.0050279433,0.0
SRR1927914,0.0018980558,0.98295534,0.003079863,0.0033205585,0.0017705733,0.0011426249,0.0058330595,0.0
ERR365856,0.00024092005,0.001230001,0.0016609207,0.9928364,0.00077855843,0.0020416933,0.0012115304,0.0
ERR833167,0.0050000935,0.0036334568,0.009096714,0.0050869165,0.00084149075,0.00088847405,0.97545284,0.0
ERR1548955,0.0002364452,0.0012472492,0.0017025601,0.9928847,0.0007518713,0.002021013,0.0011560799,0.0
SRR996553,0.0002323735,0.001264163,0.0016921443,0.9929743,0.0007330533,0.0019682439,0.0011356913,0.0
ERR450788,0.0006277263,0.014382184,0.0036611557,0.21806872,0.008913547,0.3277707,0.00019019842,0.42638576
SRR3503382,0.0002325222,0.0012641033,0.0016920846,0.9929742,0.00073308294,0.0019682436,0.0011357209,0.0
ERR2784798,0.00023558692,0.0012516448,0.0016985758,0.9928964,0.0007499815,0.0020192359,0.0011485756,0.0
SRR6444590,0.00023272936,0.0012626103,0.0016903516,0.99297124,0.0007344777,0.0019696625,0.0011389282,0.0
SRR996169,0.0002359921,0.0012486702,0.0016809753,0.99292725,0.00074884517,0.0019899304,0.0011684197,0.0
ERR2249119,0.00023914214,0.0012358355,0.0016744412,0.99285275,0.0007692108,0.0020374078,0.0011911896,0.0
SRR3503260,0.00023246279,0.0012641335,0.0016921447,0.99297404,0.0007330535,0.0019683633,0.0011357807,0.0
SRR2046596,0.00023925335,0.0012327317,0.0016647797,0.9928849,0.0007653787,0.0020111974,0.0012018882,0.0
SRR1145392,0.00024121409,0.0012276637,0.0016721699,0.9928454,0.0007730153,0.0020284588,0.0012120785,0.0
ERR1135245,0.0076967496,0.0036548036,0.00072715903,0.009295082,0.0012554748,0.97234344,0.005027288,0.0
SRR8605583,0.0050000935,0.0036334568,0.009096714,0.0050869165,0.00084149075,0.00088847405,0.97545284,0.0
SRR943528,0.007879335,0.007841948,0.9407302,0.006737949,0.009433328,6.168039e-05,0.027315583,0.0
SRR5113071,0.0018980558,0.98295534,0.003079863,0.0033205585,0.0017705733,0.0011426249,0.0058330595,0.0
ERR1583178,0.0018980558,0.98295534,0.003079863,0.0033205585,0.0017705733,0.0011426249,0.0058330595,0.0
SRR3884293,0.0018980558,0.98295534,0.003079863,0.0033205585,0.0017705733,0.0011426249,0.0058330595,0.0
SRR5687842,0.0002325222,0.0012641033,0.0016920846,0.9929742,0.00073308294,0.0019682436,0.0011357209,0.0
DRR043007,0.00023255167,0.0012635961,0.0016917851,0.99297255,0.00073355803,0.0019693123,0.0011367309,0.0
SRR3053260,0.00023616948,0.0012468499,0.0016742155,0.9929252,0.0007514294,0.0019934012,0.0011726677,0.0
ERR500707,0.00023269987,0.0012631769,0.0016906213,0.99297327,0.0007339431,0.0019682369,0.0011380371,0.0
ERR1690578,0.0050000935,0.0036334568,0.009096714,0.0050869165,0.00084149075,0.00088847405,0.97545284,0.0
SRR1922849,0.0002328185,0.001262699,0.0016901427,0.9929721,0.0007344476,0.0019687992,0.0011389575,0.0
ERR1109446,0.0002324627,0.001264133,0.0016919953,0.9929743,0.0007330532,0.0019682436,0.0011358398,0.0
ERR1535949,0.0018980558,0.98295534,0.003079863,0.0033205585,0.0017705733,0.0011426249,0.0058330595,0.0
SRR388063,0.0002323735,0.001264163,0.0016921443,0.9929743,0.0007330533,0.0019682439,0.0011356913,0.0
ERR1529617,0.00030047586,0.0017051775,0.0014419447,0.9894328,0.001874811,0.0039249416,0.0013198253,0.0
ERR487062,0.007605686,0.0041366825,0.0006889347,0.009790889,0.0014612231,0.97025144,0.0060652075,0.0
ERR1428336,0.0050000935,0.0036334568,0.009096714,0.0050869165,0.00084149075,0.00088847405,0.97545284,0.0
ERR1689905,0.0050000935,0.0036334568,0.009096714,0.0050869165,0.00084149075,0.00088847405,0.97545284,0.0
ERR1103308,0.0018980558,0.98295534,0.003079863,0.0033205585,0.0017705733,0.0011426249,0.0058330595,0.0
SRR1805132,0.007879335,0.007841948,0.9407302,0.006737949,0.009433328,6.168039e-05,0.027315583,0.0
SRR6670760,0.0076967487,0.0036548618,0.0007271589,0.009294905,0.0012554453,0.9723436,0.0050272876,0.0
ERR209880,0.0002482811,0.0012044667,0.0016745591,0.99270576,0.00080706226,0.0021020616,0.0012578227,0.0
SRR980324,0.0018980558,0.98295534,0.003079863,0.0033205585,0.0017705733,0.0011426249,0.0058330595,0.0
ERR1263443,0.0077008917,0.003652483,0.00072709325,0.009307702,0.0012574833,0.97231895,0.0050354395,0.0
ERR2560656,0.0077186837,0.0036664817,0.00072402385,0.0092842635,0.0012663169,0.9722804,0.0050598197,0.0
SRR5155977,0.00023258117,0.0012634759,0.0016910693,0.9929736,0.00073370594,0.0019682988,0.0011372651,0.0
SRR6931636,0.00023344053,0.0012595616,0.001685305,0.99296874,0.00073726516,0.0019691638,0.0011464702,0.0
DRR041865,0.0002331741,0.001260907,0.0016881698,0.9929682,0.00073604967,0.0019706022,0.0011429071,0.0
SRR7584041,0.007696691,0.0036548914,0.0007271297,0.009295053,0.0012554454,0.9723435,0.005027259,0.0
ERR1523534,0.007696748,0.0036548614,0.00072715885,0.009295021,0.0012554452,0.97234356,0.0050272867,0.0
SRR1747634,0.0018980558,0.98295534,0.003079863,0.0033205585,0.0017705733,0.0011426249,0.0058330595,0.0
SRR3681405,0.0018980558,0.98295534,0.003079863,0.0033205585,0.0017705733,0.0011426249,0.0058330595,0.0
SRR6038361,0.00039243698,0.008361995,0.0018946826,0.5924207,0.004603833,0.2079868,0.00084605813,0.1834935
ERR1315641,0.00023355996,0.0012576305,0.0016881042,0.99295336,0.0007393785,0.0019807385,0.0011472756,0.0
SRR995044,0.0002323735,0.001264163,0.0016921443,0.9929743,0.0007330533,0.0019682439,0.0011356913,0.0
SRR7449170,0.00023252217,0.0012641032,0.0016920547,0.99297416,0.0007330829,0.0019682434,0.0011358397,0.0
ERR756976,0.0009126365,0.0025664568,0.0031603575,0.47449842,0.0031408072,0.4567729,0.0007638931,0.058184505
SRR6931573,0.0002323735,0.001264163,0.0016921443,0.9929743,0.0007330533,0.0019682439,0.0011356913,0.0
ERR2011901,0.00023246267,0.0012641627,0.0016921142,0.9929741,0.0007330829,0.0019682434,0.0011357802,0.0
ERR3506576,0.007712842,0.0036477034,0.0007251885,0.009342107,0.0012623512,0.9722556,0.005054237,0.0
SRR7902078,0.0012142956,0.3338362,0.10271329,0.0001257956,0.005829543,0.00019776821,0.24784416,0.30823898
ERR543132,0.007879335,0.007841948,0.9407302,0.006737949,0.009433328,6.168039e-05,0.027315583,0.0
SRR921129,0.0002323735,0.001264163,0.0016921443,0.9929743,0.0007330533,0.0019682439,0.0011356913,0.0
ERR2738993,0.0002463614,0.0012053389,0.0016187167,0.99284357,0.00079395337,0.0020112772,0.0012807283,0.0
SRR1949150,0.00023255152,0.0012635656,0.0016912784,0.9929735,0.0007335278,0.0019684485,0.0011370871,0.0
ERR1103186,0.0018980558,0.98295534,0.003079863,0.0033205585,0.0017705733,0.0011426249,0.0058330595,0.0
SRR1503974,0.0018980558,0.98295534,0.003079863,0.0033204993,0.0017705733,0.0011426249,0.0058330595,0.0
SRR2657602,0.0018980558,0.98295534,0.003079863,0.0033205585,0.0017705733,0.0011426249,0.0058330595,0.0
SRR6754395,0.0018980558,0.98295534,0.003079863,0.0033205585,0.0017705733,0.0011426249,0.0058330595,0.0
DRR043949,0.00023281822,0.0012622215,0.0016897242,0.99297106,0.0007348334,0.0019693917,0.0011399377,0.0
ERR2511649,0.00024864677,0.0012143243,0.0016474039,0.9926801,0.00082585827,0.0021217957,0.0012618527,0.0
SRR1141249,0.007890268,0.007923283,0.9404944,0.00666113,0.009330456,6.1955216e-05,0.027638415,0.0
SRR6367234,0.00023317468,0.0012601665,0.0016907321,0.99296045,0.0007368546,0.0019763778,0.0011422555,0.0
SRR980723,0.007879335,0.007841948,0.9407302,0.006737949,0.009433328,6.168039e-05,0.027315583,0.0
ERR1582188,0.0018980558,0.98295534,0.003079863,0.0033205585,0.0017705733,0.0011426249,0.0058330595,0.0
ERR1383223,0.00023710224,0.001245746,0.0016939826,0.9928596,0.00076014904,0.002042512,0.0011609116,0.0
ERR1308111,0.0077124923,0.0036299955,0.00072690117,0.009382646,0.0012598858,0.9722655,0.005022674,0.0
SRR7454176,0.0002324329,0.0012640733,0.0016919652,0.9929741,0.0007331125,0.0019682432,0.0011359586,0.0
ERR2528837,0.007715803,0.0036554816,0.0007302762,0.009269145,0.0012596555,0.9723325,0.0050370987,0.0
ERR1533543,0.0076957885,0.003655099,0.0007272181,0.009295909,0.0012553877,0.97234315,0.0050274674,0.0
ERR139404,0.00025117048,0.0011931341,0.001605338,0.99273896,0.00082509173,0.002065956,0.001320355,0.0
ERR525692,0.00023364808,0.0012586954,0.0016841699,0.99296695,0.0007380662,0.0019700208,0.0011484302,0.0
ERR1313491,0.00023827152,0.0012382921,0.0016568957,0.9929291,0.0007580312,0.0019826118,0.001196741,0.0
SRR6264583,0.00023436155,0.0012539042,0.0016870819,0.99293786,0.0007433595,0.001989976,0.0011534253,0.0
ERR866704,0.00023744853,0.0012415855,0.0016856377,0.99288887,0.0007568431,0.0020134198,0.0011762374,0.0
ERR765879,0.0050000935,0.0036334568,0.009096714,0.0050869165,0.00084149075,0.00088847405,0.97545284,0.0
SRR6038331,0.00023756003,0.0012415464,0.0016604217,0.99293846,0.0007544695,0.0019780805,0.0011893766,0.0
ERR538484,0.007879335,0.007841948,0.9407302,0.006737949,0.009433328,6.168039e-05,0.027315583,0.0
SRR1660144,0.00026707133,0.0011781299,0.0017389231,0.99226797,0.0009118914,0.002333833,0.0013021921,0.0
SRR6745877,0.0018980558,0.98295534,0.003079863,0.0033205585,0.0017705733,0.0011426249,0.0058330595,0.0
SRR1649637,0.0018980558,0.98295534,0.003079863,0.0033205585,0.0017705733,0.0011426249,0.0058330595,0.0
ERR1382971,0.00023581536,0.0012480842,0.0016801249,0.9929191,0.00075051625,0.0019997011,0.0011667031,0.0
SRR767665,0.007879335,0.007842007,0.9407302,0.00673789,0.009433387,6.168039e-05,0.027315583,0.0
ERR990522,0.0078020263,0.003619841,0.00073209254,0.0093452865,0.0012805249,0.97209024,0.005130007,0.0
ERR2599264,0.0050000935,0.0036334568,0.009096714,0.0050869165,0.00084149075,0.00088847405,0.97545284,0.0
SRR5467844,0.00023483495,0.0012523143,0.0016826021,0.9929418,0.00074448186,0.0019848386,0.0011590645,0.0
SRR959122,0.0018980558,0.98295534,0.003079863,0.0033205585,0.0017705733,0.0011426249,0.0058330595,0.0
ERR561469,0.00024569995,0.0012263878,0.0016950322,0.99267614,0.00080997695,0.0021446096,0.001202145,0.0
ERR924482,0.0050000935,0.0036334568,0.009096714,0.0050869165,0.00084149075,0.00088847405,0.97545284,0.0
ERR531935,0.00023320368,0.001260103,0.0016879307,0.9929651,0.000736763,0.0019729806,0.0011438879,0.0
SRR951980,0.007879335,0.007841948,0.9407302,0.006737949,0.009433328,6.168039e-05,0.027315583,0.0
ERR1313507,0.0002772563,0.0028509428,0.0011069664,0.950719,0.010594296,0.032521278,0.001930265,0.0
ERR1522311,0.0037625432,0.35382378,0.00050377846,0.0030914545,0.0019317269,0.49053118,0.0077091157,0.13864636
ERR2188002,0.0025429153,0.037591342,0.078646705,0.035610422,0.8053833,0.0066043963,0.03362083,0.0
SRR5483782,0.0018980558,0.98295534,0.003079863,0.0033205585,0.0017705733,0.0011426249,0.0058330595,0.0
ERR1511933,0.0077009653,0.0036573524,0.00072653824,0.009292607,0.0012572221,0.9723331,0.005032169,0.0
ERR1384041,0.00023246265,0.0012641625,0.0016921139,0.99297404,0.00073314225,0.0019682432,0.0011357801,0.0
ERR1913125,0.00025713802,0.0011772086,0.0016068524,0.9926122,0.0008578305,0.0021282653,0.0013605388,0.0
SRR8610812,0.0050000935,0.0036334568,0.009096714,0.0050869165,0.00084149075,0.00088847405,0.97545284,0.0
SRR6444170,0.00023287765,0.0012621618,0.0016893669,0.99297196,0.00073483324,0.0019687368,0.0011400564,0.0
SRR7454116,0.00023302571,0.001261355,0.0016882019,0.9929707,0.00073557475,0.0019691773,0.0011420461,0.0
SRR5902465,0.0018980558,0.98295534,0.003079863,0.0033204993,0.0017705733,0.0011426249,0.0058330595,0.0
SRR6056048,0.0018980558,0.98295534,0.003079863,0.0033205585,0.0017705733,0.0011426249,0.0058330595,0.0
SRR2297111,0.0002323735,0.001264163,0.0016921443,0.9929743,0.0007330533,0.0019682439,0.0011356913,0.0
SRR2046587,0.00025040688,0.0011949048,0.0016442692,0.99271727,0.00081638,0.0020822135,0.0012945323,0.0
SRR1016818,0.007879335,0.007841948,0.9407302,0.006737949,0.009433328,6.168039e-05,0.027315583,0.0
ERR1523466,0.001317071,0.078781605,0.00029929078,0.009552597,0.004431718,0.9014633,0.004154375,0.0
ERR765614,0.0050000935,0.0036334568,0.009096714,0.0050869165,0.00084149075,0.00088847405,0.97545284,0.0
SRR6414368,0.0002331445,0.0012608483,0.0016886467,0.99296725,0.0007361393,0.001971347,0.0011426103,0.0
SRR5180713,0.0018980558,0.98295534,0.003079863,0.0033205585,0.0017705733,0.0011426249,0.0058330595,0.0
ERR2511360,0.00023287743,0.0012621011,0.0016888299,0.99297243,0.0007349218,0.0019681698,0.0011406502,0.0
ERR2042969,0.007879335,0.007841948,0.9407302,0.006737949,0.009433328,6.168039e-05,0.027315583,0.0
SRR3501929,0.00023646456,0.0012454692,0.001670927,0.99293417,0.00075091625,0.0019853208,0.001176731,0.0
SRR921100,0.0002323735,0.001264163,0.0016921443,0.9929743,0.0007330533,0.0019682439,0.0011356913,0.0
ERR1523146,0.0076967487,0.0036548618,0.00072712963,0.009294905,0.0012554453,0.9723436,0.0050272876,0.0
ERR1690652,0.0050000935,0.0036334568,0.009096714,0.0050869165,0.00084149075,0.00088847405,0.97545284,0.0
ERR719340,0.00023394785,0.0012553466,0.0016926045,0.9929302,0.00074238656,0.0019988932,0.0011466568,0.0
SRR4414402,0.007879335,0.007841948,0.9407302,0.006737949,0.009433328,6.168039e-05,0.027315583,0.0
ERR579780,0.00023670604,0.0012447442,0.001684783,0.9929044,0.0007531285,0.0020050113,0.001171216,0.0
SRR3951234,0.00023311494,0.0012605519,0.001689124,0.9929647,0.00073640764,0.0019735796,0.001142641,0.0
SRR5310880,0.0018980558,0.98295534,0.003079863,0.0033205585,0.0017705733,0.0011426249,0.0058330595,0.0
SRR5483762,0.0018980558,0.98295534,0.003079863,0.0033205585,0.0017705733,0.0011426249,0.0058330595,0.0
ERR1109560,0.00023258114,0.0012634756,0.0016912477,0.99297315,0.0007337059,0.001968596,0.0011372649,0.0
ERR443388,0.00023246267,0.0012641627,0.0016920547,0.9929741,0.00073314237,0.0019682434,0.0011357802,0.0
SRR2168045,0.0018980558,0.98295534,0.003079863,0.0033205585,0.0017705733,0.0011426249,0.0058330595,0.0
ERR982934,0.80149066,0.032198798,0.04275689,0.0061534406,0.000776232,0.04534666,0.07127731,0.0
ERR1256200,0.007696748,0.0036548614,0.00072715885,0.009295021,0.0012554452,0.97234356,0.0050272867,0.0
ERR1384806,0.00023945668,0.0012331826,0.0016503208,0.9929202,0.0007628648,0.0019845073,0.0012094481,0.0
SRR7901813,0.0012142956,0.3338362,0.10271329,0.0001257956,0.005829543,0.00019776821,0.24784416,0.30823898
SRR2103003,0.0018980558,0.98295534,0.0030798924,0.00332047,0.0017706323,0.0011426249,0.0058330004,0.0
SRR995108,0.0002323735,0.001264163,0.0016921443,0.9929743,0.0007330533,0.0019682439,0.0011356913,0.0
SRR1949049,0.00023255167,0.0012637746,0.0016916066,0.99297386,0.00073343905,0.001968271,0.0011365226,0.0
SRR4238626,0.0018980558,0.98295534,0.003079863,0.0033204993,0.0017705733,0.0011426249,0.0058330595,0.0
SRR062179,0.0018980558,0.98295534,0.003079863,0.0033205585,0.0017705733,0.0011426249,0.0058330595,0.0
SRR5617477,0.0018980558,0.98295534,0.003079863,0.0033205585,0.0017705733,0.0011426249,0.0058330595,0.0
ERR866530,0.0004580242,0.00088979007,0.003273399,0.879666,0.002542138,0.11247843,0.00069227646,0.0
ERR924152,0.016476337,0.0013164763,0.0076408824,0.045518894,0.012441641,0.0010030693,0.9156026,0.0
ERR209633,0.00024841377,0.0012065643,0.002554671,0.98342854,0.001359267,0.010290467,0.0009120211,0.0
SRR6056051,0.0018980558,0.98295534,0.003079863,0.0033205585,0.0017705733,0.0011426249,0.0058330595,0.0
SRR6931709,0.0002323735,0.001264163,0.0016921443,0.9929743,0.0007330533,0.0019682439,0.0011356913,0.0
SRR5180556,0.0018980558,0.98295534,0.003079863,0.0033205585,0.0017705733,0.0011426249,0.0058330595,0.0
SRR8610996,0.0050000935,0.0036334568,0.009096714,0.0050869165,0.00084149075,0.00088847405,0.97545284,0.0
ERR1897564,0.0018980558,0.98295534,0.003079863,0.0033205585,0.0017705733,0.0011426249,0.0058330595,0.0
ERR1971273,0.00024095077,0.0012283403,0.0016677387,0.9928315,0.0007772529,0.0020459548,0.0012083527,0.0
ERR522672,0.00019563883,0.0014190435,0.0026343847,0.96883017,0.0012981789,0.023870377,0.0017521502,0.0
ERR1383426,0.00023607952,0.0012467866,0.0016734371,0.9929329,0.00075011834,0.0019876843,0.0011729616,0.0
ERR441876,0.0002324627,0.0012640735,0.0016920846,0.9929742,0.00073308294,0.0019682436,0.0011357804,0.0
ERR2784766,0.00023314463,0.0012607896,0.0016887964,0.99296594,0.00073619926,0.0019725976,0.001142492,0.0
DRR050236,0.0018980558,0.98295534,0.003079863,0.0033205585,0.0017705733,0.0011426249,0.0058330595,0.0
DRR030587,0.0002323735,0.001264163,0.0016921443,0.9929743,0.0007330533,0.0019682439,0.0011356913,0.0
ERR1691168,0.0050000935,0.0036334568,0.009096714,0.0050869165,0.00084149075,0.00088847405,0.97545284,0.0
ERR2495364,0.0050000935,0.0036334568,0.009096714,0.0050869165,0.00084149075,0.00088847405,0.97545284,0.0
SRR1704748,0.0002323735,0.001264163,0.0016921443,0.9929743,0.0007330533,0.0019682439,0.0011356913,0.0
ERR107183,0.00024110502,0.0012285173,0.0016951711,0.99280787,0.00077447476,0.0020588215,0.0011940439,0.0
SRR3037180,0.0002538283,0.0011844528,0.0015982916,0.99274933,0.00082470407,0.002037555,0.0013518974,0.0
SRR6746164,0.0018980558,0.98295534,0.003079863,0.0033205585,0.0017705733,0.0011426249,0.0058330595,0.0
SRR6408804,0.00023243295,0.0012641033,0.0016919953,0.9929742,0.0007331722,0.0019682436,0.0011357804,0.0
SRR7448745,0.00023246263,0.0012640137,0.001691965,0.99297404,0.0007332314,0.0019682727,0.0011359585,0.0
ERR1135697,0.007879335,0.007841948,0.9407302,0.006737949,0.009433328,6.168039e-05,0.027315583,0.0
ERR469673,0.007703386,0.0036556656,0.00072658755,0.009310823,0.0012584069,0.9722977,0.005047423,0.0
ERR1384790,0.00023575245,0.0012490477,0.0016718316,0.99294883,0.0007472335,0.0019767692,0.0011704933,0.0
ERR1743295,0.0018980558,0.98295534,0.003079863,0.0033205585,0.0017705733,0.0011426249,0.0058330595,0.0
SRR4414818,0.007879335,0.007841948,0.9407302,0.006737949,0.009433328,6.168039e-05,0.027315583,0.0
ERR1298087,0.0050000935,0.0036334568,0.009096714,0.0050869165,0.00084149075,0.00088847405,0.97545284,0.0
ERR1298267,0.0050000935,0.0036334568,0.009096714,0.0050869165,0.00084149075,0.00088847405,0.97545284,0.0
ERR1313356,0.00024589928,0.0012058819,0.001652712,0.9927266,0.0008044368,0.0021079883,0.001256412,0.0
SRR1426753,0.007697693,0.0036550995,0.00072733534,0.009292102,0.0012556221,0.97234327,0.005028903,0.0
SRR1660129,0.00023536733,0.0012507812,0.0016752634,0.9929503,0.0007455728,0.0019767524,0.0011659205,0.0
SRR1704500,0.0002323735,0.001264163,0.0016921443,0.9929743,0.0007330533,0.0019682439,0.0011356913,0.0
SRR1784216,0.007879335,0.007841948,0.9407302,0.006737949,0.009433328,6.168039e-05,0.027315583,0.0
SRR5467572,0.00023335185,0.0012598323,0.0016869153,0.99296653,0.0007369397,0.001971191,0.0011451344,0.0
SRR1708868,0.00024495964,0.0012368469,0.001749733,0.9927135,0.0007844123,0.002151355,0.0011191865,0.0
ERR209479,0.0004432371,0.0016014439,0.0022708715,0.9785674,0.001977366,0.013088675,0.0020509658,0.0
ERR2287484,0.0076971874,0.0036549785,0.00072715885,0.009294523,0.0012554744,0.97234297,0.0050277556,0.0
SRR6148023,0.0018980558,0.98295534,0.003079863,0.0033205585,0.0017705733,0.0011426249,0.0058330595,0.0
DRR048046,0.00023252208,0.001263954,0.0016918755,0.992974,0.0007332611,0.0019683023,0.0011361367,0.0
ERR1428427,0.0050000935,0.0036334568,0.009096714,0.0050869165,0.00084149075,0.00088847405,0.97545284,0.0
ERR2168925,0.0018980558,0.98295534,0.003079863,0.0033205585,0.0017705733,0.0011426249,0.0058330595,0.0
ERR537739,0.007697634,0.0036552455,0.00072739384,0.00929377,0.0012555928,0.97234315,0.005027145,0.0
ERR1385424,0.00023750345,0.0012401934,0.0016697816,0.99290985,0.0007571854,0.0019996096,0.0011858218,0.0
SRR4302709,0.00023640532,0.0012468983,0.0016715534,0.99293995,0.0007495786,0.0019803557,0.001175245,0.0
ERR2168958,0.0018980558,0.98295534,0.003079863,0.0033205585,0.0017705733,0.0011426249,0.0058330595,0.0
ERR1194545,0.007652886,0.0036692016,0.0007283163,0.009396615,0.0012570822,0.972207,0.0050888415,0.0
SRR3095220,0.000282113,0.0011582483,0.0017456096,0.99208575,0.0009474144,0.002353638,0.0014272474,0.0
ERR1725534,0.0050000935,0.0036334568,0.009096714,0.0050869165,0.00084149075,0.00088847405,0.97545284,0.0
SRR5180798,0.0018980558,0.98295534,0.003079863,0.0033205585,0.0017705733,0.0011426249,0.0058330595,0.0
ERR538776,0.007879335,0.007841948,0.9407302,0.006737949,0.009433328,6.168039e-05,0.027315583,0.0
SRR996721,0.0002323735,0.001264163,0.0016921443,0.9929743,0.0007330533,0.0019682439,0.0011356913,0.0
SRR8609487,0.0050000935,0.0036334568,0.009096714,0.0050869165,0.00084149075,0.00088847405,0.97545284,0.0
ERR757031,0.00032413006,0.0022709966,0.0024710596,0.95069396,0.0023696423,0.03548184,0.0014795959,0.0049088
ERR1331842,0.00023136134,0.0011502635,0.001902225,0.99110246,0.000902336,0.0034817217,0.0012296443,0.0
SRR3725735,0.00023607971,0.0012471149,0.0016756395,0.99293303,0.0007495241,0.001986734,0.0011718917,0.0
ERR488005,0.007706352,0.0036585145,0.0007246094,0.009310181,0.0012618648,0.97228235,0.005056099,0.0
ERR469640,0.007739778,0.0036465623,0.00072751427,0.009383033,0.0012675928,0.97215044,0.005085073,0.0
SRR6444572,0.00024556214,0.0012088368,0.001620734,0.9928497,0.0007914376,0.0020116945,0.0012720935,0.0
ERR499733,0.00023243295,0.0012641033,0.0016921143,0.9929743,0.0007331127,0.0019682436,0.0011357209,0.0
SRR1948978,0.00023258151,0.001263924,0.0016918454,0.9929739,0.0007332312,0.0019683018,0.0011361663,0.0
ERR1689133,0.0050000935,0.0036334568,0.009096714,0.0050869165,0.00084149075,0.00088847405,0.97545284,0.0
ERR1960797,0.00023261101,0.0012635656,0.0016913677,0.99297374,0.0007335873,0.0019681808,0.0011369681,0.0
ERR1456931,0.0076967496,0.003654862,0.00072715903,0.009294907,0.0012554454,0.9723436,0.0050272294,0.0
ERR1111231,0.00023581463,0.0012483184,0.0016785135,0.99292403,0.0007500083,0.0019958578,0.001167443,0.0
SRR1824426,0.0018980558,0.98295534,0.003079863,0.0033205585,0.0017705733,0.0011426249,0.0058330595,0.0
ERR1548695,0.0025429158,0.03759135,0.07864673,0.035610404,0.8053835,0.006604313,0.033620838,0.0
ERR1263491,0.007696748,0.0036548614,0.00072715885,0.009295021,0.0012554452,0.97234356,0.0050272867,0.0
ERR2570227,0.80080765,0.027362924,0.044722598,0.0058590183,0.0007403656,0.045464676,0.07504276,0.0
ERR1297768,0.00024191877,0.0012222341,0.0016451904,0.99287176,0.00077631715,0.002010418,0.0012321678,0.0
SRR5176105,0.0018980558,0.98295534,0.003079863,0.0033205585,0.0017705733,0.0011426249,0.0058330595,0.0
SRR6444171,0.00024376842,0.0012244337,0.0016439497,0.9927993,0.00079504313,0.002055703,0.0012379069,0.0
ERR1690624,0.0050000935,0.0036334568,0.009096714,0.0050869165,0.00084149075,0.00088847405,0.97545284,0.0
SRR5699435,0.00023243295,0.001264014,0.0016921143,0.9929742,0.0007331127,0.0019682436,0.00113581,0.0
ERR1533340,0.0077029397,0.0036670526,0.0007256021,0.009277567,0.0012599772,0.97233444,0.00503244,0.0
SRR5915582,0.0018980558,0.98295534,0.003079863,0.0033205585,0.0017705733,0.0011426249,0.0058330595,0.0
ERR1384908,0.00023799518,0.0012432801,0.0016949088,0.99283797,0.0007655051,0.002055724,0.0011646028,0.0
ERR1103215,0.0018980558,0.98295534,0.003079863,0.0033205585,0.0017705733,0.0011426249,0.0058330595,0.0
SRR2054544,0.007879335,0.007841948,0.9407302,0.006737949,0.009433328,6.168039e-05,0.027315583,0.0
SRR5915441,0.0018980558,0.98295534,0.003079863,0.0033205585,0.0017705733,0.0011426249,0.0058330595,0.0
ERR1382619,0.00023450768,0.0012546934,0.0016792701,0.99295944,0.0007417748,0.0019730295,0.001157309,0.0
ERR1383978,0.00023341102,0.0012596818,0.0016856933,0.99296844,0.00073705765,0.0019696713,0.0011460251,0.0
ERR531596,0.00023525012,0.0012502552,0.0016792915,0.9929353,0.00074706564,0.001988933,0.0011638768,0.0
ERR522579,0.00023258099,0.001263237,0.0016908302,0.99297315,0.0007338542,0.0019685947,0.0011377997,0.0
ERR1522080,0.007696747,0.003654978,0.00072724663,0.009294903,0.001255445,0.97234344,0.0050272862,0.0
SRR4415607,0.007879335,0.007841948,0.9407302,0.006737949,0.009433328,6.168039e-05,0.027315583,0.0
ERR866579,0.00025509554,0.0011749144,0.0015674148,0.9927864,0.0008283246,0.002010078,0.0013778252,0.0
ERR499707,0.00023246263,0.0012640137,0.001691965,0.9929741,0.00073317194,0.001968243,0.001136018,0.0
SRR7448913,0.00023243295,0.0012641033,0.0016921143,0.9929742,0.0007331127,0.0019682436,0.00113581,0.0
SRR7448929,0.0002324627,0.0012641033,0.0016920846,0.99297416,0.0007330532,0.0019682436,0.00113581,0.0
ERR2013511,0.0025429153,0.037591342,0.078646705,0.035610422,0.8053833,0.0066043963,0.03362083,0.0
ERR327976,0.007696923,0.003654978,0.00072715874,0.0092946105,0.0012555035,0.9723433,0.0050275205,0.0
ERR1582373,0.0018980558,0.98295534,0.003079863,0.0033205585,0.0017705733,0.0011426249,0.0058330595,0.0
SRR3201900,0.0002323735,0.001264163,0.0016921443,0.9929743,0.0007330533,0.0019682439,0.0011356913,0.0
ERR1905618,0.0050000935,0.0036334568,0.009096714,0.0050869165,0.00084149075,0.00088847405,0.97545284,0.0
ERR1582628,0.0018980558,0.98295534,0.003079863,0.0033205585,0.0017705733,0.0011426249,0.0058330595,0.0
SRR5869606,0.0002323735,0.001264163,0.0016921443,0.9929743,0.0007330533,0.0019682439,0.0011356913,0.0
DRR048182,0.00023468645,0.0012534756,0.0016832284,0.9929456,0.0007434117,0.001981747,0.0011578163,0.0
SRR5947919,0.00090029044,0.0013877263,0.0029546055,0.6729072,0.0038192114,0.31708375,0.0009471301,0.0
SRR5803384,0.007879335,0.007841948,0.9407302,0.006737949,0.009433328,6.168039e-05,0.027315583,0.0
ERR1226504,0.0050000935,0.0036334568,0.009096714,0.0050869165,0.00084149075,0.00088847405,0.97545284,0.0
SRR6394066,0.00023246265,0.001264103,0.0016920544,0.99297404,0.0007331125,0.0019682432,0.0011358991,0.0
SRR995639,0.0002325222,0.0012641033,0.0016920846,0.9929742,0.00073308294,0.0019682436,0.0011357804,0.0
SRR6287279,0.0018980558,0.98295534,0.003079863,0.0033205585,0.0017705733,0.0011426249,0.0058330595,0.0
ERR309177,0.0077495202,0.003635131,0.00072402734,0.009434436,0.0012763826,0.97206384,0.0051166886,0.0
ERR2022729,0.0076979175,0.0036552704,0.00072721724,0.009294111,0.001255562,0.9723413,0.0050286036,0.0
SRR1600344,0.0018980558,0.98295534,0.003079863,0.0033205585,0.0017705733,0.0011426249,0.0058330595,0.0
ERR561604,0.00024948668,0.0011977978,0.0016292917,0.99273294,0.000817486,0.0020793432,0.0012936193,0.0
ERR906554,0.0012322249,0.0015119379,0.002719771,0.35511053,0.0047386596,0.6335284,0.0011584478,0.0
SRR6451758,0.00023681909,0.001245427,0.0016637716,0.9929511,0.0007503733,0.0019714104,0.0011811211,0.0
ERR494356,0.00023398032,0.0012564023,0.0016983057,0.9929287,0.00074150285,0.0019998683,0.0011412564,0.0
SRR6931532,0.00023252214,0.0012640138,0.0016920246,0.992974,0.000733172,0.0019683621,0.0011359883,0.0
DRR030526,0.00023255202,0.0012633898,0.0016932156,0.99296916,0.00073385664,0.0019719033,0.0011359592,0.0
ERR2043339,0.007879335,0.007841948,0.9407302,0.006737949,0.009433328,6.168039e-05,0.027315583,0.0
ERR2198074,0.0002323735,0.001264163,0.0016921443,0.9929743,0.0007330533,0.0019682439,0.0011356913,0.0
ERR2247334,0.00024195369,0.001224818,0.0016505495,0.99284565,0.000780349,0.0020306562,0.0012260078,0.0
ERR1759812,0.0017842588,0.9831571,0.0029690647,0.0036430878,0.0017712797,0.001168995,0.0055062827,0.0
SRR1031046,0.007879336,0.007841949,0.9407302,0.006737891,0.00943327,6.1680395e-05,0.027315704,0.0
DRR043825,0.00023397492,0.0012572955,0.0016859818,0.99295586,0.00073982,0.0019763235,0.0011507188,0.0
SRR2976496,0.00023335169,0.001259058,0.0016878361,0.9929592,0.00073789107,0.0019768414,0.0011457583,0.0
ERR2739112,0.00024283348,0.0012214539,0.0016244118,0.9929242,0.0007733793,0.0019686017,0.0012451573,0.0
ERR2495226,0.0050000935,0.0036334568,0.009096714,0.0050869165,0.00084149075,0.00088847405,0.97545284,0.0
ERR1309990,0.00023621097,0.0012515226,0.0016903615,0.99287885,0.00075658306,0.0020305635,0.0011559197,0.0
SRR6235225,0.0018980558,0.98295534,0.003079863,0.0033205585,0.0017705733,0.0011426249,0.0058330595,0.0
ERR450719,0.0002638492,0.9565721,0.0030126476,0.007795688,0.0032376342,0.027952926,0.0011651162,0.0
SRR1743280,0.0002323735,0.001264163,0.0016921443,0.9929743,0.0007330533,0.0019682439,0.0011356913,0.0
SRR5644000,0.0002323735,0.001264163,0.0016921443,0.9929743,0.0007330533,0.0019682439,0.0011356913,0.0
ERR2738567,0.0002326111,0.0012637149,0.0016915468,0.99297386,0.0007334389,0.0019682408,0.0011367009,0.0
ERR308391,0.0042839563,0.003971118,0.00094577,0.018789366,0.0012710033,0.96586543,0.0048733004,0.0
SRR5312642,0.0018980558,0.98295534,0.003079863,0.0033205585,0.0017705733,0.0011426249,0.0058330595,0.0
SRR924168,0.0018980558,0.98295534,0.003079863,0.0033205585,0.0017705733,0.0011426249,0.0058330595,0.0
ERR1382887,0.00023317405,0.0012606687,0.0016879315,0.9929673,0.00073634693,0.0019713156,0.0011433233,0.0
SRR6265627,0.00023284806,0.0012624303,0.0016895465,0.9929728,0.0007345066,0.0019682324,0.001139611,0.0
SRR5196384,0.00023820484,0.0012497426,0.001718805,0.9928675,0.0007552771,0.0020221234,0.0011482794,0.0
ERR2836107,0.007864548,0.0037243536,0.00070624397,0.009344234,0.0013402238,0.9718164,0.005203952,0.0
ERR2709714,0.0050000935,0.0036334568,0.009096714,0.0050869165,0.00084149075,0.00088847405,0.97545284,0.0
DRR029163,0.00023424318,0.001255127,0.0016891982,0.992941,0.00074202294,0.0019875423,0.0011508702,0.0
SRR5590640,0.0018980558,0.98295534,0.003079863,0.0033205585,0.0017705733,0.0011426249,0.0058330595,0.0
ERR756434,0.0076967487,0.0036548618,0.0007271589,0.009294905,0.0012554453,0.9723436,0.005027229,0.0
SRR8611284,0.0050000935,0.0036334568,0.009096714,0.0050869165,0.00084149075,0.00088847405,0.97545284,0.0
SRR6188428,0.0018980558,0.98295534,0.003079863,0.0033205585,0.0017705733,0.0011426249,0.0058330595,0.0
ERR1759834,0.007879335,0.007841948,0.9407302,0.006737949,0.009433328,6.168039e-05,0.027315583,0.0
SRR5983474,0.00023255152,0.0012636251,0.0016913379,0.99297357,0.0007335873,0.0019684485,0.0011368789,0.0
SRR3632965,0.0018980558,0.98295534,0.003079863,0.0033205585,0.0017705733,0.0011426249,0.0058330595,0.0
SRR5902478,0.0018980558,0.98295534,0.003079863,0.0033205585,0.0017705733,0.0011426249,0.0058330595,0.0
SRR1784986,0.007879335,0.007841948,0.9407302,0.006737949,0.009433328,6.168039e-05,0.027315583,0.0
ERR579830,0.00019159913,0.0016925931,0.0034959912,0.93127143,0.0012497306,0.05715981,0.0010790229,0.003859818
SRR923473,0.007879335,0.007841948,0.9407302,0.006737949,0.009433328,6.168039e-05,0.027315583,0.0
ERR500491,0.00023379634,0.0012583954,0.0016829767,0.9929686,0.0007383324,0.0019682022,0.0011496474,0.0
ERR833356,0.0004903674,0.7049941,0.02224511,0.0009571612,0.0059933364,0.0008260608,0.036860228,0.22763366
ERR1263574,0.007697308,0.0036550094,0.0007271885,0.009294059,0.0012555335,0.9723434,0.005027582,0.0
DRR024059,0.00028829367,0.0011520152,0.0015418375,0.99200386,0.0010602679,0.0023684856,0.0015852436,0.0
SRR7448862,0.00023252214,0.0012640435,0.001691995,0.99297416,0.0007331125,0.0019683028,0.0011358693,0.0
SRR5179926,0.0018980558,0.98295534,0.003079863,0.0033205585,0.0017705733,0.0011426249,0.0058330595,0.0
ERR500878,0.0002325222,0.0012641033,0.0016920846,0.9929742,0.00073308294,0.0019682436,0.0011357804,0.0
DRR044146,0.00024644,0.0012099234,0.0016724372,0.9927498,0.0007978815,0.00207633,0.0012471898,0.0
ERR531755,0.00024435666,0.0012140208,0.0016560993,0.9928055,0.0007891031,0.0020476172,0.0012434054,0.0
SRR924188,0.0018980558,0.98295534,0.003079863,0.0033205585,0.0017705733,0.0011426249,0.0058330595,0.0
SRR2897224,0.0076967496,0.003654833,0.00072715903,0.009294907,0.0012554454,0.9723436,0.005027288,0.0
SRR2848879,0.007881362,0.007841037,0.94073164,0.0067364746,0.009434186,6.169532e-05,0.027313566,0.0
SRR5155771,0.00023293689,0.0012619819,0.0016889189,0.9929718,0.00073498115,0.0019686157,0.0011407393,0.0
ERR1811178,0.0002338267,0.0012574171,0.0016855391,0.99295765,0.00073940516,0.0019769229,0.0011492042,0.0
SRR7636327,0.00017797947,0.01331377,0.0012896955,0.9166635,0.00928551,0.029728979,0.0005527139,0.028987825
SRR5720328,0.0018980558,0.98295534,0.003079863,0.0033205585,0.0017705733,0.0011426249,0.0058330595,0.0
SRR5155158,0.0018980558,0.98295534,0.003079863,0.0033205585,0.0017705733,0.0011426249,0.0058330595,0.0
ERR1311215,0.00023264044,0.0012630582,0.0016908596,0.9929722,0.00073409197,0.0019691892,0.0011379779,0.0
ERR1331830,0.00023664153,0.0012451342,0.0016667821,0.9929415,0.00075109,0.001979062,0.0011798466,0.0
SRR3037126,8.75028e-05,0.004884749,0.0042452808,0.8104991,0.00056621426,0.0868695,0.0012065469,0.09164106
ERR1263892,0.007696748,0.0036548614,0.00072715885,0.009295021,0.0012554452,0.97234356,0.0050272867,0.0
ERR2001863,0.00020894408,0.0017100275,0.0027326643,0.9501706,0.0014222562,0.039628685,0.0018746555,0.002252221
SRR765933,0.007879335,0.007841948,0.9407302,0.006737949,0.009433328,6.168039e-05,0.027315583,0.0
ERR1582398,0.0018980558,0.98295534,0.003079863,0.0033205585,0.0017705733,0.0011426249,0.0058330595,0.0
ERR2309167,0.00023474696,0.0012528562,0.0016863885,0.99293697,0.000744218,0.0019885672,0.0011563043,0.0
ERR1743278,0.0018980558,0.98295534,0.003079863,0.0033205585,0.0017705733,0.0011426249,0.0058330595,0.0
SRR955693,0.007879335,0.007841948,0.9407302,0.006737949,0.009433328,6.168039e-05,0.027315583,0.0
ERR1313805,0.0076991175,0.0036556802,0.00072727574,0.009292323,0.001255679,0.97233963,0.0050302725,0.0
ERR1256533,0.007696748,0.0036548614,0.00072715885,0.009295021,0.0012554452,0.97234356,0.0050272867,0.0
SRR980775,0.007879335,0.007841948,0.9407302,0.006737949,0.009433328,6.168039e-05,0.027315583,0.0
SRR8611158,0.0050000935,0.0036334568,0.009096714,0.0050869165,0.00084149075,0.00088847405,0.97545284,0.0
SRR7448758,0.00023299723,0.0012613619,0.0016931192,0.9929605,0.00073587627,0.0019767436,0.0011393753,0.0
SRR2154901,0.0002324627,0.0012640735,0.0016920846,0.9929742,0.0007331424,0.0019682436,0.0011357209,0.0
ERR1226154,0.0011261404,0.0030878186,0.0020696819,0.3963411,0.008754462,0.572721,0.0008762479,0.0150235295
SRR2558654,0.0018980558,0.98295534,0.003079863,0.0033205585,0.0017705733,0.0011426249,0.0058330595,0.0
ERR525995,0.00023542703,0.0012503956,0.0016752945,0.99294484,0.00074658473,0.001981067,0.0011663379,0.0
SRR5180776,0.0018980558,0.98295534,0.003079863,0.0033205585,0.0017705733,0.0011426249,0.0058330595,0.0
ERR924302,0.0050000935,0.0036334568,0.009096714,0.0050869165,0.00084149075,0.00088847405,0.97545284,0.0
SRR2923041,0.0050000935,0.0036334568,0.009096714,0.0050869165,0.00084149075,0.00088847405,0.97545284,0.0
SRR1923923,0.0002323735,0.001264163,0.0016921443,0.9929743,0.0007330533,0.0019682439,0.0011356913,0.0
SRR1824417,0.0018980558,0.98295534,0.003079863,0.0033205585,0.0017705733,0.0011426249,0.0058330595,0.0
SRR1602629,0.0018980558,0.98295534,0.003079863,0.0033205585,0.0017705733,0.0011426249,0.0058330595,0.0
ERR2271677,0.0018980558,0.98295534,0.003079863,0.0033205585,0.0017705733,0.0011426249,0.0058330595,0.0
ERR1521888,0.007696747,0.0036549487,0.00072715874,0.009294932,0.0012555035,0.97234344,0.0050272862,0.0
SRR8611336,0.0050000935,0.0036334568,0.009096714,0.0050869165,0.00084149075,0.00088847405,0.97545284,0.0
ERR1937989,0.007696576,0.0036552146,0.00072715915,0.009294937,0.0012554458,0.9723427,0.0050279335,0.0
ERR1762100,0.0077206776,0.003660926,0.0007278563,0.009267654,0.0012582474,0.97231245,0.0050522326,0.0
SRR2761401,0.00019215322,0.0011186393,0.0024085008,0.98763907,0.000954701,0.006573079,0.0011138525,0.0
SRR1426900,0.007696748,0.0036548614,0.00072715885,0.009295021,0.0012554452,0.97234356,0.0050272867,0.0
SRR1948831,0.00023243293,0.0012641032,0.0016920547,0.99297416,0.00073314237,0.0019682434,0.0011358397,0.0
SRR5699458,0.00023376703,0.0012583085,0.0016844374,0.99296314,0.0007386907,0.001972757,0.001148906,0.0
SRR5915298,0.0018980558,0.98295534,0.003079863,0.0033205585,0.0017705733,0.0011426249,0.0058330595,0.0
ERR1020318,0.00023275925,0.0012630572,0.0016906501,0.99297255,0.0007340617,0.0019685929,0.0011382746,0.0
ERR543327,0.007879335,0.007841948,0.9407302,0.006737949,0.009433328,6.168039e-05,0.027315583,0.0
SRR6038481,0.0002592595,0.0011655824,0.0015868681,0.99262714,0.0008606797,0.0021043464,0.0013961775,0.0
SRR3098333,0.0018980558,0.98295534,0.003079863,0.0033205585,0.0017705733,0.0011426249,0.0058330595,0.0
ERR328014,0.007693578,0.003655575,0.00072721957,0.009298123,0.0012552438,0.9723424,0.005027946,0.0
SRR8605177,0.0050000935,0.0036334568,0.009096714,0.0050869165,0.00084149075,0.00088847405,0.97545284,0.0
SRR6932111,0.0002323735,0.001264163,0.0016921443,0.9929743,0.0007330533,0.0019682439,0.0011356913,0.0
ERR1226577,0.0050000935,0.0036334568,0.009096714,0.0050869165,0.00084149075,0.00088847405,0.97545284,0.0
SRR1770715,0.007879335,0.007841948,0.9407302,0.006737949,0.009433328,6.168039e-05,0.027315583,0.0
SRR6976012,0.0018980558,0.98295534,0.003079863,0.0033205585,0.0017705733,0.0011426249,0.0058330595,0.0
SRR5180709,0.0018980558,0.98295534,0.003079863,0.0033205585,0.0017705733,0.0011426249,0.0058330595,0.0
SRR1461179,0.0002672195,0.0011614206,0.0016448303,0.9923729,0.0009104376,0.0022499848,0.0013932526,0.0
ERR2013428,0.0018980558,0.98295534,0.003079863,0.0033205585,0.0017705733,0.0011426249,0.0058330595,0.0
SRR640632,0.007879335,0.007841948,0.9407302,0.006737949,0.009433328,6.168039e-05,0.027315583,0.0
ERR2169032,0.0018980558,0.98295534,0.003079863,0.0033205585,0.0017705733,0.0011426249,0.0058330595,0.0
ERR1256902,0.0068971114,0.0038217618,0.0007412253,0.010529479,0.0012334512,0.9713981,0.00537888,0.0
ERR1263538,0.0077021606,0.003651595,0.00072682777,0.00930882,0.0012571579,0.9723209,0.005032468,0.0
ERR2017141,0.00029710494,0.7975046,0.0064133015,0.18287618,0.011931064,0.0008212159,0.00015645263,0.0
ERR2495492,0.0050000935,0.0036334568,0.009096714,0.0050869165,0.00084149075,0.00088847405,0.97545284,0.0
ERR579661,0.00023358887,0.0012587267,0.0016851535,0.9929649,0.0007380671,0.0019717482,0.0011477771,0.0
ERR923628,0.0050000935,0.0036334568,0.009096714,0.0050869165,0.00084149075,0.00088847405,0.97545284,0.0
SRR5134194,0.0018980558,0.98295534,0.003079863,0.0033205585,0.0017705733,0.0011426249,0.0058330595,0.0
ERR1298108,0.0050000935,0.0036334568,0.009096714,0.0050869165,0.00084149075,0.00088847405,0.97545284,0.0
SRR6054592,0.00027031323,0.0011284604,0.0015055552,0.9925792,0.00090244133,0.002071123,0.0015428338,0.0
DRR043771,0.00023255173,0.0012637154,0.0016919342,0.99297297,0.0007334095,0.001968926,0.0011364337,0.0
SRR6408880,0.00023403465,0.001256226,0.0016872924,0.99294996,0.0007406834,0.0019812337,0.001150482,0.0
ERR1384737,0.00024728503,0.0012026409,0.001628453,0.99280113,0.00080056116,0.0020380272,0.0012819566,0.0
SRR6054593,0.0002416815,0.0012233082,0.0016454923,0.99287635,0.0007750701,0.0020081336,0.0012299703,0.0
ERR1308125,0.007696748,0.0036548614,0.00072715885,0.009295021,0.0012554452,0.97234356,0.0050272867,0.0
SRR8609302,0.0050000935,0.0036334568,0.009096714,0.0050869165,0.00084149075,0.00088847405,0.97545284,0.0
SRR8611276,0.0050000935,0.0036334568,0.009096714,0.0050869165,0.00084149075,0.00088847405,0.97545284,0.0
SRR1614718,0.0018980558,0.98295534,0.003079863,0.0033205585,0.0017705733,0.0011426249,0.0058330595,0.0
SRR7453261,0.00023246265,0.0012640435,0.0016920544,0.99297404,0.00073314225,0.001968392,0.0011358098,0.0
SRR1948841,0.00023246265,0.0012640733,0.001691995,0.99297404,0.0007331125,0.0019683326,0.0011359586,0.0
SRR504971,0.0002451511,0.0012118964,0.0016286207,0.9928299,0.00079303095,0.0020282143,0.0012632286,0.0
ERR2854543,0.007697775,0.0036555359,0.0007272176,0.009293032,0.0012555333,0.9723426,0.0050283424,0.0
SRR5155985,0.000104307124,0.29116917,0.007461965,0.4299907,0.008425504,0.0013716221,0.000106763284,0.26137
SRR6670979,0.007700576,0.0036564094,0.00072727515,0.00929009,0.0012557658,0.97233886,0.005031001,0.0
ERR1558867,0.00023524833,0.0012518816,0.0016732704,0.9929606,0.00074423425,0.0019694946,0.0011653552,0.0
ERR2001844,0.0002323735,0.001264163,0.0016921443,0.9929743,0.0007330533,0.0019682439,0.0011356913,0.0
ERR1690590,0.0050000935,0.0036334568,0.009096714,0.0050869165,0.00084149075,0.00088847405,0.97545284,0.0
ERR443133,0.0002323735,0.001264163,0.0016921443,0.9929743,0.0007330533,0.0019682439,0.0011356913,0.0
ERR2002052,0.0002323735,0.001264163,0.0016921443,0.9929743,0.0007330533,0.0019682439,0.0011356913,0.0
ERR1315570,0.00023477458,0.0012534101,0.0016778068,0.9929536,0.0007436462,0.0019764432,0.0011603093,0.0
SRR3633509,0.0018980558,0.98295534,0.003079863,0.0033205585,0.0017705733,0.0011426249,0.0058330595,0.0
SRR7454084,0.00023252214,0.0012641328,0.0016920544,0.99297404,0.00073314225,0.0019682432,0.0011358693,0.0
SRR2133844,0.0018980558,0.98295534,0.003079863,0.0033205585,0.0017705733,0.0011426249,0.0058330595,0.0
ERR560815,0.00023474696,0.0012540461,0.0016813617,0.9929393,0.00074522936,0.0019877045,0.0011576725,0.0
ERR2011953,0.0002323735,0.001264163,0.0016921443,0.9929743,0.0007330533,0.0019682439,0.0011356913,0.0
ERR2738877,0.00023284809,0.00126249,0.001689636,0.9929727,0.0007345364,0.0019682923,0.0011394921,0.0
SRR7449098,0.0002324627,0.0012641628,0.0016920251,0.9929742,0.0007331127,0.0019682436,0.0011357209,0.0
ERR878251,0.007699641,0.0036548984,0.0007288415,0.009284031,0.0012574889,0.97234774,0.0050273486,0.0
SRR5180764,0.0018980558,0.98295534,0.003079863,0.0033205585,0.0017705733,0.0011426249,0.0058330595,0.0
ERR531666,0.00027310828,0.0011748237,0.0018137519,0.9921908,0.0009034108,0.002347595,0.0012965059,0.0
ERR365841,0.00023258114,0.0012633865,0.0016912179,0.9929728,0.0007337356,0.0019688339,0.0011374137,0.0
ERR1384711,0.00023643443,0.0012459728,0.0016688422,0.9929398,0.00075052836,0.001981302,0.0011772049,0.0
SRR8610002,0.0050000935,0.0036334568,0.009096714,0.0050869165,0.00084149075,0.00088847405,0.97545284,0.0
SRR618708,0.007879335,0.007841948,0.9407302,0.006737949,0.009433328,6.168039e-05,0.027315583,0.0
ERR309707,0.007697453,0.0036549207,0.0007271883,0.00929394,0.0012555919,0.97234285,0.005028079,0.0
ERR441475,0.00023243295,0.0012641033,0.0016920846,0.99297404,0.0007331424,0.0019684222,0.0011357804,0.0
SRR5588310,0.0012142956,0.3338362,0.10271329,0.0001257956,0.005829543,0.00019776821,0.24784416,0.30823898
SRR1119108,0.007879335,0.007841948,0.9407302,0.006737949,0.009433328,6.168039e-05,0.027315583,0.0
SRR640616,0.007879335,0.007841948,0.9407302,0.006737949,0.009433328,6.168039e-05,0.027315583,0.0
ERR209578,0.00023341112,0.0012598311,0.001686051,0.99296796,0.0007369985,0.0019700292,0.001145639,0.0
SRR1923193,0.007879335,0.007841948,0.9407302,0.006737949,0.009433328,6.168039e-05,0.027315583,0.0
ERR1310056,0.00013748113,0.001017237,0.004018252,0.9608173,0.001219785,0.03184172,0.00094823184,0.0
DRR044272,0.00023326384,0.0012598686,0.0016914752,0.9929579,0.00073724106,0.0019776858,0.0011426418,0.0
SRR3362008,0.00023504115,0.0012524226,0.001675925,0.99295634,0.00074394007,0.0019735782,0.0011627428,0.0
ERR2059950,0.007696748,0.0036548614,0.00072715885,0.009295021,0.0012554452,0.97234356,0.0050272867,0.0
SRR6414277,0.0002324627,0.0012640735,0.0016920846,0.9929742,0.0007331424,0.0019682436,0.0011357209,0.0
DRR047847,0.0002389835,0.0012352191,0.0016574182,0.9929154,0.00076120783,0.0019890803,0.0012027696,0.0
SRR5869179,0.0002323735,0.001264163,0.0016921443,0.9929743,0.0007330533,0.0019682439,0.0011356913,0.0
SRR3633501,0.0018980558,0.98295534,0.003079863,0.0033205585,0.0017705733,0.0011426249,0.0058330595,0.0
SRR5803360,0.007879335,0.007841948,0.9407302,0.006737949,0.009433328,6.168039e-05,0.027315583,0.0
ERR1398142,0.00023798314,0.0012388746,0.0016774823,0.99287534,0.000762373,0.002024686,0.0011832828,0.0
SRR8605215,0.0050000935,0.0036334568,0.009096714,0.0050869165,0.00084149075,0.00088847405,0.97545284,0.0
ERR444404,0.0002323735,0.001264163,0.0016921443,0.9929743,0.0007330533,0.0019682439,0.0011356913,0.0
ERR1583367,0.0018980558,0.98295534,0.003079863,0.0033205585,0.0017705733,0.0011426249,0.0058330595,0.0
SRR5564316,0.007696748,0.0036548907,0.0007271295,0.009295021,0.0012554452,0.97234344,0.0050272867,0.0
SRR1618051,0.0002323735,0.001264163,0.0016921443,0.9929743,0.0007330533,0.0019682439,0.0011356913,0.0
SRR6054555,0.00024449293,0.0012134534,0.0016187507,0.9928905,0.00078299595,0.0019865457,0.0012633274,0.0
ERR107065,0.00023616917,0.0012462237,0.0016770688,0.9929255,0.00075062533,0.0019920007,0.0011724283,0.0
SRR6451732,0.00023604913,0.001247854,0.0016708149,0.99294525,0.00074845064,0.0019786663,0.0011729286,0.0
SRR4415128,0.007879335,0.007841948,0.9407302,0.006737949,0.009433328,6.168039e-05,0.027315583,0.0
SRR5002148,0.0018980558,0.98295534,0.003079863,0.0033205585,0.0017705733,0.0011426249,0.0058330595,0.0
SRR1767231,0.007879335,0.007841948,0.9407302,0.006737949,0.009433328,6.168039e-05,0.027315583,0.0
DRR043710,0.00023489344,0.0012532905,0.0016793825,0.9929519,0.0007434971,0.001976472,0.001160517,0.0
ERR1141808,0.0076936013,0.003686336,0.0007282928,0.009274405,0.0012579709,0.97228646,0.0050728605,0.0
SRR7448844,0.00023246265,0.001264103,0.0016920544,0.99297404,0.00073314225,0.0019682432,0.0011358991,0.0
ERR1691333,0.0050000935,0.0036334568,0.009096714,0.0050869165,0.00084149075,0.00088847405,0.97545284,0.0
SRR5803480,0.007879335,0.007841948,0.9407302,0.006737949,0.009433328,6.168039e-05,0.027315583,0.0
SRR2086853,0.0002323735,0.001264163,0.0016921443,0.9929743,0.0007330533,0.0019682439,0.0011356913,0.0
ERR309819,0.007706744,0.0035784761,0.00071991765,0.009840495,0.0012898842,0.9716818,0.0051827864,0.0
ERR1311345,0.00023364802,0.0012587546,0.0016840505,0.99296767,0.0007379768,0.0019693659,0.0011485191,0.0
DRR050818,0.00023615168,0.0012499173,0.0017108577,0.992884,0.00074947445,0.0020237535,0.0011458071,0.0
SRR6195091,0.0018980558,0.98295534,0.003079863,0.0033205585,0.0017705733,0.0011426249,0.0058330595,0.0
ERR1263874,0.0077019953,0.00365501,0.0007275693,0.009288642,0.0012565296,0.9723361,0.0050341436,0.0
ERR1328432,0.0002509686,0.0011890224,0.0017419386,0.9921703,0.0008575702,0.0025322607,0.0012579362,0.0
SRR6764923,0.0050000935,0.0036334568,0.009096714,0.0050869165,0.00084149075,0.00088847405,0.97545284,0.0
SRR6975892,0.0018980558,0.98295534,0.003079863,0.0033205585,0.0017705733,0.0011426249,0.0058330595,0.0
SRR953017,0.0018980558,0.98295534,0.003079863,0.0033205585,0.0017705733,0.0011426249,0.0058330595,0.0
ERR789537,0.0018980558,0.98295534,0.003079863,0.0033205585,0.0017705733,0.0011426249,0.0058330595,0.0
SRR2046559,0.00023267028,0.001263267,0.0016910092,0.99297297,0.0007337949,0.0019687142,0.0011376215,0.0
SRR7270400,0.007697306,0.0036551259,0.0007272176,0.009293999,0.0012554748,0.9723433,0.005027581,0.0
ERR1383883,0.00024192885,0.0012234449,0.001673247,0.9928205,0.0007786992,0.002047383,0.00121476,0.0
ERR1689756,0.0050000935,0.0036334568,0.009096714,0.0050869165,0.00084149075,0.00088847405,0.97545284,0.0
SRR5001985,0.0018980558,0.98295534,0.0030798924,0.00332047,0.0017706323,0.0011426249,0.005833089,0.0
SRR3037205,9.101743e-05,0.004114419,0.00426957,0.846233,0.00061059,0.077400714,0.0011509657,0.066129684
ERR1690137,0.0050000935,0.0036334568,0.009096714,0.0050869165,0.00084149075,0.00088847405,0.97545284,0.0
ERR3006009,0.00023278878,0.0012622529,0.0016903214,0.9929683,0.0007350426,0.0019717738,0.0011395524,0.0
SRR5176117,0.0018980558,0.98295534,0.003079863,0.0033205585,0.0017705733,0.0011426249,0.0058330595,0.0
ERR520818,0.0002345737,0.0012543417,0.001692524,0.9929186,0.0007456921,0.0020058937,0.0011483879,0.0
SRR7448558,0.00023252214,0.001264103,0.0016921139,0.99297404,0.00073314225,0.0019682432,0.0011357801,0.0
ERR2538397,0.0002323735,0.001264163,0.0016921443,0.9929743,0.0007330533,0.0019682439,0.0011356913,0.0
SRR2896966,0.0076969513,0.0036550069,0.00072712934,0.009294756,0.0012554742,0.9723431,0.0050274907,0.0
SRR1027887,0.0018980548,0.982955,0.0030799205,0.0033205568,0.0017706314,0.0011427128,0.005833116,0.0
SRR8611213,0.0050000935,0.0036334568,0.009096714,0.0050869165,0.00084149075,0.00088847405,0.97545284,0.0
ERR380900,0.0050000935,0.0036334568,0.009096714,0.0050869165,0.00084149075,0.00088847405,0.97545284,0.0
SRR5180785,0.0018980558,0.98295534,0.003079863,0.0033205585,0.0017705733,0.0011426249,0.0058330595,0.0
SRR2034254,0.0018980558,0.98295534,0.003079863,0.0033205585,0.0017705733,0.0011426249,0.0058330595,0.0
SRR1952981,0.0018980558,0.98295534,0.003079863,0.0033205585,0.0017705733,0.0011426249,0.0058330595,0.0
SRR1618017,0.00022937171,0.0012485901,0.0017363953,0.9927724,0.00074748823,0.0021351709,0.0011304982,0.0
SRR5177296,0.0018980558,0.98295534,0.003079863,0.0033205585,0.0017705733,0.0011426249,0.0058330595,0.0
SRR5450602,0.75560564,0.08383086,0.039393254,0.0033369213,0.00081756857,0.034791242,0.08222457,0.0
DRR029231,0.00023931918,0.0012344599,0.0016854067,0.9928552,0.0007655775,0.0020307032,0.0011893384,0.0
SRR1618113,0.00023314431,0.0012603416,0.0016884371,0.9929647,0.00073670386,0.0019731896,0.0011434719,0.0
ERR2247355,0.00024150242,0.0012251489,0.0016409673,0.99289495,0.0007724508,0.0019957558,0.0012292532,0.0
ERR2020027,0.0018302453,0.002394614,0.0019983272,0.09995951,0.002919593,0.8883562,0.0025414226,0.0
ERR1298061,0.0050000935,0.0036334568,0.009096714,0.0050869165,0.00084149075,0.00088847405,0.97545284,0.0
ERR2013433,0.0025429153,0.037591342,0.078646705,0.035610422,0.8053833,0.0066043963,0.03362083,0.0
SRR3624315,0.0012142956,0.3338362,0.10271329,0.0001257956,0.005829543,0.00019776821,0.24784416,0.30823898
SRR4415103,0.007879335,0.007841948,0.9407302,0.006737949,0.009433328,6.168039e-05,0.027315583,0.0
ERR520807,0.00023275908,0.0012628185,0.0016900838,0.9929726,0.00073429913,0.001968532,0.0011388686,0.0
ERR579407,0.00023258102,0.0012632371,0.0016910386,0.99297255,0.00073385425,0.0019690115,0.001137651,0.0
ERR2511113,0.00023545607,0.0012505703,0.001673505,0.99295264,0.00074571994,0.0019749338,0.001167197,0.0
SRR1660444,0.00023246263,0.0012640137,0.0016919947,0.99297386,0.0007332314,0.0019684809,0.0011359287,0.0
SRR1929547,0.0018980558,0.98295534,0.003079863,0.0033205585,0.0017705733,0.0011426249,0.0058330595,0.0
SRR1503406,0.0078793345,0.007842006,0.9407301,0.0067378893,0.009433327,6.168038e-05,0.027315667,0.0
ERR1310091,0.00023510322,0.0012507705,0.0016826954,0.99292713,0.00074757705,0.001995849,0.0011608816,0.0
ERR675235,0.007696748,0.0036548614,0.00072715885,0.009295021,0.0012554452,0.97234356,0.0050272867,0.0
SRR1714183,0.0002455718,0.0012190854,0.0016548511,0.99280256,0.00078819715,0.0020339899,0.0012557858,0.0
SRR1461128,0.00023483454,0.0012521931,0.0016801899,0.9929437,0.00074483745,0.001983824,0.0011603711,0.0
SRR2163512,0.0002325222,0.0012641033,0.0016921441,0.9929742,0.00073308294,0.0019682436,0.0011357209,0.0
ERR2576051,0.007200624,0.0037476711,0.0007309371,0.0100859655,0.001250298,0.9716941,0.0052904026,0.0
SRR1985118,0.0018980558,0.98295534,0.003079863,0.0033205585,0.0017705733,0.0011426249,0.0058330595,0.0
ERR986468,0.0077006747,0.00365448,0.00072818965,0.009286337,0.0012565972,0.97234356,0.005030138,0.0
ERR1226169,0.0050000935,0.0036334568,0.009096714,0.0050869165,0.00084149075,0.00088847405,0.97545284,0.0
ERR1256612,0.0011022595,0.0011823315,0.0037417288,0.2331042,0.0045396215,0.7551649,0.0011649583,0.0
SRR3922863,0.007879335,0.007841948,0.9407302,0.006737949,0.009433328,6.168039e-05,0.027315583,0.0
ERR579602,0.00029452678,0.0011667747,0.001902229,0.99178916,0.000979773,0.0025077013,0.001359844,0.0
SRR1950717,0.0002323735,0.001264163,0.0016921443,0.9929743,0.0007330533,0.0019682439,0.0011356913,0.0
SRR5942112,0.0014617963,0.007864692,0.0009887927,0.03809523,0.0007553766,0.9424492,0.008384822,0.0
ERR2022731,0.0035971997,0.0037959279,0.0011924581,0.047499593,0.0021982312,0.93753535,0.0041812817,0.0
ERR209152,0.00024258044,0.0012212896,0.0016610336,0.99281335,0.0007845497,0.0020518212,0.0012253346,0.0
ERR418315,0.007175401,0.0040803133,0.00072287384,0.009572027,0.0012847672,0.9718397,0.005324901,0.0
SRR1770678,0.007879335,0.007841948,0.9407302,0.006737949,0.009433328,6.168039e-05,0.027315583,0.0
SRR8609940,0.0050000935,0.0036334568,0.009096714,0.0050869165,0.00084149075,0.00088847405,0.97545284,0.0
DRR029291,0.0018980558,0.98295534,0.003079863,0.0033205585,0.0017705733,0.0011426249,0.0058330595,0.0
SRR7449111,0.00023252214,0.0012641328,0.0016920544,0.9929741,0.00073314225,0.0019682432,0.0011358098,0.0
ERR1581960,0.007879335,0.007841948,0.9407302,0.006737949,0.009433328,6.168039e-05,0.027315583,0.0
SRR1129663,0.007879335,0.007841948,0.9407302,0.006737949,0.009433328,6.168039e-05,0.027315583,0.0
ERR1309701,0.0003596832,0.0011432543,0.0020050071,0.990561,0.0013162117,0.0030102765,0.001604553,0.0
SRR5590598,0.0018980558,0.98295534,0.003079863,0.0033205585,0.0017705733,0.0011426249,0.0058330595,0.0
SRR1632418,0.0002323735,0.001264163,0.0016921443,0.9929743,0.0007330533,0.0019682439,0.0011356913,0.0
ERR2599175,0.0050000935,0.0036334568,0.009096714,0.0050869165,0.00084149075,0.00088847405,0.97545284,0.0
SRR1747735,0.0018980558,0.98295534,0.003079863,0.0033205585,0.0017705733,0.0011426249,0.0058330595,0.0
ERR1529673,0.00023513287,0.0012545477,0.001677073,0.9929363,0.00074778503,0.0019877576,0.0011613572,0.0
SRR6409031,0.0002348049,0.0012529076,0.0016815886,0.9929473,0.00074379676,0.0019805827,0.0011590926,0.0
ERR1701285,0.0002323735,0.001264163,0.0016921443,0.9929743,0.0007330533,0.0019682439,0.0011356913,0.0
SRR6038276,0.00023382592,0.0012581863,0.0016826185,0.9929686,0.00073845085,0.0019681116,0.001150182,0.0
SRR5590738,0.0018980558,0.98295534,0.003079863,0.0033205585,0.0017705733,0.0011426249,0.0058330595,0.0
SRR1923798,0.0002323735,0.001264163,0.0016921443,0.9929743,0.0007330533,0.0019682439,0.0011356913,0.0
ERR498640,0.00023269984,0.0012630875,0.0016905317,0.99297327,0.00073406193,0.0019682962,0.0011381262,0.0
ERR695419,0.007696748,0.0036548614,0.00072715885,0.009295021,0.0012554452,0.97234356,0.0050272867,0.0
SRR618714,0.007879335,0.007841948,0.9407302,0.006737949,0.009433328,6.168039e-05,0.027315583,0.0
SRR5827430,0.0018980558,0.98295534,0.003079863,0.0033205585,0.0017705733,0.0011426249,0.0058330595,0.0
ERR1109421,0.0002324627,0.0012641033,0.0016921143,0.9929742,0.00073308294,0.0019682436,0.0011357209,0.0
ERR1385518,0.00024555193,0.0012114906,0.0016680638,0.9927521,0.0007982817,0.0020837116,0.0012407867,0.0
ERR561629,0.00023300473,0.0012798156,0.0016821674,0.9929552,0.000743753,0.00197175,0.0011344145,0.0
SRR2090074,0.0018980558,0.98295534,0.003079863,0.0033205585,0.0017705733,0.0011426249,0.0058330595,0.0
ERR675604,0.007696748,0.0036548614,0.00072715885,0.009295021,0.0012554452,0.97234356,0.0050272867,0.0
DRR043011,0.00023391891,0.0012582362,0.0016981133,0.9929385,0.00073971204,0.0019888163,0.0011426451,0.0
DRR048062,0.00023264057,0.0012628507,0.0016916043,0.9929699,0.0007343006,0.0019709156,0.0011378,0.0
ERR1314107,0.007696748,0.0036548614,0.00072715885,0.009295021,0.0012554452,0.97234356,0.0050272867,0.0
ERR209801,0.00023246235,0.001263566,0.0016915168,0.9929734,0.000733528,0.001968687,0.0011368792,0.0
SRR3586503,0.0018980558,0.98295534,0.003079863,0.0033205585,0.0017705733,0.0011426249,0.0058330595,0.0
ERR1844385,0.007879335,0.007841948,0.9407302,0.006737949,0.009433328,6.168039e-05,0.027315583,0.0
ERR1328460,0.00023472332,0.0012532459,0.001696903,0.9929124,0.0007458437,0.0020103632,0.0011464886,0.0
ERR1263844,0.0076967487,0.0036548618,0.0007271589,0.009294905,0.0012554453,0.9723436,0.005027229,0.0
SRR632456,0.0018980558,0.98295534,0.003079863,0.0033205585,0.0017705733,0.0011426249,0.0058330595,0.0
SRR5176229,0.0018980558,0.98295534,0.003079863,0.0033205585,0.0017705733,0.0011426249,0.0058330595,0.0
DRR043146,0.00023258111,0.0012632376,0.0016913367,0.9929722,0.0007338248,0.0019693393,0.0011375027,0.0
ERR923836,0.0050000935,0.0036334568,0.009096714,0.0050869165,0.00084149075,0.00088847405,0.97545284,0.0
ERR543465,0.007879335,0.007841948,0.9407302,0.006737949,0.009433328,6.168039e-05,0.027315583,0.0
ERR986388,0.0077235647,0.003642625,0.0007315301,0.009300766,0.0012626627,0.9723014,0.005037412,0.0
ERR1311157,0.00023403346,0.0012566062,0.0016824055,0.9929613,0.00074002525,0.0019731328,0.0011525583,0.0
SRR8609400,0.0050000935,0.0036334568,0.009096714,0.0050869165,0.00084149075,0.00088847405,0.97545284,0.0
ERR894685,0.005006029,0.0036368945,0.009096475,0.005086803,0.00084408536,0.0008904158,0.97543937,0.0
SRR4414804,0.007879335,0.007841948,0.9407302,0.006737949,0.009433328,6.168039e-05,0.027315583,0.0
SRR3037203,0.00018319488,0.0037654936,0.003922522,0.72032696,0.0009417236,0.15959683,0.0009147525,0.11034852
SRR1950714,0.0002323735,0.001264163,0.0016921443,0.9929743,0.0007330533,0.0019682439,0.0011356913,0.0
ERR276919,0.0018980558,0.98295534,0.003079863,0.0033205585,0.0017705733,0.0011426249,0.0058330595,0.0
ERR488125,0.0076967487,0.003654891,0.0007271882,0.009294788,0.0012554453,0.9723435,0.0050273165,0.0
ERR499525,0.0002662852,0.001166968,0.0016722081,0.9923584,0.0009057385,0.0022678555,0.0013625333,0.0
SRR7449497,0.0002353076,0.0012514938,0.0016733877,0.9929582,0.00074470945,0.0019709205,0.001166068,0.0
ERR1303780,0.00749822,0.017721998,0.00033410868,0.0037087747,0.0043262755,0.963198,0.003212599,0.0
ERR765696,0.0050000935,0.0036334568,0.009096714,0.0050869165,0.00084149075,0.00088847405,0.97545284,0.0
SRR5181187,0.0018980558,0.98295534,0.003079863,0.0033205585,0.0017705733,0.0011426249,0.0058330595,0.0
ERR2730393,0.00023379625,0.0012580678,0.0016832438,0.9929661,0.00073859986,0.0019701053,0.0011500337,0.0
SRR2010297,0.00023305754,0.0012623479,0.001693601,0.99295384,0.00073617627,0.0019798141,0.0011411639,0.0
SRR3414602,0.0002323735,0.001264163,0.0016921443,0.9929743,0.0007330533,0.0019682439,0.0011356913,0.0
ERR1256011,0.0053878003,0.0043054805,0.0007776682,0.012623821,0.001117478,0.9701618,0.005625952,0.0
ERR209173,0.00023246276,0.0012640441,0.0016922634,0.99297297,0.0007332319,0.0019692853,0.0011357211,0.0
SRR3624290,0.0012142956,0.3338362,0.10271329,0.0001257956,0.005829543,0.00019776821,0.24784416,0.30823898
SRR5156141,0.0002325222,0.0012641033,0.0016920846,0.9929742,0.00073308294,0.0019682436,0.0011357209,0.0
SRR5160327,0.0019842263,0.98285806,0.0030929649,0.0032892472,0.0018122065,0.001176161,0.005787115,0.0
ERR2738594,0.00024632906,0.0012063968,0.0016073098,0.9928808,0.00079004926,0.001985502,0.0012836293,0.0
SRR6054423,0.00024722097,0.0012027079,0.001611769,0.9928356,0.00079852407,0.0020144954,0.001289665,0.0
ERR908137,0.0077436315,0.0036224232,0.0007250293,0.009606323,0.0012936849,0.9718081,0.00520089,0.0
SRR2090095,0.0018980558,0.98295534,0.003079863,0.0033204993,0.0017705733,0.0011426249,0.0058330595,0.0
SRR1631303,0.0002323735,0.001264163,0.0016921443,0.9929743,0.0007330533,0.0019682439,0.0011356913,0.0
SRR3951193,0.00023258117,0.0012634164,0.0016912181,0.9929734,0.00073370594,0.0019684476,0.0011372948,0.0
SRR1649668,0.0018980558,0.98295534,0.003079863,0.0033205585,0.0017705733,0.0011426249,0.0058330595,0.0
SRR2046638,0.00028023825,0.0011463157,0.0016806863,0.9921573,0.0009518289,0.0023134449,0.0014702325,0.0
ERR1691359,0.0050000935,0.0036334568,0.009096714,0.0050869165,0.00084149075,0.00088847405,0.97545284,0.0
SRR5156000,0.00023281843,0.001262669,0.0016899043,0.99297255,0.00073444744,0.0019684415,0.0011391357,0.0
SRR1503364,0.007879335,0.007841948,0.9407302,0.006737949,0.009433328,6.168039e-05,0.027315583,0.0
SRR6409174,0.00023252208,0.001263954,0.0016919648,0.9929738,0.0007332611,0.001968451,0.0011360772,0.0
ERR1678255,0.0050000935,0.0036334568,0.009096714,0.0050869165,0.00084149075,0.00088847405,0.97545284,0.0
ERR498548,0.00023252211,0.0012639839,0.001691965,0.99297404,0.0007332017,0.001968243,0.0011359882,0.0
ERR719820,0.00023412373,0.0012559573,0.0016870234,0.99294823,0.00074092083,0.0019830468,0.0011507489,0.0
SRR6235182,0.0018980558,0.98295534,0.003079863,0.0033205585,0.0017705733,0.0011426249,0.0058330595,0.0
SRR921074,0.0002323735,0.001264163,0.0016921443,0.9929743,0.0007330533,0.0019682439,0.0011356913,0.0
SRR8356260,0.00025328633,0.0012465568,0.0017781515,0.9912468,0.001027516,0.0032849568,0.001162713,0.0
SRR994879,0.0002323735,0.001264163,0.0016921443,0.9929743,0.0007330533,0.0019682439,0.0011356913,0.0
SRR3362270,0.00024402622,0.0012148669,0.0016403737,0.9928307,0.0007881705,0.0020324218,0.0012494856,0.0
SRR6411937,0.0002324627,0.0012641628,0.0016920846,0.99297416,0.0007331424,0.0019683032,0.0011357209,0.0
SRR5786470,0.0018980558,0.98295534,0.003079863,0.0033205585,0.0017705733,0.0011426249,0.0058330595,0.0
SRR6264786,0.00023284821,0.0012621932,0.0016903507,0.99296767,0.0007351614,0.001972071,0.0011396415,0.0
ERR1713345,0.8073705,0.015350629,0.04676271,0.0076178056,0.00069515256,0.051177997,0.07102524,0.0
ERR531498,0.00023513277,0.0012506505,0.0016837647,0.992929,0.0007468328,0.0019941519,0.0011604048,0.0
ERR1533589,0.007700911,0.003663138,0.0007261606,0.009282572,0.001258487,0.9723386,0.0050301407,0.0
SRR6342056,0.0018980558,0.98295534,0.003079863,0.0033205585,0.0017705733,0.0011426249,0.0058330595,0.0
DRR024043,0.0002340333,0.0012572894,0.0016812442,0.9929675,0.00073934055,0.0019682534,0.001152379,0.0
SRR3884083,0.0018980558,0.98295534,0.003079863,0.0033205585,0.0017705733,0.0011426249,0.0058330595,0.0
ERR1811329,0.00023361975,0.0012582272,0.0016878685,0.99295276,0.0007394687,0.0019813061,0.0011467714,0.0
ERR441781,0.0002324627,0.0012640735,0.0016920846,0.9929742,0.00073308294,0.0019682436,0.0011357804,0.0
SRR5467914,0.00023237347,0.0012641628,0.0016921441,0.9929742,0.0007330532,0.0019682436,0.00113581,0.0
ERR1144159,0.0018980558,0.98295534,0.003079863,0.0033205585,0.0017705733,0.0011426249,0.0058330595,0.0
SRR408552,0.00024351897,0.0012183384,0.0016416415,0.9928595,0.00078105705,0.0020089422,0.0012469789,0.0
SRR6511689,0.001897997,0.98295546,0.0030798928,0.0033204702,0.0017706325,0.001142625,0.0058330013,0.0
ERR1522038,0.003754139,0.35452384,0.0005028546,0.0031055808,0.0019240379,0.48765972,0.0076797307,0.14085007
ERR1366659,0.0077022645,0.0036610323,0.00072686415,0.009285158,0.0012571408,0.9723307,0.005036852,0.0
SRR994732,0.0002323735,0.001264163,0.0016921443,0.9929743,0.0007330533,0.0019682439,0.0011356913,0.0
ERR2596270,0.0077341385,0.0036108736,0.00072997116,0.009412803,0.0012656758,0.97221565,0.0050308965,0.0
SRR1299228,0.00025306214,0.0011942309,0.0016804588,0.9926308,0.0008263405,0.0021280537,0.001287051,0.0
ERR579596,0.00023444855,0.0012544872,0.001680641,0.9929547,0.0007421924,0.001976691,0.0011569242,0.0
SRR5720250,0.0018980558,0.98295534,0.003079863,0.0033205585,0.0017705733,0.0011426249,0.0058330595,0.0
ERR1226162,0.004029244,0.008874694,0.04819199,0.0014742736,0.0022276277,0.0005113858,0.9346908,0.0
SRR3201882,0.00023296641,0.0012617725,0.0016885306,0.9929719,0.00073521846,0.0019683163,0.0011412736,0.0
SRR7453372,0.00023243295,0.0012641033,0.0016920846,0.9929742,0.0007331424,0.0019682436,0.0011357209,0.0
ERR1309977,0.00023718401,0.0012456473,0.0016770045,0.9928838,0.000760363,0.002021299,0.0011746468,0.0
ERR867080,0.000233945,0.0012570863,0.0016841363,0.99295837,0.0007398195,0.0019758462,0.0011508071,0.0
ERR675524,0.007696748,0.0036548614,0.00072715885,0.009295021,0.0012554452,0.97234356,0.0050272867,0.0
ERR441803,0.00023246267,0.0012640437,0.0016920547,0.99297416,0.00073314237,0.0019682434,0.0011358992,0.0
SRR3742054,0.0018980558,0.98295534,0.003079863,0.0033205585,0.0017705733,0.0011426249,0.0058330595,0.0
SRR6207099,0.0018980558,0.98295534,0.003079863,0.0033205585,0.0017705733,0.0011426249,0.0058330595,0.0
ERR2168983,0.0018980558,0.98295534,0.003079863,0.0033205585,0.0017705733,0.0011426249,0.0058330595,0.0
ERR2836128,0.0077208863,0.003674155,0.00072476757,0.009267394,0.001266542,0.97228694,0.0050593438,0.0
SRR986776,0.00023246267,0.0012641032,0.0016920547,0.99297416,0.00073314237,0.0019682434,0.0011358397,0.0
ERR1811262,0.00020059693,0.0010460566,0.0025580637,0.98535573,0.0010932874,0.00867777,0.0010685135,0.0
ERR1691521,0.0050000935,0.0036334568,0.009096714,0.0050869165,0.00084149075,0.00088847405,0.97545284,0.0
ERR1533906,0.007700761,0.0036633706,0.00072613097,0.009282568,0.0012586622,0.97233826,0.0050302553,0.0
ERR1382720,0.00023385597,0.0012572063,0.0016846434,0.9929581,0.00073973084,0.0019761454,0.001150243,0.0
SRR1556865,0.00022370578,0.0011659113,0.0019251012,0.99151444,0.0008495525,0.0031887519,0.0011325086,0.0
SRR346850,0.0002325222,0.0012641033,0.0016920846,0.9929741,0.0007331127,0.0019682734,0.00113581,0.0
ERR1298405,0.0050000935,0.0036334568,0.009096714,0.0050869165,0.00084149075,0.00088847405,0.97545284,0.0
ERR1742288,0.0019133837,0.98293275,0.0030828768,0.00331891,0.0017778547,0.0011481777,0.0058261207,0.0
SRR3095167,0.0002398422,0.0012315408,0.0016483797,0.9929137,0.00076503237,0.0019881264,0.0012133386,0.0
ERR522707,0.00023243285,0.0012638945,0.0016917863,0.99297416,0.00073323137,0.0019683023,0.0011361665,0.0
SRR5983456,0.00023258102,0.0012632074,0.0016908601,0.99297327,0.0007339435,0.0019684464,0.0011377403,0.0
SRR2658211,0.00023278869,0.001262669,0.0016898746,0.9929727,0.0007344177,0.001968412,0.0011391952,0.0
ERR2511371,0.00023447777,0.0012546033,0.001678912,0.99296016,0.000741804,0.0019723736,0.0011577841,0.0
DRR047604,0.00023261091,0.0012633866,0.0016911884,0.9929731,0.00073370594,0.001968715,0.0011373543,0.0
SRR7448875,0.00023252175,0.0012635953,0.001691427,0.99297327,0.00073358725,0.0019686266,0.0011370572,0.0
ERR487205,0.005518408,0.0051644486,0.00078850787,0.013497394,0.0015506429,0.9677305,0.005749971,0.0
ERR675687,0.007696748,0.0036548614,0.00072715885,0.009295021,0.0012554452,0.97234356,0.0050272867,0.0
SRR5870190,0.0002323735,0.001264163,0.0016921443,0.9929743,0.0007330533,0.0019682439,0.0011356913,0.0
SRR5869428,0.00023246267,0.0012641627,0.0016920844,0.9929741,0.0007331126,0.0019682434,0.0011357802,0.0
ERR1690069,0.0050000935,0.0036334568,0.009096714,0.0050869165,0.00084149075,0.00088847405,0.97545284,0.0
SRR6028404,0.00024769123,0.0012014913,0.0015978151,0.9928773,0.00079484825,0.001982095,0.0012988251,0.0
SRR5180759,0.0018980558,0.98295534,0.003079863,0.0033205585,0.0017705733,0.0011426249,0.0058330595,0.0
SRR2135738,0.0018980558,0.98295534,0.003079863,0.0033205585,0.0017705733,0.0011426249,0.0058330595,0.0
ERR1382919,0.00025190882,0.0011958977,0.0016600703,0.9926293,0.00083427323,0.00214524,0.0012833669,0.0
SRR6411987,0.00023281804,0.0012621909,0.0016892768,0.9929717,0.00073486264,0.0019687952,0.0011402938,0.0
ERR1582068,0.0018980558,0.98295534,0.003079863,0.0033205585,0.0017705733,0.0011426249,0.0058330595,0.0
SRR5178754,0.0018980558,0.98295534,0.003079863,0.0033205585,0.0017705733,0.0011426249,0.0058330595,0.0
ERR2042950,0.007879335,0.007841948,0.9407302,0.006737949,0.009433328,6.168039e-05,0.027315583,0.0
ERR498547,0.00023243295,0.0012641033,0.0016921143,0.99297416,0.0007331424,0.0019682436,0.00113581,0.0
SRR6745861,0.0018980558,0.98295534,0.003079863,0.0033205585,0.0017705733,0.0011426249,0.0058330595,0.0
ERR1297841,0.00023960562,0.0012323213,0.0016517797,0.9929109,0.00076429313,0.0019910228,0.001210044,0.0
ERR1522058,0.0076967487,0.0036548618,0.00072712963,0.009294905,0.0012554453,0.9723436,0.0050272876,0.0
ERR1297931,0.0050000935,0.0036334568,0.009096714,0.0050869165,0.00084149075,0.00088847405,0.97545284,0.0
ERR1896921,0.003750503,0.3543471,0.00050249696,0.0031102002,0.0019240081,0.48774752,0.007672757,0.14094543
SRR1618154,0.00025669983,0.0011925494,0.0016589572,0.99251866,0.0008663433,0.0022027232,0.0013039614,0.0
DRR050850,0.0002324626,0.001264073,0.0016920243,0.9929739,0.00073323137,0.0019683023,0.0011358691,0.0
ERR444756,0.00023340974,0.0012549454,0.0016899377,0.9929323,0.0007414856,0.0019977102,0.0011501237,0.0
SRR7448661,0.00023332228,0.0012603686,0.0016866785,0.9929693,0.0007364346,0.0019693482,0.0011445404,0.0
ERR1913057,0.00023637449,0.001246952,0.0016666082,0.99295163,0.0007490397,0.0019724048,0.0011769647,0.0
ERR560649,0.00033781357,0.0012009597,0.0018217018,0.9885579,0.0015673456,0.0050231707,0.0014910833,0.0
ERR1897618,0.0018980558,0.98295534,0.003079863,0.0033205585,0.0017705733,0.0011426249,0.0058330595,0.0
ERR537758,0.0076967496,0.003654862,0.00072715903,0.009294907,0.0012554454,0.9723436,0.0050272294,0.0
ERR418276,0.007696143,0.003655569,0.0007272769,0.0092953555,0.001255476,0.9723414,0.0050287577,0.0
SRR873599,0.0076971836,0.0036551233,0.0007271585,0.009294783,0.0012555909,0.9723418,0.005028368,0.0
ERR638339,0.0050000935,0.0036334568,0.009096714,0.0050869165,0.00084149075,0.00088847405,0.97545284,0.0
SRR7454111,0.0002324627,0.0012640439,0.0016920548,0.9929743,0.00073308294,0.0019682436,0.0011358398,0.0
SRR5720268,0.0018980558,0.98295534,0.003079863,0.0033205585,0.0017705733,0.0011426249,0.0058330595,0.0
ERR107149,0.00023388554,0.0012569079,0.0016849396,0.9929576,0.00073981954,0.001976144,0.0011507181,0.0
SRR2097678,0.0018980558,0.98295534,0.003079863,0.0033205585,0.0017705733,0.0011426249,0.0058330595,0.0
SRR2761191,0.0002728194,0.0011164253,0.0014657874,0.9926464,0.0009015108,0.0020079187,0.0015890287,0.0
ERR2271659,0.0018980558,0.98295534,0.003079863,0.0033205585,0.0017705733,0.0011426249,0.0058330595,0.0
ERR1522470,0.007696748,0.0036548614,0.00072715885,0.009295021,0.0012554452,0.97234356,0.0050272867,0.0
SRR7479536,0.0018982019,0.98295474,0.0030799787,0.0033206444,0.0017706016,0.0011426241,0.005833144,0.0
SRR8605222,0.0050000935,0.0036334568,0.009096714,0.0050869165,0.00084149075,0.00088847405,0.97545284,0.0
ERR1523983,0.78151363,0.052291047,0.042003933,0.004263633,0.00078587234,0.03927813,0.07986377,0.0
SRR7453740,0.00023249228,0.0012639537,0.0016917859,0.992974,0.00073320145,0.0019682422,0.0011362258,0.0
ERR2709719,0.0050000935,0.0036334568,0.009096714,0.0050869165,0.00084149075,0.00088847405,0.97545284,0.0
SRR5082765,0.0077020023,0.0036577971,0.00072674436,0.009290162,0.0012570191,0.97233313,0.0050330553,0.0
DRR047553,0.00023299655,0.0012612392,0.001690794,0.9929642,0.00073587405,0.0019740604,0.0011407699,0.0
ERR1691501,0.0050000935,0.0036334568,0.009096714,0.0050869165,0.00084149075,0.00088847405,0.97545284,0.0
SRR3098324,0.0018980558,0.98295534,0.003079863,0.0033205585,0.0017705733,0.0011426249,0.0058330595,0.0
ERR1971262,0.00023812776,0.0012379015,0.0016698984,0.9928934,0.00076096185,0.002010047,0.0011895978,0.0
SRR5190060,0.00010433269,0.2912473,0.0074627697,0.42996365,0.00842604,0.0013714731,0.00010676582,0.26131767
ERR107207,0.00023400485,0.0012564339,0.0016863996,0.99295276,0.0007403263,0.0019796568,0.001150452,0.0
DRR012989,0.0018980558,0.98295534,0.003079863,0.0033205585,0.0017705733,0.0011426249,0.0058330595,0.0
ERR675229,0.007696748,0.0036548614,0.00072715885,0.009295021,0.0012554452,0.97234356,0.0050272867,0.0
ERR1383125,0.00023438912,0.001254428,0.0016806711,0.9929537,0.0007423413,0.0019775243,0.0011569245,0.0
DRR047894,0.00023269981,0.0012629088,0.001690829,0.9929715,0.0007342106,0.001969575,0.001138245,0.0
SRR3503403,0.00025751826,0.0011970123,0.001783114,0.99244565,0.000846089,0.0022619783,0.0012086135,0.0
SRR1022380,0.007879335,0.007841948,0.9407302,0.006737949,0.009433328,6.168039e-05,0.027315583,0.0
SRR6264323,0.0002330553,0.0012611161,0.0016879926,0.9929701,0.00073575275,0.0019694734,0.0011424617,0.0
SRR1618301,0.00023508248,0.0012539418,0.0017080737,0.99290574,0.0007448096,0.0020132377,0.0011390926,0.0
ERR209749,0.00023317413,0.0012605205,0.0016881997,0.99296594,0.0007364662,0.0019724467,0.0011432344,0.0
SRR6057227,0.0018980558,0.98295534,0.003079863,0.0033205585,0.0017705733,0.0011426249,0.0058330595,0.0
SRR1767156,0.007879335,0.007841948,0.9407302,0.006737949,0.009433328,6.168039e-05,0.027315583,0.0
SRR3030629,0.00023709457,0.0012423744,0.0016889308,0.99288344,0.00075655506,0.0020209702,0.0011706303,0.0
SRR3624300,0.0012142956,0.3338362,0.10271329,0.0001257956,0.005829543,0.00019776821,0.24784416,0.30823898
SRR952755,0.009719913,0.33299842,0.5522329,0.00023461058,0.0094238045,0.00013687823,0.09525354,0.0
SRR2046639,0.00023249234,0.001263954,0.0016919945,0.992974,0.00073323137,0.001968332,0.0011360177,0.0
ERR309213,0.007697512,0.0036551848,0.00072718837,0.009293677,0.0012555041,0.9723431,0.0050279624,0.0
SRR1631458,0.0002323735,0.001264163,0.0016921443,0.9929743,0.0007330533,0.0019682439,0.0011356913,0.0
SRR3883969,0.0018980558,0.98295534,0.003079863,0.0033205585,0.0017705733,0.0011426249,0.0058330595,0.0
SRR7449318,0.0002324627,0.0012640439,0.0016919953,0.9929743,0.0007331424,0.0019682436,0.0011358695,0.0
SRR3361467,0.00023699683,0.0012441739,0.0016629634,0.9929466,0.00075164996,0.0019740812,0.0011835267,0.0
SRR1923779,0.0002323735,0.001264163,0.0016921443,0.9929743,0.0007330533,0.0019682439,0.0011356913,0.0
ERR443992,0.0002454904,0.0012126999,0.0016553501,0.99276227,0.0008000596,0.0020774484,0.001246695,0.0
SRR6746519,0.0018980558,0.98295534,0.003079863,0.0033205585,0.0017705733,0.0011426249,0.0058330595,0.0
SRR640622,0.007879335,0.007841948,0.9407302,0.006737949,0.009433328,6.168039e-05,0.027315583,0.0
ERR2511473,0.00023255161,0.0012638338,0.0016916062,0.99297374,0.00073340914,0.0019683302,0.0011365819,0.0
ERR1249573,0.0050000935,0.0036334568,0.009096714,0.0050869165,0.00084149075,0.00088847405,0.97545284,0.0
SRR6394221,0.00023332234,0.0012601607,0.001687601,0.9929663,0.0007367322,0.0019714308,0.001144392,0.0
ERR1854521,0.007697039,0.0036550362,0.00072718796,0.009294609,0.0012555327,0.9723431,0.005027608,0.0
SRR5915696,0.0018980558,0.98295534,0.003079863,0.0033205585,0.0017705733,0.0011426249,0.0058330595,0.0
SRR1747656,0.0018980558,0.98295534,0.003079863,0.0033205585,0.0017705733,0.0011426249,0.0058330595,0.0
SRR6414425,0.00023255155,0.0012635658,0.0016915761,0.9929728,0.0007336469,0.0019690138,0.0011368791,0.0
DRR024111,0.0002422157,0.0012211014,0.0016459604,0.9928655,0.0007776242,0.0020134477,0.0012341283,0.0
SRR920977,0.0002323735,0.001264163,0.0016921443,0.9929743,0.0007330533,0.0019682439,0.0011356913,0.0
ERR1382693,0.00023754634,0.0012434744,0.0016917071,0.9928558,0.0007619568,0.0020433862,0.0011661068,0.0
ERR1691774,0.0050000935,0.0036334568,0.009096714,0.0050869165,0.00084149075,0.00088847405,0.97545284,0.0
ERR1383074,0.00027247958,0.0011431713,0.0016489117,0.9920396,0.00095549226,0.0025080072,0.0014323612,0.0
SRR5823487,0.0018980558,0.98295534,0.003079863,0.0033205585,0.0017705733,0.0011426249,0.0058330595,0.0
ERR441466,0.00023258147,0.0012638046,0.0016917557,0.99297357,0.00073335,0.0019685095,0.0011364337,0.0
ERR675599,0.007696748,0.0036548907,0.00072715885,0.009295021,0.0012554452,0.97234344,0.0050272867,0.0
ERR531651,0.00024103699,0.001226124,0.0016679855,0.99283975,0.0007753991,0.002037988,0.0012117284,0.0
SRR6408949,0.00023246267,0.0012640437,0.0016921142,0.99297404,0.0007330829,0.0019683328,0.0011358397,0.0
ERR2495161,0.0050000935,0.0036334568,0.009096714,0.0050869165,0.00084149075,0.00088847405,0.97545284,0.0
SRR6679560,0.007879335,0.007841948,0.9407302,0.006737949,0.009433328,6.168039e-05,0.027315583,0.0
ERR308869,0.00024009551,0.001208807,0.001790855,0.9923054,0.0008137545,0.002512629,0.0011283983,0.0
ERR443627,0.0002323735,0.001264163,0.0016921443,0.9929743,0.0007330533,0.0019682439,0.0011356913,0.0
ERR1897649,0.0018980558,0.98295534,0.003079863,0.0033205585,0.0017705733,0.0011426249,0.0058330595,0.0
SRR1304321,0.007853058,0.007896843,0.940863,0.006798603,0.009438755,6.20822e-05,0.0270877,0.0
ERR1298055,0.0050000935,0.0036334568,0.009096714,0.0050869165,0.00084149075,0.00088847405,0.97545284,0.0
ERR1359957,0.007700873,0.003652311,0.0007277149,0.009298589,0.0012563816,0.97233576,0.0050284555,0.0
ERR1103097,0.0018979969,0.9829554,0.0030798335,0.003320529,0.0017706323,0.0011426249,0.0058330004,0.0
SRR995522,0.0002323735,0.001264163,0.0016921443,0.9929743,0.0007330533,0.0019682439,0.0011356913,0.0
SRR3581168,0.00025370714,0.001174927,0.0016061281,0.992625,0.00083917833,0.0021428026,0.0013583086,0.0
ERR1854507,0.007697182,0.0036551517,0.0007270997,0.009294721,0.0012556199,0.972342,0.005028162,0.0
ERR883533,0.00023801046,0.0012393082,0.001670981,0.9928887,0.0007615026,0.0020143145,0.0011871671,0.0
ERR1398124,0.00023468559,0.0012537387,0.001678582,0.99295586,0.0007428736,0.0019751366,0.0011591802,0.0
ERR1600430,0.00023275905,0.0012626993,0.0016903513,0.9929714,0.00073441805,0.0019694539,0.001138928,0.0
ERR1897726,0.0036491752,0.3360537,0.00049704313,0.0032366812,0.001979947,0.5189964,0.007559508,0.12802756
ERR1512288,0.007696748,0.0036548614,0.00072715885,0.009295021,0.0012554452,0.97234356,0.0050272867,0.0
SRR5822372,0.0032304227,0.015463531,0.0009711385,0.012040526,0.0011239648,0.9530904,0.010463387,0.0036165714
ERR1533644,0.0076982053,0.0036583433,0.0007267774,0.009289799,0.0012566155,0.9723421,0.0050281314,0.0
ERR1691016,0.0050000935,0.0036334568,0.009096714,0.0050869165,0.00084149075,0.00088847405,0.97545284,0.0
SRR2846720,0.0018980558,0.98295534,0.003079863,0.0033205585,0.0017705733,0.0011426249,0.0058330595,0.0
ERR444139,0.00024965213,0.0012068305,0.0016470081,0.99267316,0.00082735566,0.002123352,0.0012725597,0.0
SRR2061283,0.0018980558,0.98295534,0.003079863,0.0033205585,0.0017705733,0.0011426249,0.0058330595,0.0
ERR1109449,0.00023237347,0.0012641033,0.0016921441,0.9929742,0.00073308294,0.0019682436,0.0011357804,0.0
SRR823276,0.00023447908,0.0012540452,0.0016836211,0.9929479,0.0007425518,0.001981784,0.0011555895,0.0
ERR1263774,0.007696748,0.0036548614,0.00072715885,0.009295021,0.0012554452,0.97234356,0.0050272867,0.0
SRR8608665,0.0050000935,0.0036334568,0.009096714,0.0050869165,0.00084149075,0.00088847405,0.97545284,0.0
SRR5178564,0.0018980558,0.98295534,0.003079863,0.0033205585,0.0017705733,0.0011426249,0.0058330595,0.0
ERR1382321,0.00023293692,0.0012620118,0.0016890083,0.9929715,0.00073498127,0.0019689729,0.0011406799,0.0
SRR6054631,0.0002554499,0.0011729108,0.0015573197,0.99279886,0.00082944654,0.0020008408,0.0013851266,0.0
SRR6028298,0.00023836004,0.001237872,0.0016557308,0.99293137,0.0007580587,0.0019804048,0.0011982841,0.0
SRR1461113,0.00021070242,0.0027230382,0.0015464723,0.9820316,0.0025666654,0.0077752173,0.0008777678,0.0022685528
ERR538772,0.007879335,0.007841948,0.9407302,0.006737949,0.009433328,6.168039e-05,0.027315583,0.0
SRR6412160,0.0002323735,0.001264163,0.0016921443,0.9929743,0.0007330533,0.0019682439,0.0011356913,0.0
DRR047371,0.0002330852,0.0012614145,0.0016886184,0.9929696,0.00073563424,0.0019698318,0.0011418379,0.0
SRR8356229,0.00025920072,0.0011824192,0.0017007611,0.99246687,0.00086560845,0.0022291858,0.0012960036,0.0
SRR943519,0.007879335,0.007841948,0.9407302,0.006737949,0.009433328,6.168039e-05,0.027315583,0.0
ERR1905782,0.0050000935,0.0036334568,0.009096714,0.0050869165,0.00084149075,0.00088847405,0.97545284,0.0
ERR2563736,0.00023778553,0.0008713465,0.0020826324,0.98588353,0.0013824119,0.007824445,0.0017179033,0.0
ERR209593,0.00023700023,0.0012430317,0.0016722378,0.9929128,0.00075525977,0.0019998678,0.0011797068,0.0
SRR921051,0.0002323735,0.001264163,0.0016921443,0.9929743,0.0007330533,0.0019682439,0.0011356913,0.0
ERR1583147,0.0018980558,0.98295534,0.003079863,0.0033205585,0.0017705733,0.0011426249,0.0058330595,0.0
SRR2004062,0.007879335,0.007841948,0.9407302,0.006737949,0.009433328,6.168039e-05,0.027315583,0.0
SRR6207109,0.0018980558,0.98295534,0.003079863,0.0033205585,0.0017705733,0.0011426249,0.0058330595,0.0
ERR1256569,0.00019547578,0.0013039683,0.0037662196,0.9310198,0.0013892436,0.061410893,0.000914462,0.0
ERR1548841,0.00060734636,0.013136809,0.034052555,0.19155921,0.74174803,0.009795304,0.009100802,0.0
ERR2596277,0.007716419,0.003631034,0.0007286084,0.009357509,0.0012609258,0.97227615,0.0050292932,0.0
SRR2086831,0.00023311653,0.0012600846,0.0016938354,0.9929536,0.00073715625,0.0019823085,0.0011399122,0.0
SRR2046590,0.0002483496,0.0011985075,0.0016193427,0.9928005,0.0008043481,0.0020328623,0.0012961404,0.0
SRR1145302,0.00023870223,0.001237831,0.0017005712,0.9928434,0.0007631333,0.0020437373,0.0011726005,0.0
ERR924332,0.0050000944,0.0036334572,0.009096716,0.005086917,0.00084149087,0.0008883852,0.97545296,0.0
ERR1691119,0.0050000935,0.0036334568,0.009096714,0.0050869165,0.00084149075,0.00088847405,0.97545284,0.0
SRR3647722,0.00023822028,0.0012375319,0.0016784878,0.99287355,0.0007625785,0.002024798,0.0011847956,0.0
SRR7449379,0.00023252214,0.0012640733,0.0016920544,0.99297404,0.00073314225,0.0019682432,0.0011358693,0.0
ERR2709769,0.0050000935,0.0036334568,0.009096714,0.0050869165,0.00084149075,0.00088847405,0.97545284,0.0
ERR1315165,0.00023623473,0.001247148,0.0016852621,0.99289453,0.0007544223,0.0020176326,0.0011647842,0.0
SRR2145551,0.000115586256,0.0018700064,0.004178614,0.9430999,0.0009101332,0.0472481,0.001027763,0.0015498997
SRR6457290,0.0018980558,0.98295534,0.003079863,0.0033205585,0.0017705733,0.0011426249,0.0058330595,0.0
ERR1689237,0.0050000935,0.0036334568,0.009096714,0.0050869165,0.00084149075,0.00088847405,0.97545284,0.0
SRR4434590,0.0018980558,0.98295534,0.003079863,0.0033205585,0.0017705733,0.0011426249,0.0058330595,0.0
SRR5190114,0.0018980558,0.98295534,0.003079863,0.0033205585,0.0017705733,0.0011426249,0.0058330595,0.0
SRR980762,0.007879335,0.007841948,0.9407302,0.006737949,0.009433328,6.168039e-05,0.027315583,0.0
ERR1385301,0.00024358697,0.001217102,0.0016543393,0.99280727,0.0007886983,0.0020517518,0.0012372968,0.0
ERR1382638,0.00023628975,0.0012463214,0.00167711,0.9929132,0.0007531587,0.0020021272,0.0011717818,0.0
SRR6757688,0.0002323735,0.001264163,0.0016921443,0.9929743,0.0007330533,0.0019682439,0.0011356913,0.0
ERR1523072,0.0076967496,0.00365495,0.0007271883,0.009294818,0.0012554454,0.9723436,0.0050272294,0.0
ERR719979,0.00023358902,0.0012584596,0.0016858982,0.99296147,0.00073845417,0.0019743373,0.0011477481,0.0
SRR1948794,0.0002329963,0.0012612081,0.001690465,0.9929646,0.0007359328,0.0019731957,0.0011415421,0.0
ERR1924338,0.80746657,0.015068804,0.046829704,0.00768197,0.0006937339,0.051369242,0.07088998,0.0
SRR2061276,0.0018980558,0.98295534,0.003079863,0.0033205585,0.0017705733,0.0011426249,0.0058330595,0.0
ERR2730378,0.00023515976,0.0012512605,0.0016758628,0.99294984,0.00074524764,0.0019780667,0.0011646447,0.0
ERR719515,0.00023373721,0.0012580404,0.001684407,0.99296296,0.0007387797,0.0019729645,0.0011491434,0.0
SRR218091,0.0076973755,0.0036603152,0.0007266621,0.0092881825,0.0012570581,0.9723426,0.0050277635,0.0
SRR1633145,0.0002323735,0.001264163,0.0016921443,0.9929743,0.0007330533,0.0019682439,0.0011356913,0.0
SRR6444535,0.00023554522,0.0012497668,0.0016740396,0.9929468,0.00074676075,0.0019789783,0.0011680592,0.0
ERR2730268,0.00023252203,0.0012638645,0.0016918752,0.99297357,0.0007332907,0.0019685398,0.0011362853,0.0
ERR1677049,0.0050000935,0.0036334568,0.009096714,0.0050869165,0.00084149075,0.00088847405,0.97545284,0.0
DRR043890,0.00023338177,0.0012598332,0.0016878089,0.99296457,0.0007370592,0.001972531,0.0011448378,0.0
ERR1297941,0.0050000935,0.0036334568,0.009096714,0.0050869165,0.00084149075,0.00088847405,0.97545284,0.0
DRR048256,0.0002325515,0.0012635953,0.001691427,0.99297315,0.0007336765,0.0019687158,0.0011369977,0.0
SRR5467630,0.00023246267,0.001263895,0.0016921439,0.99297345,0.00073326135,0.0019688087,0.0011359587,0.0
SRR7270044,0.007698498,0.003655883,0.00072718743,0.009292494,0.0012557661,0.972341,0.0050292443,0.0
SRR7651500,0.0018980558,0.98295534,0.003079863,0.0033205585,0.0017705733,0.0011426249,0.0058330595,0.0
SRR3053342,0.00023741442,0.0012406108,0.0016692773,0.9929113,0.00075691834,0.0019990758,0.0011854362,0.0
SRR2046674,0.0002323735,0.001264163,0.0016921443,0.9929743,0.0007330533,0.0019682439,0.0011356913,0.0
SRR5431296,0.0002323735,0.001264163,0.0016921443,0.9929743,0.0007330533,0.0019682439,0.0011356913,0.0
SRR7453291,0.00023613797,0.0012478222,0.0016713178,0.9929446,0.0007486278,0.001977622,0.0011738488,0.0
ERR1582175,0.0018980558,0.98295534,0.003079863,0.0033204993,0.0017705733,0.0011427134,0.005832971,0.0
SRR7449292,0.00023246267,0.0012641032,0.0016920547,0.99297416,0.0007331126,0.0019682434,0.0011358397,0.0
ERR1263200,0.0076968926,0.0036548898,0.0007271587,0.009294931,0.001255562,0.97234285,0.0050276374,0.0
ERR996177,0.0071107796,0.0037931171,0.00073795835,0.009941764,0.0012224093,0.97203994,0.0051540746,0.0
ERR1226615,0.0050000935,0.0036334568,0.009096714,0.0050869165,0.00084149075,0.00088847405,0.97545284,0.0
SRR5590602,0.0018980558,0.98295534,0.003079863,0.0033205585,0.0017705733,0.0011426249,0.0058330595,0.0
ERR1691188,0.0050000935,0.0036334568,0.009096714,0.0050869165,0.00084149075,0.00088847405,0.97545284,0.0
ERR2511422,0.00024887157,0.00121268,0.001689959,0.99263316,0.00082326605,0.0021609915,0.0012310323,0.0
ERR906484,0.0076968046,0.003654802,0.0007272465,0.009295107,0.0012555034,0.9723432,0.005027227,0.0
SRR994472,0.0002323735,0.001264163,0.0016921443,0.9929743,0.0007330533,0.0019682439,0.0011356913,0.0
ERR1256019,0.0076967487,0.0036548618,0.0007271589,0.009295022,0.0012554453,0.9723435,0.0050272876,0.0
ERR789540,0.0018980558,0.98295534,0.003079863,0.0033205585,0.0017705733,0.0011426249,0.0058330595,0.0
SRR7610914,0.0018980558,0.98295534,0.003079863,0.0033205585,0.0017705733,0.0011426249,0.0058330595,0.0
ERR2262521,0.007798154,0.0036785568,0.0007229429,0.009296782,0.0012846102,0.9720834,0.005135483,0.0
ERR3506602,0.007697156,0.0036550069,0.00072712934,0.009294609,0.0012554742,0.97234285,0.005027754,0.0
ERR1593423,0.007879364,0.007841977,0.94073015,0.0067378315,0.009433328,6.168068e-05,0.027315613,0.0
SRR5431512,0.0002323735,0.001264163,0.0016921443,0.9929743,0.0007330533,0.0019682439,0.0011356913,0.0
SRR2143947,0.00023904924,0.0012383149,0.0016619826,0.9928764,0.00076818775,0.0020188463,0.0011971795,0.0
SRR1426212,0.007697189,0.0036550378,0.0007272176,0.009294057,0.0012554454,0.9723433,0.0050276397,0.0
ERR1690221,0.0050000935,0.0036334568,0.009096714,0.0050869165,0.00084149075,0.00088847405,0.97545284,0.0
DRR014069,0.0018980558,0.98295534,0.003079863,0.0033205585,0.0017705733,0.0011426249,0.0058330595,0.0
SRR1747517,0.0018980558,0.98295534,0.003079863,0.0033205585,0.0017705733,0.0011426249,0.0058330595,0.0
DRR042019,0.00023305579,0.0012605537,0.0016900783,0.9929625,0.0007364682,0.0019753969,0.0011419585,0.0
ERR765997,0.0050000935,0.0036334568,0.009096714,0.0050869165,0.00084149075,0.00088847405,0.97545284,0.0
SRR1617875,0.00014539898,0.0008484786,0.003970786,0.9651632,0.0013270187,0.027625395,0.0009197256,0.0
SRR3191046,0.0002413623,0.0012256684,0.001669073,0.9928427,0.0007747388,0.0020322616,0.0012142769,0.0
ERR1466988,0.00023507104,0.0012518582,0.0016775321,0.9929507,0.00074456516,0.001977357,0.0011629517,0.0
ERR521450,0.00023471512,0.0012538267,0.0016778666,0.99295837,0.00074257544,0.001973112,0.0011594766,0.0
ERR2714257,0.0076971278,0.003654978,0.00072715874,0.009294581,0.0012554743,0.97234297,0.0050276965,0.0
ERR765864,0.0050000935,0.0036334568,0.009096714,0.0050869165,0.00084149075,0.00088847405,0.97545284,0.0
ERR1303770,0.007696748,0.0036548614,0.00072715885,0.009295021,0.0012554452,0.97234356,0.0050272867,0.0
ERR488025,0.0076535335,0.003673136,0.00072335714,0.009395472,0.001264396,0.9721951,0.005095043,0.0
SRR2559885,0.007879335,0.007841948,0.9407302,0.006737949,0.009433328,6.168039e-05,0.027315583,0.0
ERR1384031,0.00023400408,0.0012567271,0.0016833898,0.9929589,0.0007400561,0.0019750693,0.0011518461,0.0
SRR5595861,0.0018980558,0.98295534,0.003079863,0.0033205585,0.0017705733,0.0011426249,0.0058330595,0.0
SRR6816716,0.0018980558,0.98295534,0.003079863,0.0033205585,0.0017705733,0.0011426249,0.0058330595,0.0
SRR3201910,0.00023350003,0.0012595021,0.0016853347,0.9929683,0.0007372949,0.0019695207,0.0011465595,0.0
SRR1822419,0.00023459748,0.0012536256,0.0016815347,0.99294704,0.000743472,0.0019822847,0.0011575498,0.0
ERR673634,0.0025429153,0.037591342,0.078646705,0.035610422,0.8053833,0.0066043963,0.03362083,0.0
ERR1533865,0.0076973904,0.0036564127,0.00072698295,0.009292646,0.0012560013,0.972343,0.005027608,0.0
SRR5155861,0.00023267024,0.0012632965,0.0016907409,0.9929735,0.00073376496,0.0019682378,0.0011377402,0.0
ERR537716,0.0076969247,0.0036549496,0.0007271589,0.0092947,0.0012554453,0.97234344,0.0050274045,0.0
ERR2511234,0.00024098945,0.001231509,0.0016807393,0.9927989,0.00078091054,0.0020711648,0.0011957563,0.0
SRR2010507,0.0002325222,0.0012641033,0.0016922631,0.99297374,0.0007331127,0.0019685412,0.0011357506,0.0
SRR8610932,0.0050000935,0.0036334568,0.009096714,0.0050869165,0.00084149075,0.00088847405,0.97545284,0.0
ERR2538510,0.00023252214,0.0012640435,0.0016921139,0.99297404,0.00073314225,0.0019683028,0.0011358098,0.0
SRR6287267,0.0018980558,0.98295534,0.003079863,0.0033205585,0.0017705733,0.0011426249,0.0058330595,0.0
SRR5230479,0.0018980558,0.98295534,0.003079863,0.0033205585,0.0017705733,0.0011426249,0.0058330595,0.0
ERR498719,0.0002324627,0.0012640735,0.0016920846,0.9929742,0.0007331424,0.0019682436,0.0011357209,0.0
ERR576309,0.007696748,0.0036548614,0.00072715885,0.009295021,0.0012554452,0.97234356,0.0050272867,0.0
ERR1383377,0.00023099876,0.0011292679,0.0019856317,0.99059707,0.0009420182,0.0039484818,0.0011665036,0.0
SRR995631,0.00023352972,0.0012596803,0.0016850369,0.99297,0.0007370865,0.001968122,0.0011464998,0.0
ERR522586,0.0002577975,0.0011772624,0.0016473287,0.99258447,0.0008502054,0.0021395201,0.0013434971,0.0
SRR3922972,0.007879335,0.007841948,0.9407302,0.006737949,0.009433328,6.168039e-05,0.027315583,0.0
ERR441054,0.00023249228,0.0012638943,0.0016919347,0.9929737,0.00073326094,0.00196851,0.001136196,0.0
ERR1311020,0.00023258111,0.001263416,0.001691069,0.9929735,0.000733676,0.0019683281,0.0011374136,0.0
SRR1980856,0.0018980558,0.98295534,0.003079863,0.0033205585,0.0017705733,0.0011426249,0.0058330595,0.0
SRR3037210,0.0007272363,0.0023111105,0.0033959746,0.4998782,0.0024310946,0.40863073,0.00053939223,0.082086325
SRR1125653,0.007879335,0.007841948,0.9407302,0.006737949,0.009433328,6.168039e-05,0.027315583,0.0
ERR1315087,0.0002413289,0.0012247873,0.0016526895,0.9928583,0.0007764224,0.002023219,0.0012232704,0.0
DRR041939,0.00023489489,0.0012520192,0.0016844198,0.99293727,0.0007448402,0.0019880848,0.0011585015,0.0
SRR8605173,0.0050000935,0.0036334568,0.009096714,0.0050869165,0.00084149075,0.00088847405,0.97545284,0.0
ERR2538401,0.00023255192,0.0012641032,0.0016920547,0.99297416,0.00073305314,0.0019682434,0.0011358397,0.0
DRR047597,0.00023296672,0.0012611197,0.0016904662,0.99296486,0.00073590357,0.0019735838,0.0011410372,0.0
SRR5467608,0.00023409803,0.0012563955,0.0016977015,0.99293196,0.0007411716,0.0019957228,0.0011429159,0.0
SRR2143927,0.00023617373,0.0012482109,0.0016803731,0.99290264,0.0007542984,0.0020108973,0.0011674537,0.0
ERR1109477,0.0002358416,0.0012486904,0.0016727531,0.99294657,0.0007475307,0.0019778986,0.0011707606,0.0
SRR5178521,0.0018980558,0.98295534,0.003079863,0.0033205585,0.0017705733,0.0011426249,0.0058330595,0.0
SRR2145432,0.00023788783,0.0012390511,0.0016643819,0.9929145,0.00075812987,0.001994861,0.0011910751,0.0
ERR1511965,0.00770364,0.0036590723,0.00072574004,0.009294036,0.0012592303,0.97232145,0.005036833,0.0
ERR1523058,0.007696748,0.0036548614,0.00072715885,0.009295021,0.0012554452,0.97234356,0.0050272867,0.0
ERR1897024,0.0018980558,0.98295534,0.003079863,0.0033205585,0.0017705733,0.0011426249,0.0058330595,0.0
ERR1366728,0.007701613,0.0036554933,0.0007273028,0.009293935,0.0012566124,0.9723293,0.0050356463,0.0
SRR3501911,0.00023871656,0.0012359961,0.0016569474,0.9929186,0.0007604071,0.001988581,0.0012007508,0.0
SRR7902248,0.0050000935,0.0036334568,0.009096714,0.0050869165,0.00084149075,0.00088847405,0.97545284,0.0
ERR1310041,0.00023376638,0.0012576506,0.0016835403,0.99296373,0.00073898607,0.0019719482,0.0011503602,0.0
SRR5467645,0.0002324627,0.0012641628,0.0016920846,0.99297416,0.0007331127,0.0019682436,0.00113581,0.0
ERR500842,0.00023252217,0.0012640734,0.0016921439,0.9929741,0.0007330829,0.0019682434,0.0011357802,0.0
ERR441395,0.00023246263,0.0012640434,0.0016920245,0.99297404,0.0007332017,0.001968243,0.0011359287,0.0
SRR976730,0.0050000935,0.0036334568,0.009096714,0.0050869165,0.00084149075,0.00088847405,0.97545284,0.0
SRR3062973,0.007879335,0.007841948,0.9407302,0.006737949,0.009433328,6.168039e-05,0.027315583,0.0
SRR980642,0.007879335,0.007841948,0.9407302,0.006737949,0.009433328,6.168039e-05,0.027315583,0.0
SRR4415174,0.007879335,0.007841948,0.9407302,0.006737949,0.009433328,6.168039e-05,0.027315583,0.0
ERR1924325,0.80765915,0.014451807,0.046980575,0.007828305,0.0006906935,0.051802848,0.07058662,0.0
DRR047842,0.00023489576,0.0012521428,0.0016877871,0.99293166,0.0007450214,0.0019917507,0.0011568103,0.0
ERR719322,0.00022327022,0.0012034759,0.0018502634,0.99211955,0.00079503946,0.0026754353,0.0011328598,0.0
SRR3098364,0.0018980558,0.98295534,0.003079863,0.0033205585,0.0017705733,0.0011426249,0.0058330595,0.0
ERR1960745,0.0002323735,0.001264163,0.0016921443,0.9929743,0.0007330533,0.0019682439,0.0011356913,0.0
SRR5915676,0.0018980558,0.98295534,0.003079863,0.0033205585,0.0017705733,0.0011426249,0.0058330595,0.0
ERR923938,0.007879399,0.007842276,0.94072926,0.0067376588,0.009432952,6.168125e-05,0.027316716,0.0
DRR018772,0.0002345078,0.0012547536,0.001680193,0.9929579,0.00074177515,0.0019738928,0.0011569825,0.0
ERR576298,0.007699264,0.0036557093,0.0007273343,0.009293114,0.0012555618,0.9723391,0.005029921,0.0
SRR6239887,0.00023258117,0.0012633866,0.0016912776,0.99297255,0.0007337952,0.0019691018,0.0011372948,0.0
SRR950757,0.007879335,0.007841948,0.9407302,0.006737949,0.009433328,6.168039e-05,0.027315583,0.0
ERR579844,0.0001580095,0.00094197405,0.0034322403,0.9735797,0.0012239461,0.019645799,0.0010182769,0.0
ERR525988,0.00025351808,0.001173707,0.0016794049,0.99215317,0.0008768306,0.0025101712,0.0013532364,0.0
SRR5002183,0.0018982014,0.98295456,0.003079978,0.0033206437,0.0017706896,0.0011426829,0.0058332016,0.0
SRR3624446,0.0012142956,0.3338362,0.10271329,0.0001257956,0.005829543,0.00019776821,0.24784416,0.30823898
SRR6764702,0.0050000935,0.0036334568,0.009096714,0.0050869165,0.00084149075,0.00088847405,0.97545284,0.0
ERR1111263,0.00023293686,0.001261952,0.0016890673,0.99297065,0.00073515956,0.0019694483,0.0011407095,0.0
ERR443544,0.0002323735,0.001264163,0.0016921443,0.9929743,0.0007330533,0.0019682439,0.0011356913,0.0
SRR6408836,0.0002324329,0.0012640435,0.0016920246,0.99297404,0.0007331125,0.001968392,0.0011359586,0.0
SRR6028169,0.000245233,0.0012106409,0.0016133453,0.99288875,0.00078572106,0.0019842878,0.0012720235,0.0
SRR5179765,0.0018980558,0.98295534,0.003079863,0.0033205585,0.0017705733,0.0011426249,0.0058330595,0.0
SRR3951219,0.00023243293,0.0012640734,0.0016919952,0.99297416,0.00073314237,0.001968303,0.0011358694,0.0
ERR1314386,0.0018980558,0.98295534,0.003079863,0.0033205585,0.0017705733,0.0011426249,0.0058330595,0.0
SRR5431348,0.00023758196,0.001247045,0.0016968058,0.9928406,0.0007642364,0.0020557814,0.0011579258,0.0
SRR1770657,0.007879335,0.007841948,0.9407302,0.006737949,0.009433328,6.168039e-05,0.027315583,0.0
SRR5190103,0.0018980558,0.98295534,0.003079863,0.0033205585,0.0017705733,0.0011426249,0.0058330595,0.0
ERR3344356,0.0018980558,0.98295534,0.003079863,0.0033205585,0.0017705733,0.0011426249,0.0058330595,0.0
ERR499082,0.00024174261,0.0012237328,0.0016471393,0.99286497,0.00077703834,0.0020167723,0.0012285807,0.0
ERR1523104,0.007696836,0.0036550371,0.00072718813,0.00929467,0.001255533,0.9723434,0.0050273747,0.0
DRR016081,0.0018980558,0.98295534,0.003079863,0.0033205585,0.0017705733,0.0011426249,0.0058330595,0.0
DRR024091,0.00023438974,0.0012549071,0.0016827874,0.99295276,0.0007418078,0.001978154,0.0011551428,0.0
SRR2103028,0.0018980558,0.98295534,0.003079863,0.0033205585,0.0017705733,0.0011426249,0.0058330595,0.0
SRR1631533,0.0002323735,0.001264163,0.0016921443,0.9929743,0.0007330533,0.0019682439,0.0011356913,0.0
ERR1533888,0.007700594,0.003663785,0.00072610256,0.009281788,0.0012585173,0.9723395,0.005029705,0.0
ERR1937988,0.007696924,0.0036550078,0.00072718813,0.009294758,0.0012554158,0.9723432,0.0050275796,0.0
ERR1398127,0.00023898626,0.0012341328,0.0016629696,0.99288946,0.0007646668,0.002009388,0.0012003148,0.0
ERR3596495,0.00023237347,0.0012641033,0.0016921441,0.9929742,0.0007330532,0.0019682436,0.00113581,0.0
ERR2495693,0.0050000935,0.0036334568,0.009096714,0.0050869165,0.00084149075,0.00088847405,0.97545284,0.0
ERR719677,0.00024458923,0.001212299,0.0016395865,0.9928235,0.0007904241,0.0020347838,0.0012549177,0.0
ERR441770,0.0002324627,0.0012640735,0.0016920846,0.9929742,0.0007331424,0.0019682436,0.0011357209,0.0
ERR567244,0.0009688139,0.0024315715,0.002661109,0.4365511,0.004490018,0.5414566,0.0007276535,0.01071316
ERR833516,0.0018980558,0.98295534,0.003079863,0.0033205585,0.0017705733,0.0011426249,0.0058330595,0.0
SRR6394011,0.0002324329,0.001263984,0.0016920544,0.9929741,0.0007331125,0.0019683326,0.0011358693,0.0
ERR1523537,0.007913879,0.004220636,0.0006829838,0.008602925,0.0014230147,0.97179717,0.0053594694,0.0
ERR1522351,0.007703923,0.0038257483,0.00071115344,0.00916041,0.0013059438,0.9721527,0.005140215,0.0
ERR498550,0.0003246178,0.0012854973,0.0017487226,0.9908806,0.0014202067,0.002890524,0.001449904,0.0
SRR2145629,0.000240404,0.0012305722,0.0016402376,0.99293286,0.0007646352,0.0019715924,0.0012197165,0.0
SRR5179941,0.0018980558,0.98295534,0.003079863,0.0033205585,0.0017705733,0.0011426249,0.0058330595,0.0
SRR3633316,0.0018980558,0.98295534,0.003079863,0.0033205585,0.0017705733,0.0011426249,0.0058330595,0.0
ERR1844329,0.007879335,0.007841948,0.9407302,0.006737949,0.009433328,6.168039e-05,0.027315583,0.0
SRR5165901,0.00023335175,0.0012602184,0.0016858734,0.9929706,0.0007366122,0.0019681263,0.0011451934,0.0
SRR921128,0.0002323735,0.001264163,0.0016921443,0.9929743,0.0007330533,0.0019682439,0.0011356913,0.0
ERR1759999,0.0002325515,0.0012635655,0.0016914865,0.9929729,0.00073364674,0.0019688052,0.0011370275,0.0
ERR107186,0.00023522049,0.0012510589,0.0016818206,0.99293816,0.0007458465,0.0019855131,0.0011623902,0.0
SRR5823692,0.007690152,0.0036539352,0.00072768825,0.00932633,0.001256064,0.9723148,0.005031051,0.0
SRR6663538,0.0018980558,0.98295534,0.003079863,0.0033205585,0.0017705733,0.0011426249,0.0058330595,0.0
ERR2003310,0.00023269978,0.0012630575,0.0016905314,0.9929728,0.0007340915,0.001968593,0.0011382747,0.0
ERR1905836,0.0050000935,0.0036334568,0.009096714,0.0050869165,0.00084149075,0.00088847405,0.97545284,0.0
ERR705798,0.00023486654,0.0012518185,0.0016854113,0.9929272,0.0007464806,0.0019968117,0.0011574376,0.0
ERR1897286,0.0018980558,0.98295534,0.003079863,0.0033205585,0.0017705733,0.0011426249,0.0058330595,0.0
ERR924073,0.0050000935,0.0036334568,0.009096714,0.0050869165,0.00084149075,0.00088847405,0.97545284,0.0
ERR866514,0.00023281846,0.0012627286,0.0016899938,0.99297255,0.00073435827,0.0019685014,0.0011390465,0.0
ERR1950669,0.0065584956,0.0038391508,0.0007652619,0.01093408,0.0012235923,0.9715336,0.005145801,0.0
ERR1897700,0.0076967515,0.0036555075,0.0007271006,0.009294059,0.0012556508,0.9723439,0.005027055,0.0
ERR1298310,0.0050000935,0.0036334568,0.009096714,0.0050869165,0.00084149075,0.00088847405,0.97545284,0.0
ERR2027888,0.0050000935,0.0036334568,0.009096714,0.0050869165,0.00084149075,0.00088847405,0.97545284,0.0
ERR1616410,0.007226049,0.003842505,0.0007281134,0.009768059,0.0012518276,0.9719751,0.0052083693,0.0
SRR3986665,0.0018980558,0.98295534,0.003079863,0.0033205585,0.0017705733,0.0011426249,0.0058330595,0.0
ERR867389,0.00023594772,0.0012505051,0.0017051775,0.9928774,0.0007519272,0.0020360753,0.0011429425,0.0
SRR6054674,0.00023945725,0.0012327393,0.00165202,0.99291235,0.0007639373,0.0019904308,0.0012090643,0.0
SRR5002088,0.0018980844,0.982955,0.0030798616,0.0033206453,0.0017706314,0.0011426833,0.005833086,0.0
ERR441844,0.0002323735,0.001264163,0.0016921443,0.9929743,0.0007330533,0.0019682439,0.0011356913,0.0
ERR957006,0.00769669,0.0036548618,0.0007271589,0.009295022,0.0012554453,0.9723435,0.0050272876,0.0
ERR1109487,0.0002325222,0.0012641033,0.0016920846,0.9929742,0.00073308294,0.0019682436,0.0011357804,0.0
ERR2013454,0.0025429153,0.037591342,0.078646705,0.035610422,0.8053833,0.0066043963,0.03362083,0.0
ERR520694,0.00023483358,0.0012532291,0.0016768218,0.9929577,0.0007431985,0.001973197,0.0011610208,0.0
ERR695429,0.0076968083,0.0036548914,0.00072715903,0.009294818,0.0012554454,0.97234356,0.005027288,0.0
SRR1744116,0.0002323735,0.001264163,0.0016921443,0.9929743,0.0007330533,0.0019682439,0.0011356913,0.0
SRR7269892,0.007697211,0.0036549172,0.00072707044,0.009294986,0.0012555907,0.9723424,0.0050278986,0.0
ERR1383761,0.0002406201,0.0012281142,0.0016610818,0.9928514,0.0007748621,0.0020313512,0.0012125587,0.0
SRR943263,0.008229426,0.010509869,0.9314595,0.0048582177,0.006895836,6.98712e-05,0.037977293,0.0
ERR451037,0.00023252217,0.0012641032,0.0016920547,0.99297416,0.0007331126,0.0019682434,0.0011357802,0.0
ERR1428243,0.0050000935,0.0036334568,0.009096714,0.0050869165,0.00084149075,0.00088847405,0.97545284,0.0
ERR1676985,0.0050000935,0.0036334568,0.009096714,0.0050869165,0.00084149075,0.00088847405,0.97545284,0.0
ERR1103039,0.0018980558,0.98295534,0.003079863,0.0033205585,0.0017705733,0.0011426249,0.0058330595,0.0
ERR756512,0.007633646,0.0036314197,0.0007295466,0.0096972585,0.0012725916,0.9718898,0.0051458073,0.0
ERR309149,0.0076927296,0.0036557803,0.0007272196,0.009299502,0.0012553318,0.9723409,0.0050286204,0.0
ERR1297888,0.0050000935,0.0036334568,0.009096714,0.0050869165,0.00084149075,0.00088847405,0.97545284,0.0
ERR522113,0.00023246265,0.0012640733,0.0016920246,0.99297416,0.00073308276,0.0019682432,0.0011359586,0.0
ERR3506594,0.007705186,0.0036542953,0.00072638376,0.009304923,0.0012583799,0.9723125,0.005038323,0.0
SRR1921662,0.007879335,0.007841948,0.9407302,0.006737949,0.009433328,6.168039e-05,0.027315583,0.0
SRR2086926,0.0002323735,0.0012641035,0.0016920848,0.9929743,0.00073308306,0.0019682439,0.0011358103,0.0
SRR5178619,0.0018980558,0.98295534,0.003079863,0.0033205585,0.0017705733,0.0011426249,0.0058330595,0.0
DRR068254,0.0002324922,0.001263745,0.0016917556,0.9929737,0.00073340937,0.00196845,0.0011364633,0.0
ERR1690083,0.0050000935,0.0036334568,0.009096714,0.0050869165,0.00084149075,0.00088847405,0.97545284,0.0
ERR765867,0.0050000935,0.0036334568,0.009096714,0.0050869165,0.00084149075,0.00088847405,0.97545284,0.0
SRR1600293,0.0018980558,0.98295534,0.003079863,0.0033205585,0.0017705733,0.0011426249,0.0058330595,0.0
SRR1632406,0.00023522037,0.0012503741,0.0016808382,0.9929367,0.0007463518,0.0019874158,0.0011631332,0.0
ERR1690955,0.0050000935,0.0036334568,0.009096714,0.0050869165,0.00084149075,0.00088847405,0.97545284,0.0
ERR522269,0.00018829109,0.0016722084,0.0023885372,0.97608453,0.0010111631,0.014071078,0.0016377271,0.0029464962
SRR2034265,0.0018980558,0.98295534,0.003079863,0.0033205585,0.0017705733,0.0011426249,0.0058330595,0.0
ERR1298084,0.0050000935,0.0036334568,0.009096714,0.0050869165,0.00084149075,0.00088847405,0.97545284,0.0
ERR840862,0.0077237855,0.003618619,0.00072463753,0.0095781945,0.001276462,0.9719505,0.0051278705,0.0
SRR996781,0.0002323735,0.001264163,0.0016921443,0.9929743,0.0007330533,0.0019682439,0.0011356913,0.0
ERR1315588,0.00024381641,0.0012153644,0.0016359313,0.99284625,0.0007861726,0.0020215823,0.0012509346,0.0
DRR041991,0.00024272702,0.0012208922,0.0016674433,0.99282175,0.00078088447,0.0020408877,0.001225413,0.0
ERR1691616,0.0050000935,0.0036334568,0.009096714,0.0050869165,0.00084149075,0.00088847405,0.97545284,0.0
SRR5377238,0.0018980558,0.98295534,0.003079863,0.0033205585,0.0017705733,0.0011426249,0.0058330595,0.0
ERR2022803,0.007119556,0.0038082579,0.000732914,0.010219073,0.0012520248,0.97148246,0.0053856904,0.0
SRR6932367,0.00023836432,0.0012363178,0.0016691749,0.9928924,0.0007617605,0.0020092619,0.0011926842,0.0
SRR6757625,0.0002323735,0.001264163,0.0016921443,0.9929743,0.0007330533,0.0019682439,0.0011356913,0.0
ERR1256261,0.007625567,0.0036697574,0.00072822225,0.009380775,0.0012524356,0.97229296,0.00505031,0.0
ERR1896879,0.0018980558,0.98295534,0.003079863,0.0033205585,0.0017705733,0.0011426249,0.0058330595,0.0
ERR1522866,0.003754139,0.35452384,0.0005028546,0.0031055808,0.0019240379,0.48765972,0.0076797307,0.14085007
ERR522607,0.00031193314,0.0011491444,0.0016757303,0.9913539,0.0010999544,0.0027168053,0.0016925232,0.0
SRR5786502,0.0018980558,0.98295534,0.003079863,0.0033205585,0.0017705733,0.0011426249,0.0058330595,0.0
SRR1949167,0.0002324329,0.0012640435,0.0016919652,0.99297416,0.0007331125,0.0019682432,0.0011359586,0.0
ERR538907,0.007879335,0.007841948,0.9407302,0.006737949,0.009433328,6.168039e-05,0.027315583,0.0
ERR2247401,0.00024434546,0.0012139949,0.0016213463,0.9928821,0.00078368396,0.0019932475,0.0012612521,0.0
DRR043851,0.00023678994,0.0012445378,0.0016676127,0.9929376,0.0007516839,0.0019808738,0.0011808564,0.0
ERR441608,0.0002323735,0.001264163,0.0016921443,0.9929743,0.0007330533,0.0019682439,0.0011356913,0.0
SRR5026248,0.0018980558,0.98295534,0.003079863,0.0033205585,0.0017705733,0.0011426249,0.0058330595,0.0
ERR2696424,0.0025429158,0.037591323,0.07864664,0.035610516,0.8053834,0.006604341,0.033620864,0.0
ERR1589346,0.007879335,0.007841948,0.9407302,0.006737949,0.009433328,6.168039e-05,0.027315583,0.0
SRR6411663,0.00023406348,0.0012560425,0.0016843112,0.9929547,0.00074074,0.0019778053,0.0011524407,0.0
ERR1523586,0.007696748,0.0036548614,0.00072715885,0.009295021,0.0012554452,0.97234356,0.0050272867,0.0
SRR5178957,0.0018980558,0.98295534,0.003079863,0.0033205585,0.0017705733,0.0011426249,0.0058330595,0.0
ERR1522677,0.003754139,0.35452384,0.0005028546,0.0031055808,0.0019240379,0.48765972,0.0076797307,0.14085007
SRR3354757,0.0019749359,0.982652,0.0031204121,0.0033985293,0.0017908603,0.0011460952,0.0059172628,0.0
ERR1331855,0.00024383198,0.0012180594,0.0016816912,0.992777,0.0007873233,0.0020700735,0.0012220747,0.0
ERR2511015,0.00023954485,0.001233891,0.0016459117,0.9929357,0.0007614338,0.00197278,0.0012106622,0.0
ERR1583496,0.0018980558,0.98295534,0.003079863,0.0033205585,0.0017705733,0.0011426249,0.0058330595,0.0
SRR5786156,0.0018980558,0.98295534,0.003079863,0.0033205585,0.0017705733,0.0011426249,0.0058330595,0.0
SRR1125492,0.007879335,0.007841948,0.9407302,0.006737949,0.009433328,6.168039e-05,0.027315583,0.0
SRR3922933,0.007879335,0.007841948,0.9407302,0.006737949,0.009433328,6.168039e-05,0.027315583,0.0
SRR8610129,0.0050000935,0.0036334568,0.009096714,0.0050869165,0.00084149075,0.00088847405,0.97545284,0.0
SRR5974418,0.0018980558,0.98295534,0.003079863,0.0033205585,0.0017705733,0.0011426249,0.0058330595,0.0
SRR980731,0.007879335,0.007841948,0.9407302,0.006737949,0.009433328,6.168039e-05,0.027315583,0.0
ERR2598708,0.0077267587,0.0036532315,0.0007286488,0.009273592,0.0012639324,0.9722929,0.005061031,0.0
ERR2729874,0.80670404,0.01704448,0.046384994,0.007265265,0.0007028493,0.050107826,0.07179048,0.0
ERR1548872,0.00057536364,0.0052301288,0.0015951991,0.66924226,0.007553071,0.2243768,0.0012820959,0.09014511
ERR209623,0.00022292137,0.0022979677,0.0021422207,0.9618752,0.0038346648,0.028814286,0.0006672144,0.00014555454
ERR719346,0.00023397614,0.001255785,0.0016887272,0.99294275,0.0007415491,0.0019877858,0.0011494458,0.0
ERR1689892,0.0050000935,0.0036334568,0.009096714,0.0050869165,0.00084149075,0.00088847405,0.97545284,0.0
SRR7453780,0.00023255164,0.001263715,0.0016915172,0.9929736,0.0007334687,0.0019684494,0.001136701,0.0
ERR1533613,0.0076980037,0.0036577885,0.0007268363,0.009290477,0.0012564111,0.9723426,0.0050278995,0.0
SRR5180923,0.0018980558,0.98295534,0.003079863,0.0033205585,0.0017705733,0.0011426249,0.0058330595,0.0
SRR3624586,0.0018980558,0.98295534,0.003079863,0.0033205585,0.0017705733,0.0011426249,0.0058330595,0.0
SRR5915416,0.0018980558,0.98295534,0.003079863,0.0033205585,0.0017705733,0.0011426249,0.0058330595,0.0
SRR6764423,0.0050000935,0.0036334568,0.009096714,0.0050869165,0.00084149075,0.00088847405,0.97545284,0.0
ERR2059944,0.007696748,0.0036548614,0.00072715885,0.009295021,0.0012554452,0.97234356,0.0050272867,0.0
ERR1201968,0.80765915,0.014451807,0.046980575,0.007828305,0.0006906935,0.051802848,0.07058662,0.0
SRR1785838,0.007879335,0.007841948,0.9407302,0.006737949,0.009433328,6.168039e-05,0.027315583,0.0
SRR1119230,0.0018980558,0.98295534,0.003079863,0.0033205585,0.0017705733,0.0011426249,0.0058330595,0.0
ERR867062,0.0002324922,0.0012637748,0.0016915175,0.99297297,0.0007336473,0.0019689258,0.0011366715,0.0
SRR5699265,0.00023272925,0.0012626692,0.0016899344,0.9929725,0.0007343584,0.0019686206,0.0011391657,0.0
SRR2897048,0.007696985,0.0036548919,0.00072710053,0.009294497,0.0012554455,0.9723436,0.0050274353,0.0
SRR2145618,0.00023299588,0.0012614735,0.0016880527,0.9929712,0.0007355448,0.0019687007,0.0011421052,0.0
ERR1462850,0.0016674245,0.055740353,0.0003406458,0.009793624,0.0038900638,0.9244316,0.004136245,0.0
SRR2054675,0.007879335,0.007841948,0.9407302,0.006737949,0.009433328,6.168039e-05,0.027315583,0.0
ERR2538320,0.0077301897,0.0036603815,0.00072928803,0.009287849,0.0012652122,0.9722606,0.005066531,0.0
ERR1384591,0.00023373718,0.001257832,0.0016847043,0.99296147,0.00073895813,0.0019739459,0.0011493516,0.0
SRR2053303,0.0018980558,0.98295534,0.003079863,0.0033205585,0.0017705733,0.0011426249,0.0058330595,0.0
ERR2560634,0.0048481035,0.0043666083,0.000817682,0.014264439,0.0011198976,0.96899873,0.005584602,0.0
SRR5947852,0.0002352253,0.0012502813,0.0016925335,0.99291116,0.00074791413,0.0020079818,0.0011549479,0.0
SRR5595902,0.0018980558,0.98295534,0.003079863,0.0033204993,0.0017705733,0.0011426249,0.0058330595,0.0
SRR5180161,0.0018980558,0.98295534,0.003079863,0.0033205585,0.0017705733,0.0011426249,0.0058330595,0.0
SRR5165837,0.00023453737,0.0012549906,0.0016788533,0.9929612,0.00074165565,0.0019715417,0.0011572493,0.0
ERR2043127,0.007879335,0.007841948,0.9407302,0.006737949,0.009433328,6.168039e-05,0.027315583,0.0
SRR6444026,0.00023376718,0.0012580416,0.0016849738,0.99296,0.0007391076,0.0019751675,0.0011489661,0.0
ERR1383620,0.00023507082,0.0012521842,0.0016758946,0.9929547,0.0007442372,0.0019747673,0.0011631886,0.0
ERR1314396,0.0018980558,0.98295534,0.003079863,0.0033205585,0.0017705733,0.0011426249,0.0058330595,0.0
SRR6408678,0.0002323735,0.001264163,0.0016921443,0.9929743,0.0007330533,0.0019682439,0.0011356913,0.0
DRR047921,0.00023403474,0.0012558099,0.0016877986,0.9929472,0.0007411596,0.0019833166,0.0011506609,0.0
SRR5451653,0.0018980558,0.98295534,0.003079863,0.0033205585,0.0017705733,0.0011426249,0.0058330595,0.0
SRR1632792,0.0002323735,0.001264163,0.0016921443,0.9929743,0.0007330533,0.0019682439,0.0011356913,0.0
SRR2923045,0.0050000935,0.0036334568,0.009096714,0.0050869165,0.00084149075,0.00088847405,0.97545284,0.0
ERR1583284,0.0018980558,0.98295534,0.003079863,0.0033205585,0.0017705733,0.0011426249,0.0058330595,0.0
SRR5031324,0.0018980558,0.98295534,0.003079863,0.0033205585,0.0017705733,0.0011426249,0.0058330595,0.0
ERR1309795,0.00024082947,0.0012279715,0.0016635287,0.9928431,0.0007759367,0.0020372204,0.0012114047,0.0
SRR1145300,0.00023724626,0.0012448289,0.0017021884,0.99287367,0.0007549583,0.0020245947,0.0011624948,0.0
SRR3586060,0.0002721525,0.0012445763,0.0018890604,0.992254,0.0009090792,0.0022631176,0.0011680214,0.0
ERR833399,0.0018980558,0.98295534,0.003079863,0.0033205585,0.0017705733,0.0011426249,0.0058330595,0.0
ERR1558921,0.00023522055,0.0012508213,0.0016819102,0.9929371,0.0007459954,0.0019865548,0.00116245,0.0
SRR4054214,0.0018980558,0.98295534,0.003079863,0.0033205585,0.0017705733,0.0011426249,0.0058330595,0.0
ERR1398071,0.00023409304,0.0012563092,0.0016829118,0.99295855,0.0007403824,0.0019751266,0.0011526182,0.0
SRR5082805,0.007696748,0.0036548614,0.0007272467,0.009294904,0.0012555037,0.97234356,0.005027228,0.0
SRR575269,0.007879335,0.007841948,0.9407302,0.006737949,0.009433328,6.168039e-05,0.027315583,0.0
ERR883412,0.00023519063,0.0012505229,0.0016790832,0.9929365,0.0007468872,0.0019881893,0.0011636389,0.0
ERR2511257,0.00023495429,0.0012512454,0.0016843894,0.9929331,0.00074579177,0.0019910585,0.001159453,0.0
SRR5155988,0.00023809326,0.0012404941,0.0016547259,0.9929488,0.0007549385,0.001968634,0.0011943328,0.0
ERR1298279,0.0050000935,0.0036334568,0.009096714,0.0050869165,0.00084149075,0.00088847405,0.97545284,0.0
ERR501239,0.0002323735,0.0012641035,0.0016920848,0.99297434,0.00073308306,0.0019682439,0.0011357805,0.0
ERR2511026,0.00023830034,0.0012381981,0.0016546587,0.99293643,0.00075752265,0.0019766556,0.0011982237,0.0
SRR828680,0.007879335,0.007841948,0.9407302,0.006737949,0.009433328,6.168039e-05,0.027315583,0.0
ERR1333509,0.0018980558,0.98295534,0.003079863,0.0033205585,0.0017705733,0.0011426249,0.0058330595,0.0
SRR5831846,0.00023892261,0.0012498818,0.0017236815,0.99285394,0.000758264,0.002031586,0.0011438063,0.0
SRR1929807,0.0018980558,0.98295534,0.003079863,0.0033205585,0.0017705733,0.0011426249,0.0058330595,0.0
SRR3633017,0.0018980558,0.98295534,0.003079863,0.0033205585,0.0017705733,0.0011426249,0.0058330595,0.0
ERR2662907,0.00024698785,0.0012032368,0.0016252127,0.9928075,0.00080005627,0.002035501,0.0012814818,0.0
SRR1426912,0.0074871844,0.0036969006,0.0007278507,0.009588748,0.0012507738,0.97211623,0.0051323613,0.0
SRR7663421,0.0018980558,0.98295534,0.003079863,0.0033205585,0.0017705733,0.0011426249,0.0058330595,0.0
SRR3647832,0.0002505547,0.0012018596,0.0016491704,0.99272513,0.000811024,0.0020674851,0.0012948251,0.0
SRR952074,0.007879335,0.007841948,0.9407302,0.006737949,0.009433328,6.168039e-05,0.027315583,0.0
ERR1310849,0.00023519396,0.0012515519,0.0016847586,0.99292105,0.00074808754,0.0020007698,0.0011585987,0.0
ERR107075,0.00023341157,0.0012592981,0.0016884636,0.9929602,0.0007377138,0.0019757738,0.0011451058,0.0
ERR2011969,0.00023243282,0.0012638944,0.0016917861,0.99297404,0.00073323125,0.0019682425,0.0011362854,0.0
SRR1952949,0.0018980558,0.98295534,0.003079863,0.0033205585,0.0017705733,0.0011426249,0.0058330595,0.0
SRR920702,0.0002323735,0.001264163,0.0016921443,0.9929743,0.0007330533,0.0019682439,0.0011356913,0.0
ERR2738661,0.00023255167,0.0012638044,0.0016916066,0.99297386,0.00073337957,0.0019682413,0.0011364631,0.0
SRR2167982,0.0018980558,0.98295534,0.003079863,0.0033205585,0.0017705733,0.0011426249,0.0058330595,0.0
ERR522272,0.00027301972,0.0012800235,0.0018511481,0.9910397,0.00094005076,0.0032513896,0.0013647415,0.0
SRR6414044,0.00023249222,0.0012637451,0.0016916962,0.9929738,0.00073335,0.0019683607,0.0011365229,0.0
SRR5483120,0.00023296657,0.0012613867,0.0016898406,0.99296665,0.00073572464,0.001972155,0.0011412448,0.0
SRR6444645,0.00024403798,0.0012187028,0.0016594583,0.992781,0.00079356215,0.0020704712,0.0012328008,0.0
ERR543245,0.007879335,0.007841948,0.9407302,0.006737949,0.009433328,6.168039e-05,0.027315583,0.0
ERR1315119,0.0002323735,0.0012641035,0.0016920848,0.99297434,0.00073308306,0.0019682439,0.0011357805,0.0
ERR444732,0.00023944268,0.0012296052,0.0016887402,0.9926878,0.00079141016,0.0021725334,0.0011904913,0.0
ERR1311646,0.00023269987,0.0012632066,0.0016906807,0.992973,0.0007339728,0.0019684748,0.0011379776,0.0
SRR1952975,0.0018980558,0.98295534,0.003079863,0.0033205585,0.0017705733,0.0011426249,0.0058330595,0.0
ERR2011903,0.00023335175,0.0012598317,0.0016864386,0.9929675,0.00073699886,0.001970506,0.0011454313,0.0
ERR443377,0.00023246343,0.0012648212,0.001691941,0.9929708,0.00073311495,0.0019702427,0.0011365572,0.0
ERR1759980,0.00023246293,0.0012643723,0.0016921457,0.99297345,0.00073302415,0.0019686918,0.0011358409,0.0
ERR1256808,0.007696747,0.0036548022,0.00072712946,0.009295225,0.0012554743,0.9723432,0.0050274036,0.0
SRR6409163,0.0002323735,0.001264163,0.0016921443,0.9929743,0.0007330533,0.0019682439,0.0011356913,0.0
DRR044049,0.00023693957,0.0012439773,0.0016724673,0.9929243,0.00075302523,0.00198918,0.0011801173,0.0
ERR1844392,0.007879335,0.007841948,0.9407302,0.006737949,0.009433328,6.168039e-05,0.027315583,0.0
SRR5831809,0.00023468534,0.001253886,0.0016781043,0.9929585,0.0007426051,0.0019727251,0.001159536,0.0
SRR7449460,0.00023252203,0.0012638943,0.0016918454,0.9929739,0.0007332312,0.001968272,0.0011362258,0.0
SRR4826417,0.0018980555,0.9829552,0.0030798626,0.0033205284,0.0017706321,0.0011426248,0.0058330884,0.0
ERR1582435,0.0018980558,0.98295534,0.003079863,0.0033205585,0.0017705733,0.0011426249,0.0058330595,0.0
SRR5915483,0.0018980558,0.98295534,0.003079863,0.0033205585,0.0017705733,0.0011426249,0.0058330595,0.0
ERR3610827,0.007075801,0.0039169923,0.00072761683,0.009830506,0.0012519065,0.9720664,0.0051308004,0.0
SRR3403841,0.007879335,0.007841948,0.9407302,0.006737949,0.009433328,6.168039e-05,0.027315583,0.0
SRR1980872,0.0018980558,0.98295534,0.003079863,0.0033205585,0.0017705733,0.0011426249,0.0058330595,0.0
DRR018389,0.00025208676,0.0011977988,0.001689124,0.99263704,0.00082181,0.0021293242,0.0012728657,0.0
SRR6408784,0.000232611,0.0012634762,0.001691308,0.9929734,0.000733617,0.0019685673,0.001137087,0.0
SRR5915638,0.0018986124,0.9829537,0.0030800342,0.0033207585,0.0017708648,0.0011428292,0.005833137,0.0
DRR047520,0.0002323735,0.0012640738,0.001692174,0.9929743,0.00073308306,0.0019682439,0.0011357805,0.0
ERR1582240,0.0018980558,0.98295534,0.003079863,0.0033205585,0.0017705733,0.0011426249,0.0058330595,0.0
SRR1631273,0.0002323735,0.001264163,0.0016921443,0.9929743,0.0007330533,0.0019682439,0.0011356913,0.0
SRR1043669,0.003776496,0.1649121,0.036270656,0.00022744545,0.022925569,0.00018847141,0.77169925,0.0
SRR3289395,0.0012114942,0.3346994,0.10234326,0.00012645125,0.0058299303,0.00019848347,0.24684635,0.30874467
ERR1691215,0.0050000935,0.0036334568,0.009096714,0.0050869165,0.00084149075,0.00088847405,0.97545284,0.0
ERR567272,0.008256006,0.0038574324,0.0007590322,0.008380343,0.0012556807,0.9721163,0.005375204,0.0
SRR5916538,0.0018980558,0.98295534,0.003079863,0.0033205585,0.0017705733,0.0011426249,0.0058330595,0.0
SRR1503515,0.0018980558,0.98295534,0.003079863,0.0033205585,0.0017705733,0.0011426249,0.0058330595,0.0
SRR4779959,0.0003745854,0.28142688,0.11061925,0.008204639,0.04376203,0.00039941072,0.004338652,0.5508746
SRR8609419,0.0050000935,0.0036334568,0.009096714,0.0050869165,0.00084149075,0.00088847405,0.97545284,0.0
DRR044110,0.0002371769,0.0012423976,0.0016715111,0.9929198,0.0007544212,0.0019924466,0.0011823152,0.0
ERR924373,0.0050000935,0.0036334568,0.009096714,0.0050869165,0.00084149075,0.00088847405,0.97545284,0.0
ERR1690579,0.0050000935,0.0036334568,0.009096714,0.0050869165,0.00084149075,0.00088847405,0.97545284,0.0
ERR3040026,0.0002324922,0.0012638045,0.0016916663,0.9929739,0.0007333796,0.0019682415,0.0011364633,0.0
SRR6028498,0.0002386864,0.0012362915,0.0016551006,0.99292463,0.0007598407,0.0019843243,0.0012011653,0.0
ERR1616397,0.000108928296,0.0027841926,0.0038496554,0.92076427,0.0007123053,0.04521507,0.0011039078,0.025461674
SRR2924512,0.00023566831,0.0012499671,0.00168094,0.9929149,0.0007511463,0.0020033144,0.0011640938,0.0
ERR2495284,0.0050000935,0.0036334568,0.009096714,0.0050869165,0.00084149075,0.00088847405,0.97545284,0.0
ERR2739082,0.00023246263,0.0012640137,0.001691965,0.99297404,0.0007332017,0.001968243,0.001136018,0.0
ERR442991,0.0002323735,0.001264163,0.0016921443,0.9929743,0.0007330533,0.0019682439,0.0011356913,0.0
ERR1905606,0.0050000935,0.0036334568,0.009096714,0.0050869165,0.00084149075,0.00088847405,0.97545284,0.0
ERR538932,0.007879335,0.007841948,0.9407302,0.006737949,0.009433328,6.168039e-05,0.027315583,0.0
ERR924032,0.0050000935,0.0036334568,0.009096714,0.0050869165,0.00084149075,0.00088847405,0.97545284,0.0
ERR2211142,0.0050000935,0.0036334568,0.009096714,0.0050869165,0.00084149075,0.00088847405,0.97545284,0.0
SRR3624468,0.0012142956,0.3338362,0.10271329,0.0001257956,0.005829543,0.00019776821,0.24784416,0.30823898
ERR1690065,0.0050000935,0.0036334568,0.009096714,0.0050869165,0.00084149075,0.00088847405,0.97545284,0.0
ERR2122327,0.0018980558,0.98295534,0.003079863,0.0033205585,0.0017705733,0.0011426249,0.0058330595,0.0
DRR046880,0.0018980558,0.98295534,0.003079863,0.0033205585,0.0017705733,0.0011426249,0.0058330595,0.0
ERR1582303,0.0018980558,0.98295534,0.003079863,0.0033205585,0.0017705733,0.0011426249,0.0058330595,0.0
SRR951924,0.007879335,0.007841948,0.9407302,0.006737949,0.009433328,6.168039e-05,0.027315583,0.0
SRR776273,0.007879335,0.007841948,0.9407302,0.006737949,0.009433328,6.168039e-05,0.027315583,0.0
ERR840870,0.005256251,0.0043454543,0.0007788886,0.013511378,0.001148642,0.96891207,0.006047259,0.0
ERR444242,0.0002323735,0.001264163,0.0016921443,0.9929743,0.0007330533,0.0019682439,0.0011356913,0.0
SRR950756,0.007879335,0.007841948,0.9407302,0.006737949,0.009433328,6.168039e-05,0.027315583,0.0
ERR1689368,0.0050000935,0.0036334568,0.009096714,0.0050869165,0.00084149075,0.00088847405,0.97545284,0.0
SRR1618310,0.00023272925,0.0012627287,0.0016899939,0.99297255,0.0007343584,0.0019685314,0.0011390764,0.0
SRR2126848,0.0018980558,0.98295534,0.003079863,0.0033205585,0.0017705733,0.0011426249,0.0058330595,0.0
DRR032933,0.0018980558,0.98295534,0.003079863,0.0033204993,0.0017705733,0.0011426249,0.0058330595,0.0
ERR2570185,0.802189,0.025124561,0.044981837,0.006083372,0.0007321694,0.04626987,0.07461918,0.0
SRR6670786,0.007697356,0.0036547994,0.00072718743,0.009295423,0.0012556197,0.97234184,0.0050278385,0.0
ERR1135348,0.0077040503,0.0036516008,0.0007278599,0.009298893,0.0012574628,0.9723258,0.0050343326,0.0
SRR6931641,0.0002323735,0.001264163,0.0016921443,0.9929743,0.0007330533,0.0019682439,0.0011356913,0.0
SRR1047522,0.007879335,0.007841948,0.9407302,0.006737949,0.009433328,6.168039e-05,0.027315583,0.0
SRR1632793,0.0002323735,0.001264163,0.0016921443,0.9929743,0.0007330533,0.0019682439,0.0011356913,0.0
SRR8605482,0.0050000935,0.0036334568,0.009096714,0.0050869165,0.00084149075,0.00088847405,0.97545284,0.0
ERR1310412,0.00023243288,0.0012640137,0.0016919055,0.99297404,0.00073317194,0.001968362,0.0011359882,0.0
ERR1263334,0.007172694,0.0037459026,0.0007291544,0.01025436,0.0012542979,0.9714822,0.005361379,0.0
SRR3581154,0.0002606446,0.0011801275,0.001714086,0.9922926,0.00087403966,0.0023720323,0.0013064647,0.0
SRR952988,0.0018980558,0.98295534,0.003079863,0.0033205585,0.0017705733,0.0011426249,0.0058330595,0.0
SRR970284,0.007879391,0.007852732,0.9407266,0.0067336466,0.009443195,6.169762e-05,0.027302736,0.0
ERR2002062,0.0002325222,0.0012641033,0.0016920846,0.9929742,0.00073308294,0.0019682436,0.0011357804,0.0
ERR498980,0.00024206682,0.0012217846,0.00164242,0.99287224,0.00077726674,0.0020098772,0.0012343653,0.0
ERR500869,0.0002324627,0.0012641033,0.0016921143,0.9929742,0.00073308294,0.0019682436,0.0011357804,0.0
SRR5141883,0.00024047261,0.0012281503,0.0016694778,0.9928511,0.0007721,0.0020310641,0.0012075979,0.0
SRR1715638,0.0002324329,0.0012640435,0.0016920544,0.99297404,0.0007331125,0.0019683326,0.0011358693,0.0
SRR2897760,0.007697071,0.0036553303,0.00072710036,0.009294055,0.0012555917,0.9723435,0.005027434,0.0
SRR8610094,0.0050000935,0.0036334568,0.009096714,0.0050869165,0.00084149075,0.00088847405,0.97545284,0.0
ERR1583131,0.0018980558,0.98295534,0.003079863,0.0033205585,0.0017705733,0.0011426249,0.0058330595,0.0
SRR5823540,0.0018980558,0.98295534,0.003079863,0.0033205585,0.0017705733,0.0011426249,0.0058330595,0.0
ERR520775,0.00023264057,0.001263178,0.001691158,0.9929724,0.0007339139,0.0019692201,0.0011375919,0.0
SRR1823091,0.00023492302,0.0012520404,0.0016787269,0.9929473,0.00074468635,0.0019807538,0.001161587,0.0
ERR2011926,0.00023264051,0.0012633264,0.0016908899,0.99297327,0.0007338245,0.0019684166,0.001137651,0.0
SRR943294,0.007879335,0.007841948,0.9407302,0.006737949,0.009433328,6.168039e-05,0.027315583,0.0
SRR2086954,0.0002323735,0.001264163,0.0016921443,0.9929743,0.0007330533,0.0019682439,0.0011356913,0.0
SRR1023702,0.0050000935,0.0036334568,0.009096714,0.0050869165,0.00084149075,0.00088847405,0.97545284,0.0
SRR7448653,0.00023243293,0.0012641032,0.0016921142,0.99297416,0.00073305314,0.0019682434,0.0011358694,0.0
SRR8609394,0.0050000935,0.0036334568,0.009096714,0.0050869165,0.00084149075,0.00088847405,0.97545284,0.0
ERR1467088,0.0002323735,0.001264163,0.0016921443,0.9929743,0.0007330533,0.0019682439,0.0011356913,0.0
SRR1702882,0.0006749928,0.019798845,0.004163772,0.6354296,0.0003697574,0.004557818,0.007467419,0.32753778
ERR1690334,0.0050000935,0.0036334568,0.009096714,0.0050869165,0.00084149075,0.00088847405,0.97545284,0.0
SRR1023699,0.0050000935,0.0036334568,0.009096714,0.0050869165,0.00084149075,0.00088847405,0.97545284,0.0
SRR5467581,0.00023272952,0.0012620164,0.001691275,0.99296695,0.00073501363,0.0019729955,0.0011390183,0.0
SRR4414665,0.007879335,0.007841948,0.9407302,0.006737949,0.009433328,6.168039e-05,0.027315583,0.0
ERR1263377,0.0076971864,0.003654978,0.00072712946,0.009294522,0.0012555035,0.97234297,0.0050276965,0.0
DRR060331,0.00023249234,0.0012637458,0.0016922324,0.9929724,0.0007334396,0.0019695517,0.0011361367,0.0
ERR2198030,0.00023735338,0.0012415842,0.001664448,0.99292725,0.0007551585,0.0019872843,0.0011869454,0.0
SRR6367320,0.00023564149,0.0012493579,0.0016966662,0.99290353,0.0007488652,0.002010508,0.0011554821,0.0
SRR2922978,0.0050000935,0.0036334568,0.009096714,0.0050869165,0.00084149075,0.00088847405,0.97545284,0.0
SRR2549677,0.0018980558,0.98295534,0.003079863,0.0033205585,0.0017705733,0.0011426249,0.0058330595,0.0
SRR2143787,0.00023252223,0.0012641035,0.0016918766,0.9929725,0.0007335292,0.001969404,0.0011360779,0.0
ERR1548946,0.0027074516,0.0065841377,0.007188052,0.11154127,0.31342748,0.02635917,0.18191376,0.35027868
ERR1522821,0.003754139,0.35452384,0.0005028546,0.0031055808,0.0019240379,0.48765972,0.0076797307,0.14085007
ERR1135453,0.00770449,0.003652008,0.00072898396,0.0092889005,0.0012583607,0.9723365,0.005030953,0.0
ERR1897451,0.0018980558,0.98295534,0.003079863,0.0033205585,0.0017705733,0.0011426249,0.0058330595,0.0
ERR1382323,0.00023453715,0.0012547515,0.0016785245,0.99296147,0.00074165495,0.0019712127,0.0011577837,0.0
ERR866652,0.00022885203,0.0018320382,0.0031565428,0.92140675,0.0015756786,0.065734684,0.0012512803,0.004814148
ERR1020072,0.0001888977,0.0009125809,0.0027467492,0.98199666,0.0012374043,0.0117062945,0.0012113925,0.0
ERR1313403,0.00028356712,0.0011547888,0.0017116034,0.9919857,0.0010033548,0.0024408482,0.0014201851,0.0
ERR1905672,0.0050000935,0.0036334568,0.009096714,0.0050869165,0.00084149075,0.00088847405,0.97545284,0.0
SRR7453233,0.00023530796,0.0012511387,0.0016753534,0.992952,0.0007451567,0.0019754744,0.0011655344,0.0
SRR3094852,0.00023747668,0.0012411309,0.001680778,0.9928954,0.00075689744,0.0020088253,0.0011795012,0.0
SRR976659,0.0050000935,0.0036334568,0.009096714,0.0050869165,0.00084149075,0.00088847405,0.97545284,0.0
ERR747931,0.007696748,0.0036548614,0.00072715885,0.009295021,0.0012554452,0.97234356,0.0050272867,0.0
SRR6931780,0.00023537538,0.0012049268,0.0017769904,0.99232924,0.00080630864,0.0024861803,0.0011609036,0.0
ERR522543,0.00024787852,0.0012073594,0.0016928252,0.99268323,0.0008084159,0.002124129,0.0012362101,0.0
SRR6932151,0.0002323735,0.001264163,0.0016921443,0.9929743,0.0007330533,0.0019682439,0.0011356913,0.0
ERR1385354,0.00024537925,0.0012159509,0.0016670917,0.9927391,0.0008018994,0.0020960148,0.0012345997,0.0
ERR499015,0.0002324329,0.001264103,0.0016921139,0.99297404,0.00073314225,0.0019682432,0.0011358396,0.0
SRR1778563,0.007879335,0.007841948,0.9407302,0.006737949,0.009433328,6.168039e-05,0.027315583,0.0
SRR2143615,0.00023560952,0.0012518745,0.0016795767,0.99291605,0.0007514757,0.0020021307,0.0011632347,0.0
ERR2716341,0.8076575,0.014457573,0.04697916,0.00782683,0.00069073203,0.051798694,0.07058951,0.0
SRR5180997,0.0018980558,0.98295534,0.003079863,0.0033205585,0.0017705733,0.0011426249,0.0058330595,0.0
ERR1328469,0.00019476426,0.0010057631,0.0027892783,0.98140633,0.0012222073,0.012322554,0.0010590882,0.0
SRR4414464,0.007879335,0.007841948,0.9407302,0.006737949,0.009433328,6.168039e-05,0.027315583,0.0
SRR3361628,0.00024732752,0.0012059745,0.0016471846,0.99274105,0.0008086325,0.002084112,0.0012656352,0.0
ERR1428674,0.014299148,0.0011317667,0.007779013,0.046761435,0.008556266,0.0007700996,0.9207024,0.0
ERR1971157,0.00023329281,0.0012608164,0.0016870672,0.9929701,0.0007361083,0.0019689936,0.0011435898,0.0
ERR500864,0.0002323735,0.001264163,0.0016921443,0.9929743,0.0007330533,0.0019682439,0.0011356913,0.0
ERR1310667,0.0002453648,0.0012105257,0.0016460854,0.9927928,0.0007956659,0.0020547293,0.0012548699,0.0
ERR1135298,0.007696748,0.0036549785,0.0007271295,0.009294904,0.0012555037,0.97234356,0.0050272867,0.0
SRR1980821,0.0018980558,0.98295534,0.003079863,0.0033205585,0.0017705733,0.0011426249,0.0058330595,0.0
SRR7449331,0.0002324626,0.001263954,0.0016919648,0.9929738,0.00073320157,0.0019685104,0.001136107,0.0
SRR5869941,0.001100719,0.0041516125,0.0959906,0.047701836,0.046332,0.0103268325,0.14836931,0.6460271
ERR2495509,0.0050000935,0.0036334568,0.009096714,0.0050869165,0.00084149075,0.00088847405,0.97545284,0.0
ERR209531,0.0001583577,0.0015187862,0.0031058341,0.9474709,0.0012935908,0.04457772,0.0018747499,0.0
ERR1677188,0.0050000935,0.0036334568,0.009096714,0.0050869165,0.00084149075,0.00088847405,0.97545284,0.0
ERR1960819,0.00023246265,0.0012641328,0.0016920544,0.99297404,0.00073314225,0.0019682432,0.0011358396,0.0
SRR3647747,0.00023412294,0.0012557746,0.0016836566,0.9929527,0.0007413348,0.001979411,0.0011529463,0.0
ERR1428365,0.0050000935,0.0036334568,0.009096714,0.0050869165,0.00084149075,0.00088847405,0.97545284,0.0
ERR1690298,0.0050000935,0.0036334568,0.009096714,0.0050869165,0.00084149075,0.00088847405,0.97545284,0.0
SRR5588002,0.0018980558,0.98295534,0.003079863,0.0033205585,0.0017705733,0.0011426249,0.0058330595,0.0
ERR833147,0.0049996325,0.0036363632,0.009108234,0.0050826618,0.0008420315,0.00088777026,0.97544336,0.0
SRR2668713,0.0018980558,0.98295534,0.003079863,0.0033205585,0.0017705733,0.0011426249,0.0058330595,0.0
ERR1533354,0.0076993066,0.003660593,0.00072636624,0.009286973,0.0012576095,0.97233987,0.0050292662,0.0
ERR1428662,0.0050000935,0.0036334568,0.009096714,0.0050869165,0.00084149075,0.00088847405,0.97545284,0.0
ERR1701257,0.0002323735,0.001264163,0.0016921443,0.9929743,0.0007330533,0.0019682439,0.0011356913,0.0
SRR8608490,0.0050000935,0.0036334568,0.009096714,0.0050869165,0.00084149075,0.00088847405,0.97545284,0.0
SRR3098331,0.0018980558,0.98295534,0.003079863,0.0033205585,0.0017705733,0.0011426249,0.0058330595,0.0
ERR1384814,0.00023824988,0.0012379773,0.0016759882,0.9928745,0.0007631135,0.00202441,0.0011857764,0.0
SRR1922930,0.00023252211,0.0012640434,0.0016920542,0.9929739,0.00073311245,0.0019683323,0.0011359585,0.0
SRR1948872,0.0002323735,0.001264163,0.0016921443,0.9929743,0.0007330533,0.0019682439,0.0011356913,0.0
ERR1582343,0.0018980558,0.98295534,0.003079863,0.0033205585,0.0017705733,0.0011426249,0.0058330595,0.0
SRR8608344,0.0050001834,0.0036335164,0.009096922,0.005086828,0.00084149087,0.00088844454,0.9754526,0.0
SRR3951135,0.00023545662,0.0012498,0.0016768402,0.9929425,0.0007467033,0.0019820773,0.0011666346,0.0
ERR923606,0.0049959184,0.003655723,0.009187406,0.005054229,0.0008462006,0.000883019,0.97537756,0.0
ERR525825,0.0002323735,0.001264163,0.0016921443,0.9929743,0.0007330533,0.0019682439,0.0011356913,0.0
ERR866551,0.00022312388,0.0011970854,0.0021633108,0.98833823,0.0009948785,0.0058635552,0.001219847,0.0
SRR5179859,0.0018980558,0.98295534,0.003079863,0.0033205585,0.0017705733,0.0011426249,0.0058330595,0.0
SRR6038501,0.0002433538,0.0012359851,0.0016931249,0.9927169,0.00079951884,0.0021237312,0.0011872905,0.0
SRR3030568,0.00022990063,0.0011793078,0.0018623766,0.9918004,0.0008441092,0.0029395989,0.0011443573,0.0
ERR1523340,0.0037541986,0.3545667,0.0005029142,0.0031050444,0.0019242465,0.48762366,0.007678658,0.14084458
SRR3104315,0.007879335,0.007841948,0.9407302,0.006737949,0.009433328,6.168039e-05,0.027315583,0.0
ERR107006,0.00023866048,0.001235865,0.001668809,0.9928938,0.0007617564,0.002006128,0.0011949085,0.0
SRR2761186,0.00022962686,0.0016081927,0.0025392172,0.9701724,0.0011951624,0.01909974,0.0014910994,0.003664493
SRR2443045,0.0018980558,0.98295534,0.003079863,0.0033205585,0.0017705733,0.0011426249,0.0058330595,0.0
SRR5942121,0.00020574438,0.0013064024,0.002282899,0.985674,0.00100913,0.008180765,0.0013410306,0.0
ERR1912946,0.00025460985,0.0011813398,0.0015999206,0.9926837,0.0008413247,0.0020891568,0.0013500091,0.0
ERR441476,0.0002325222,0.0012641033,0.0016921143,0.9929742,0.0007330532,0.0019682436,0.0011357804,0.0
ERR658094,0.006344904,0.0041408553,0.0007405168,0.01161811,0.0012515204,0.9697601,0.0061440323,0.0
ERR756602,0.00021126866,0.001771003,0.0026682615,0.97038484,0.0012936592,0.02034092,0.0014273524,0.0019026995
ERR139075,0.00020706822,0.0010003458,0.0026537802,0.9798032,0.0013868356,0.013706743,0.0012420834,0.0
SRR4414196,0.007879335,0.007841948,0.9407302,0.006737949,0.009433328,6.168039e-05,0.027315583,0.0
SRR3063467,0.007879335,0.007841948,0.9407302,0.006737949,0.009433328,6.168039e-05,0.027315583,0.0
ERR2531895,0.00024994905,0.001194581,0.001614662,0.9927859,0.0008098587,0.002033375,0.00131166,0.0
SRR6195082,0.0018980558,0.98295534,0.003079863,0.0033205585,0.0017705733,0.0011426249,0.0058330595,0.0
SRR5150264,0.0018980558,0.98295534,0.003079863,0.0033205585,0.0017705733,0.0011426249,0.0058330595,0.0
SRR2056338,0.007879335,0.007841948,0.9407302,0.006737949,0.009433328,6.168039e-05,0.027315583,0.0
DRR042833,0.00023243293,0.0012641032,0.0016921142,0.9929741,0.0007330829,0.0019683328,0.0011357802,0.0
SRR4826692,0.0018980555,0.9829553,0.0030798332,0.0033205284,0.0017706321,0.0011426248,0.0058330884,0.0
ERR3256929,0.0018980558,0.98295534,0.003079863,0.0033205585,0.0017705733,0.0011426249,0.0058330595,0.0
SRR7448554,0.00023252211,0.0012641029,0.0016921137,0.9929739,0.0007331422,0.0019683025,0.0011358394,0.0
SRR5176235,0.0018980558,0.98295534,0.003079863,0.0033205585,0.0017705733,0.0011426249,0.0058330595,0.0
SRR3883993,0.0018980558,0.98295534,0.003079863,0.0033205585,0.0017705733,0.0011426249,0.0058330595,0.0
ERR2122323,0.0018980558,0.98295534,0.003079863,0.0033205585,0.0017705733,0.0011426249,0.0058330595,0.0
SRR3742045,0.0018980558,0.98295534,0.003079863,0.0033205585,0.0017705733,0.0011426249,0.0058330595,0.0
SRR7453381,0.0002324627,0.0012641033,0.0016921143,0.9929742,0.00073308294,0.0019682436,0.00113581,0.0
ERR1263533,0.007699562,0.0036543212,0.0007276542,0.009307817,0.0012566708,0.9723202,0.005033742,0.0
SRR2297130,0.0018980558,0.98295534,0.003079863,0.0033205585,0.0017705733,0.0011426249,0.0058330595,0.0
ERR567260,0.007696748,0.0036548614,0.00072715885,0.009295021,0.0012554452,0.97234356,0.0050272867,0.0
SRR5155509,0.0018980558,0.98295534,0.003079863,0.0033205585,0.0017705733,0.0011426249,0.0058330595,0.0
SRR996260,0.0002323735,0.001264163,0.0016921443,0.9929743,0.0007330533,0.0019682439,0.0011356913,0.0
SRR6663568,0.0018980558,0.98295534,0.003079863,0.0033205585,0.0017705733,0.0011426249,0.0058330595,0.0
SRR3664251,0.0018980558,0.98295534,0.003079863,0.0033205585,0.0017705733,0.0011426249,0.0058330595,0.0
ERR1689555,0.0050000935,0.0036334568,0.009096714,0.0050869165,0.00084149075,0.00088847405,0.97545284,0.0
ERR2599171,0.0050000935,0.0036334568,0.009096714,0.0050869165,0.00084149075,0.00088847405,0.97545284,0.0
SRR7275937,0.0018980558,0.98295534,0.003079863,0.0033205585,0.0017705733,0.0011426249,0.0058330595,0.0
SRR387948,0.00023293686,0.0012616545,0.0016894244,0.99296904,0.000735338,0.0019706085,0.0011409475,0.0
ERR2716301,0.8062425,0.018057551,0.04617646,0.007077229,0.00070715736,0.049524542,0.0722145,0.0
SRR5178902,0.0018980558,0.98295534,0.003079863,0.0033205585,0.0017705733,0.0011426249,0.0058330595,0.0
ERR2187982,0.0025429153,0.037591342,0.078646705,0.035610422,0.8053833,0.0066043963,0.03362083,0.0
ERR1522385,0.007696748,0.0036548614,0.00072715885,0.009295021,0.0012554452,0.97234356,0.0050272867,0.0
ERR542867,0.007879335,0.007841948,0.9407302,0.006737949,0.009433328,6.168039e-05,0.027315583,0.0
SRR6975890,0.0018980558,0.98295534,0.003079863,0.0033205585,0.0017705733,0.0011426249,0.0058330595,0.0
SRR921140,0.0002323735,0.001264163,0.0016921443,0.9929743,0.0007330533,0.0019682439,0.0011356913,0.0
ERR1690439,0.0050000935,0.0036334568,0.009096714,0.0050869165,0.00084149075,0.00088847405,0.97545284,0.0
ERR498570,0.00023705816,0.0012430236,0.0016684196,0.9929218,0.0007546897,0.0019927162,0.0011821975,0.0
SRR6444943,0.00027151278,0.0011679302,0.0017638961,0.9922355,0.00090822496,0.0023260755,0.0013268703,0.0
SRR5440335,0.000531208,0.00014301341,0.0034583535,0.8763605,0.014253813,0.0008553163,0.104397774,0.0
SRR6477271,0.0018980558,0.98295534,0.003079863,0.0033205585,0.0017705733,0.0011426249,0.0058330595,0.0
SRR5895976,0.0018980558,0.98295534,0.003079863,0.0033205585,0.0017705733,0.0011426249,0.0058330595,0.0
ERR867463,0.00024058658,0.0012278273,0.0016540067,0.9928755,0.00077169726,0.0020134738,0.0012168227,0.0
ERR1960710,0.0002323735,0.001264163,0.0016921443,0.9929743,0.0007330533,0.0019682439,0.0011356913,0.0
SRR6409083,0.00023267114,0.0012626173,0.0016938412,0.9929647,0.00073463045,0.0019753845,0.0011362573,0.0
ERR765955,0.0050000935,0.0036334568,0.009096714,0.0050869165,0.00084149075,0.00088847405,0.97545284,0.0
ERR500697,0.00023347103,0.001259298,0.0016874521,0.99296045,0.0007379219,0.0019759221,0.0011454328,0.0
SRR8611072,0.0050000935,0.0036334568,0.009096714,0.0050869165,0.00084149075,0.00088847405,0.97545284,0.0
DRR018765,0.00024159811,0.0012240218,0.0016637344,0.9928442,0.0007762488,0.0020306376,0.0012195901,0.0
SRR5446681,0.0018980558,0.98295534,0.003079863,0.0033204993,0.0017705733,0.0011426249,0.0058330595,0.0
SRR5002080,0.0018980558,0.98295534,0.003079863,0.0033205585,0.0017705733,0.0011426249,0.0058330595,0.0
DRR018706,0.00023305546,0.0012607303,0.001689362,0.99296546,0.0007362589,0.001972717,0.001142403,0.0
ERR1226479,0.0050000935,0.0036334568,0.009096714,0.0050869165,0.00084149075,0.00088847405,0.97545284,0.0
ERR2043575,0.007879335,0.007841948,0.9407302,0.006737949,0.009433328,6.168039e-05,0.027315583,0.0
ERR718992,0.00025035394,0.0011967501,0.0016416354,0.99269176,0.00082383637,0.002105733,0.0012899563,0.0
ERR719635,0.00023367761,0.001258248,0.0016839898,0.9929655,0.00073848193,0.001970941,0.001149143,0.0
ERR441434,0.0002324627,0.0012641033,0.0016921143,0.9929742,0.0007331127,0.0019682436,0.0011357804,0.0
SRR2061289,0.0018980558,0.98295534,0.003079863,0.0033205585,0.0017705733,0.0011426249,0.0058330595,0.0
ERR1624644,0.00023243282,0.0012638944,0.0016918159,0.9929738,0.00073329074,0.0019684508,0.0011362556,0.0
ERR1523437,0.007696748,0.0036548614,0.00072715885,0.009295021,0.0012554452,0.97234356,0.0050272867,0.0
SRR5566423,0.007696748,0.0036548614,0.00072715885,0.009295021,0.0012554452,0.97234356,0.0050272867,0.0
ERR567220,0.0076967487,0.0036548618,0.0007271589,0.009294905,0.0012554453,0.9723436,0.0050272876,0.0
SRR1715577,0.0002323735,0.001264163,0.0016921443,0.9929743,0.0007330533,0.0019682439,0.0011356913,0.0
ERR2210944,0.0050000935,0.0036334568,0.009096714,0.0050869165,0.00084149075,0.00088847405,0.97545284,0.0
ERR2739045,0.00023492229,0.0012534047,0.0016751523,0.9929635,0.0007428399,0.001968255,0.0011618808,0.0
SRR3030547,0.00023344049,0.0012595018,0.0016852451,0.99296796,0.0007374137,0.0019694904,0.0011468269,0.0
SRR7448772,0.00023243295,0.0012641033,0.0016920846,0.9929742,0.0007331424,0.0019682436,0.0011357209,0.0
DRR042782,0.00023542873,0.0012509698,0.0016832486,0.9929337,0.0007463522,0.001987417,0.0011628662,0.0
SRR2086798,0.0002323735,0.001264163,0.0016921443,0.9929743,0.0007330533,0.0019682439,0.0011356913,0.0
ERR2043155,0.007879335,0.007841948,0.9407302,0.006737949,0.009433328,6.168039e-05,0.027315583,0.0
SRR5446694,0.0018980558,0.98295534,0.003079863,0.0033205585,0.0017705733,0.0011426249,0.0058330595,0.0
SRR2086751,0.00023243298,0.0012640738,0.0016922038,0.9929738,0.00073314254,0.0019686306,0.0011356615,0.0
ERR2022737,0.0076972167,0.0036549785,0.00072718813,0.00929464,0.001255533,0.9723423,0.0050280485,0.0
ERR1384368,0.0002327891,0.0012621358,0.0016920788,0.99296576,0.0007350139,0.0019736507,0.0011386023,0.0
SRR2658158,0.00023687888,0.0012341854,0.0016847134,0.9928216,0.0007642348,0.002072155,0.0011862386,0.0
ERR501197,0.0002325222,0.0012640439,0.0016920846,0.9929742,0.0007331127,0.0019682436,0.0011357209,0.0
SRR7453487,0.00023246273,0.0012641333,0.0016919955,0.99297434,0.0007330533,0.0019682439,0.0011357805,0.0
ERR1314605,0.0002324922,0.0012637153,0.0016916961,0.9929735,0.00073346886,0.0019686283,0.001136493,0.0
ERR1905584,0.0050000935,0.0036334568,0.009096714,0.0050869165,0.00084149075,0.00088847405,0.97545284,0.0
SRR6444236,0.00027705976,0.0011566263,0.0017405158,0.9921362,0.00094526267,0.0023713948,0.0013729864,0.0
ERR982948,0.8113509,0.01411196,0.044620685,0.009431848,0.000710805,0.0548167,0.064957164,0.0
SRR5566376,0.007696748,0.0036548614,0.00072715885,0.009295021,0.0012554452,0.97234356,0.0050272867,0.0
ERR1677104,0.0012403727,0.042288393,0.26843047,0.00050500035,0.000880003,0.00018161535,0.39115533,0.29531884
SRR5230534,0.0018980558,0.98295534,0.003079863,0.0033205585,0.0017705733,0.0011426249,0.0058330595,0.0
SRR835392,0.007879335,0.007841948,0.9407302,0.006737949,0.009433328,6.168039e-05,0.027315583,0.0
ERR2271645,0.0018980558,0.98295534,0.003079863,0.0033205585,0.0017705733,0.0011426249,0.0058330595,0.0
SRR6443920,0.00023756924,0.0012434982,0.0016757451,0.9928793,0.0007619051,0.0020232797,0.0011786849,0.0
SRR5486606,0.0018980558,0.98295534,0.003079863,0.0033205585,0.0017705733,0.0011426249,0.0058330595,0.0
SRR2126806,0.0018980558,0.98295534,0.003079863,0.0033205585,0.0017705733,0.0011426249,0.0058330595,0.0
ERR1466911,0.00023350013,0.0012586401,0.0016866444,0.99296147,0.00073818763,0.0019746379,0.0011469765,0.0
ERR500274,0.00023246273,0.0012641035,0.0016920848,0.9929743,0.0007330533,0.0019682439,0.0011357805,0.0
ERR1725508,0.0050000935,0.0036334568,0.009096714,0.0050869165,0.00084149075,0.00088847405,0.97545284,0.0
ERR2570241,0.7748893,0.06034852,0.041332435,0.00395753,0.00079562736,0.037904445,0.08077215,0.0
ERR1583224,0.0018980558,0.98295534,0.003079863,0.0033205585,0.0017705733,0.0011426249,0.0058330595,0.0
SRR5483125,0.000232522,0.0012638643,0.0016917858,0.9929738,0.0007333798,0.001968361,0.0011362851,0.0
ERR1897407,0.0018980558,0.98295534,0.003079863,0.0033205585,0.0017705733,0.0011426249,0.0058330595,0.0
ERR1256007,0.0009362936,0.0011227643,0.0048544807,0.21728586,0.004617094,0.77028334,0.00090011506,0.0
SRR8356301,0.0003256534,0.0011791844,0.0019498141,0.99104714,0.0012440829,0.002888121,0.0013659352,0.0
ERR878273,0.007946552,0.0036101998,0.0007638189,0.009381136,0.0013306348,0.97180307,0.0051645795,0.0
SRR3053339,0.00023510061,0.0012519464,0.0016765196,0.99295247,0.00074444566,0.001976285,0.0011632186,0.0
SRR6394120,0.00023246263,0.0012641327,0.0016920542,0.992974,0.0007331422,0.0019683025,0.0011358989,0.0
SRR3037231,0.00023249215,0.001263715,0.0016915172,0.99297386,0.0007334687,0.00196836,0.0011366415,0.0
SRR1171518,0.0018980558,0.98295534,0.003079863,0.0033205585,0.0017705733,0.0011426249,0.0058330595,0.0
SRR1584483,0.0018980558,0.98295534,0.003079863,0.0033205585,0.0017705733,0.0011426249,0.0058330595,0.0
SRR1371292,0.0018980558,0.98295534,0.003079863,0.0033205585,0.0017705733,0.0011426249,0.0058330595,0.0
ERR1384083,0.00023727126,0.0012422758,0.0016788347,0.99288625,0.0007590479,0.0020194678,0.0011768679,0.0
ERR308618,0.007722407,0.0036381755,0.0007233652,0.009422139,0.0012706334,0.9721327,0.005090646,0.0
SRR984537,0.00048008564,0.71189624,0.02139208,0.0010079743,0.005972386,0.00085440284,0.03499842,0.22339846
ERR1384382,0.0002348056,0.0012521676,0.0016831403,0.99293894,0.00074472104,0.0019874894,0.0011586797,0.0
ERR2868527,0.00050100684,0.60713434,0.016997963,0.06727868,0.008049697,0.0008190274,0.00047948956,0.2987398
SRR7449200,0.00023252217,0.0012640734,0.0016921439,0.9929741,0.00073314237,0.0019682434,0.0011357208,0.0
ERR543022,0.007879335,0.007841948,0.9407302,0.006737949,0.009433328,6.168039e-05,0.027315583,0.0
SRR4304107,0.00023255152,0.0012635656,0.0016913974,0.99297357,0.0007335873,0.0019684187,0.0011369681,0.0
ERR1249629,0.0050000935,0.0036334568,0.009096714,0.0050869165,0.00084149075,0.00088847405,0.97545284,0.0
SRR5150163,0.0018980558,0.98295534,0.003079863,0.0033205585,0.0017705733,0.0011426249,0.0058330595,0.0
ERR1691174,0.0050000935,0.0036334568,0.009096714,0.0050869165,0.00084149075,0.00088847405,0.97545284,0.0
SRR1141250,0.007879677,0.007844406,0.9407233,0.00673558,0.009430241,6.168858e-05,0.027325155,0.0
ERR1385505,0.0039624674,0.004438444,0.0008717329,0.019275228,0.0011742907,0.964268,0.006009666,0.0
SRR7584644,0.00770934,0.0036576178,0.00072608766,0.009300723,0.0012596922,0.9723013,0.0050452123,0.0
ERR1690060,0.0050000935,0.0036334568,0.009096714,0.0050869165,0.00084149075,0.00088847405,0.97545284,0.0
ERR1382714,0.00023388841,0.0012568936,0.0016896303,0.99293905,0.0007419406,0.001991487,0.001147133,0.0
SRR1067533,0.0018980558,0.98295534,0.003079863,0.0033204993,0.0017705733,0.0011426249,0.0058330595,0.0
ERR1523853,0.0037541091,0.35452136,0.0005028546,0.003105551,0.0019240379,0.48765263,0.0076796114,0.14085984
SRR5178624,0.0018980558,0.98295534,0.003079863,0.0033205585,0.0017705733,0.0011426249,0.0058330595,0.0
SRR3624647,0.0018980558,0.98295534,0.003079863,0.0033205585,0.0017705733,0.0011426249,0.0058330595,0.0
SRR1016803,0.007879335,0.007841948,0.9407302,0.006737949,0.009433328,6.168039e-05,0.027315583,0.0
ERR537678,0.0077053006,0.003655199,0.00072782976,0.009294635,0.0012560554,0.9723327,0.0050283223,0.0
ERR1523500,0.0017969031,0.08516816,0.00033649063,0.006410764,0.0044457135,0.89684516,0.004996826,0.0
SRR1644873,0.0010809031,0.0013506148,0.0036588518,0.2625861,0.003839087,0.72661495,0.00086956075,0.0
ERR2854539,0.0077147577,0.0036530455,0.00072946685,0.009320165,0.0012577489,0.9722902,0.0050346274,0.0
ERR1384871,0.00023258105,0.0012632075,0.0016912173,0.99297184,0.0007339436,0.0019696364,0.001137562,0.0
ERR2738704,0.00023281829,0.0012624599,0.0016894571,0.9929728,0.00073456595,0.0019681728,0.0011397894,0.0
ERR209810,0.0002486403,0.001220898,0.0019978061,0.9862141,0.0012206006,0.007423286,0.0016746421,0.0
ERR1383352,0.00023406305,0.0012564566,0.0016820177,0.9929614,0.00074017345,0.0019728935,0.0011530037,0.0
SRR650839,0.007879335,0.007841948,0.9407302,0.006737949,0.009433328,6.168039e-05,0.027315583,0.0
SRR5177363,0.0018980558,0.98295534,0.003079863,0.0033205585,0.0017705733,0.0011426249,0.0058330595,0.0
SRR8609332,0.0050000935,0.0036334568,0.009096714,0.0050869165,0.00084149075,0.00088847405,0.97545284,0.0
SRR6931266,0.0002323735,0.001264163,0.0016921443,0.9929743,0.0007330533,0.0019682439,0.0011356913,0.0
SRR3742115,0.0018980558,0.98295534,0.003079863,0.0033205585,0.0017705733,0.0011426249,0.0058330595,0.0
ERR1523763,0.007696748,0.0036548614,0.00072715885,0.009295021,0.0012554452,0.97234356,0.0050272867,0.0
ERR867476,0.00023696931,0.0012425793,0.0016701176,0.9929185,0.00075483957,0.0019953072,0.0011817234,0.0
SRR6207142,0.0018980558,0.98295534,0.003079863,0.0033205585,0.0017705733,0.0011426249,0.0058330595,0.0
SRR944568,0.007879335,0.007841948,0.9407302,0.006737949,0.009433328,6.168039e-05,0.027315583,0.0
SRR7449215,0.00023252211,0.0012640434,0.0016920245,0.992974,0.00073317194,0.001968243,0.0011359585,0.0
SRR5178781,0.0018980558,0.98295534,0.003079863,0.0033205585,0.0017705733,0.0011426249,0.0058330595,0.0
ERR2042884,0.007879335,0.007841948,0.9407302,0.006737949,0.009433328,6.168039e-05,0.027315583,0.0
ERR007397,0.0017812848,0.0012823641,0.01104629,0.52777845,0.008779794,0.0009851158,0.30545843,0.14288831
SRR1279755,0.0018980558,0.98295534,0.003079863,0.0033205585,0.0017705733,0.0011426249,0.0058330595,0.0
ERR1960774,0.0002324329,0.0012640733,0.001691995,0.99297416,0.0007331125,0.0019682432,0.0011359586,0.0
SRR632523,0.0018980558,0.98295534,0.003079863,0.0033205585,0.0017705733,0.0011426249,0.0058330595,0.0
SRR6414252,0.00023252217,0.0012640734,0.0016920844,0.99297404,0.00073314237,0.001968303,0.0011358099,0.0
ERR1256843,0.0002580583,0.0032236576,0.0035390556,0.69208324,0.0012439489,0.19495845,0.0009809434,0.10371268
SRR1618025,0.0002325517,0.001263745,0.0016915473,0.99297404,0.0007333499,0.0019682415,0.0011365227,0.0
ERR1691577,0.0050000935,0.0036334568,0.009096714,0.0050869165,0.00084149075,0.00088847405,0.97545284,0.0
SRR7270436,0.007705579,0.0036479502,0.0007265734,0.009356448,0.0012614577,0.9722335,0.005068529,0.0
ERR1314443,0.00023246267,0.0012641032,0.0016920547,0.99297416,0.00073314237,0.0019682434,0.0011358397,0.0
SRR5465779,0.001898056,0.98295546,0.003079834,0.0033204998,0.0017705736,0.001142625,0.005832942,0.0
SRR2125002,0.0018980558,0.98295534,0.003079863,0.0033205585,0.0017705733,0.0011426249,0.0058330595,0.0
SRR3201990,0.00026661894,0.0011758471,0.0016799134,0.9924137,0.00087889686,0.0021985208,0.0013865017,0.0
ERR1297943,0.0050000935,0.0036334568,0.009096714,0.0050869165,0.00084149075,0.00088847405,0.97545284,0.0
SRR7453257,0.00023252217,0.0012640437,0.0016920547,0.99297416,0.0007331126,0.0019682732,0.0011358694,0.0
ERR1310781,0.00024565772,0.0012085706,0.0016408508,0.99280417,0.00079493766,0.0020436284,0.0012621632,0.0
ERR1529686,0.0003089375,0.001208825,0.0017823706,0.991332,0.0012157869,0.0027462235,0.0014059275,0.0
ERR833159,0.0050000935,0.0036334568,0.009096714,0.0050869165,0.00084149075,0.00088847405,0.97545284,0.0
SRR6745388,0.0018980558,0.98295534,0.003079863,0.0033205585,0.0017705733,0.0011426249,0.0058330595,0.0
SRR5720324,0.0018980558,0.98295534,0.003079863,0.0033205585,0.0017705733,0.0011426249,0.0058330595,0.0
ERR2095545,0.00023347056,0.0012596821,0.0016863481,0.99296665,0.0007371768,0.001970683,0.0011460255,0.0
ERR560602,0.00023439503,0.0012556197,0.0016904105,0.9929226,0.000745513,0.0020028283,0.0011486546,0.0
SRR6239915,0.00023246263,0.0012640732,0.0016921137,0.9929738,0.00073317194,0.0019684215,0.0011358692,0.0
SRR2761049,0.00023266558,0.0012392373,0.0017152468,0.99275315,0.00075897406,0.0021390242,0.001161692,0.0
SRR6414040,0.0002325222,0.0012641033,0.0016921441,0.9929742,0.00073308294,0.0019682436,0.0011357209,0.0
ERR469663,0.0077936393,0.0036395285,0.00072919414,0.009631353,0.0012944352,0.97165835,0.0052535534,0.0
ERR866835,0.00023599534,0.0012480328,0.0016821583,0.99290705,0.000752514,0.0020085184,0.0011656992,0.0
ERR2001798,0.007697711,0.0036554453,0.00072721706,0.009293962,0.0012555909,0.9723412,0.0050289244,0.0
SRR2097690,0.0018980558,0.98295534,0.003079863,0.0033205585,0.0017705733,0.0011426249,0.0058330595,0.0
SRR1295410,0.0002323735,0.001264163,0.0016921443,0.9929743,0.0007330533,0.0019682439,0.0011356913,0.0
SRR5915750,0.0018980558,0.98295534,0.003079863,0.0033204993,0.0017705733,0.0011426249,0.0058330595,0.0
SRR6028571,0.00024102666,0.001226934,0.0016397487,0.9929125,0.00076914986,0.0019840682,0.0012266366,0.0
ERR1582408,0.0018980558,0.98295534,0.003079863,0.0033205585,0.0017705733,0.0011426249,0.0058330595,0.0
SRR5181201,0.0018980558,0.98295534,0.003079863,0.0033205585,0.0017705733,0.0011426249,0.0058330595,0.0
SRR3098343,0.0018980558,0.98295534,0.003079863,0.0033205585,0.0017705733,0.0011426249,0.0058330595,0.0
SRR7584846,0.0076712104,0.003958016,0.0006843478,0.0095542725,0.0014242625,0.9718375,0.0048703435,0.0
SRR6765057,0.0050000935,0.0036334568,0.009096714,0.0050869165,0.00084149075,0.00088847405,0.97545284,0.0
ERR539092,0.007879335,0.007841948,0.9407302,0.006737949,0.009433328,6.168039e-05,0.027315583,0.0
ERR1314512,0.0002325222,0.0012641033,0.0016920846,0.9929742,0.00073308294,0.0019682436,0.0011357804,0.0
ERR1959278,0.0018980558,0.98295534,0.003079863,0.0033205585,0.0017705733,0.0011426249,0.0058330595,0.0
SRR5180861,0.0018980558,0.98295534,0.003079863,0.0033204993,0.0017705733,0.0011426249,0.0058330595,0.0
SRR3223656,0.0018980558,0.98295534,0.003079863,0.0033205585,0.0017705733,0.0011426249,0.0058330595,0.0
ERR1315468,0.00023602272,0.0012464736,0.0016808328,0.9929163,0.0007511085,0.0020006457,0.0011686025,0.0
ERR1759859,0.007879335,0.007841948,0.9407302,0.006737949,0.009433328,6.168039e-05,0.027315583,0.0
ERR522680,0.00026302593,0.0012027272,0.0017904383,0.99238116,0.0008509155,0.0022424276,0.0012693239,0.0
SRR6451716,0.00023468529,0.0012542426,0.0016769735,0.9929634,0.00074201,0.0019692446,0.0011594464,0.0
ERR1297960,0.0050000935,0.0036334568,0.009096714,0.0050869165,0.00084149075,0.00088847405,0.97545284,0.0
DRR070567,0.0018980558,0.98295534,0.003079863,0.0033205585,0.0017705733,0.0011426249,0.0058330595,0.0
ERR2013546,0.0025429153,0.037591342,0.078646705,0.035610422,0.8053833,0.0066043963,0.03362083,0.0
ERR2835996,0.00781824,0.0037587737,0.00071559433,0.009195984,0.0013081647,0.97198945,0.0052138586,0.0
SRR5868611,0.0002323735,0.001264163,0.0016921443,0.9929743,0.0007330533,0.0019682439,0.0011356913,0.0
ERR1315317,0.0002326404,0.0012631472,0.0016907107,0.99297297,0.0007339729,0.0019685645,0.0011380075,0.0
ERR833398,0.0018980558,0.98295534,0.003079863,0.0033205585,0.0017705733,0.0011426249,0.0058330595,0.0
ERR1298007,0.0050000935,0.0036334568,0.009096714,0.0050869165,0.00084149075,0.00088847405,0.97545284,0.0
ERR2210983,0.0050000935,0.0036334568,0.009096714,0.0050869165,0.00084149075,0.00088847405,0.97545284,0.0
ERR2523268,0.0050000935,0.0036334568,0.009096714,0.0050869165,0.00084149075,0.00088847405,0.97545284,0.0
SRR4414288,0.007879335,0.007841948,0.9407302,0.006737949,0.009433328,6.168039e-05,0.027315583,0.0
SRR6414309,0.00023456744,0.0012544272,0.0016813542,0.9929541,0.0007421921,0.001976512,0.001156894,0.0
ERR1583115,0.0018980558,0.98295534,0.003079863,0.0033205585,0.0017705733,0.0011426249,0.0058330595,0.0
ERR2511209,0.00024458434,0.0012127802,0.0016252487,0.99286115,0.000786899,0.0020076793,0.0012617329,0.0
ERR441351,0.0002324627,0.0012640735,0.0016920846,0.9929742,0.0007331424,0.0019682436,0.0011357209,0.0
DRR048280,0.0002331147,0.0012611455,0.0016881109,0.9929693,0.00073587144,0.0019698592,0.00114261,0.0
SRR1747705,0.0018980558,0.98295534,0.003079863,0.0033205585,0.0017705733,0.0011426249,0.0058330595,0.0
SRR5591495,0.0018980558,0.98295534,0.003079863,0.0033205585,0.0017705733,0.0011426249,0.0058330595,0.0
ERR1548916,0.0025429153,0.037591342,0.078646705,0.035610422,0.8053833,0.0066043963,0.03362083,0.0
ERR441899,0.00023264057,0.0012631482,0.0016913067,0.9929715,0.00073394366,0.0019698448,0.0011376514,0.0
ERR1897423,0.0018980558,0.98295534,0.0030798924,0.00332047,0.0017706323,0.0011426249,0.0058330004,0.0
SRR2168178,0.0018980558,0.98295534,0.003079863,0.0033205585,0.0017705733,0.0011426249,0.0058330595,0.0
SRR3624244,0.0018980558,0.98295534,0.003079863,0.0033205585,0.0017705733,0.0011426249,0.0058330595,0.0
SRR6931823,0.0002325222,0.0012640735,0.0016920846,0.99297416,0.0007331424,0.0019682436,0.0011357209,0.0
SRR6754402,0.0018980558,0.98295534,0.003079863,0.0033205585,0.0017705733,0.0011426249,0.0058330595,0.0
ERR883579,0.0002328185,0.0012627287,0.0016899939,0.9929727,0.0007343584,0.001968442,0.0011390169,0.0
SRR5179854,0.0018980558,0.98295534,0.003079863,0.0033205585,0.0017705733,0.0011426249,0.0058330595,0.0
SRR6792275,0.0018980558,0.98295534,0.003079863,0.0033205585,0.0017705733,0.0011426249,0.0058330595,0.0
ERR1398228,0.0002362906,0.0012463853,0.001679198,0.9929093,0.0007531911,0.0020054658,0.0011701203,0.0
SRR7584480,0.0076932907,0.003683591,0.0007244752,0.0092622405,0.0012630793,0.97235125,0.005022003,0.0
ERR924342,0.016475167,0.0013163416,0.0076409657,0.045519754,0.012439148,0.0010029614,0.9156056,0.0
SRR5181375,0.0018980558,0.98295534,0.003079863,0.0033205585,0.0017705733,0.0011426249,0.0058330595,0.0
ERR1523509,0.007696748,0.0036549491,0.00072718813,0.009294904,0.0012554452,0.97234356,0.0050272867,0.0
DRR043938,0.00023287749,0.0012620419,0.001689098,0.9929715,0.00073498144,0.0019688841,0.0011405613,0.0
SRR5179715,0.0018980558,0.98295534,0.003079863,0.0033205585,0.0017705733,0.0011426249,0.0058330595,0.0
ERR450960,0.0002323735,0.001264163,0.0016921443,0.9929743,0.0007330533,0.0019682439,0.0011356913,0.0
ERR1855554,0.0010849684,0.0008852579,0.0028476664,0.5545961,0.0046351776,0.43511352,0.00083725207,0.0
SRR3094688,0.00023865662,0.0012365887,0.0016549516,0.9929268,0.0007594241,0.001982688,0.001200927,0.0
DRR043115,0.00023302593,0.0012614455,0.0016891555,0.9929691,0.0007355457,0.0019703393,0.0011414225,0.0
SRR6745886,0.0018980558,0.98295534,0.003079863,0.0033205585,0.0017705733,0.0011426249,0.0058330595,0.0
ERR1109489,0.0002323735,0.001264163,0.0016921443,0.9929743,0.0007330533,0.0019682439,0.0011356913,0.0
SRR6413980,0.00023246265,0.0012641625,0.0016920841,0.9929739,0.00073314225,0.0019683326,0.0011357801,0.0
SRR6292334,0.0018980558,0.98295534,0.003079863,0.0033205585,0.0017705733,0.0011426249,0.0058330595,0.0
ERR1382781,0.00023587291,0.0012478658,0.0016762443,0.99292964,0.00074961776,0.0019912373,0.0011695191,0.0
ERR2169047,0.0018980558,0.98295534,0.003079863,0.0033205585,0.0017705733,0.0011426249,0.0058330595,0.0
ERR1384623,0.00024224025,0.0012318441,0.0016772401,0.9927688,0.0007904337,0.0020877754,0.0012016533,0.0
ERR719535,0.00023302581,0.0012614449,0.0016888274,0.99296874,0.00073560484,0.0019706655,0.0011416897,0.0
SRR3647813,0.00023397712,0.0012558795,0.0016903107,0.9929382,0.00074190914,0.001991661,0.0011480227,0.0
ERR1691347,0.0050000935,0.0036334568,0.009096714,0.0050869165,0.00084149075,0.00088847405,0.97545284,0.0
SRR5831886,0.0002337374,0.0012573573,0.0016861932,0.99295694,0.00073943473,0.001977071,0.0011492932,0.0
DRR070593,0.0018980558,0.98295534,0.003079863,0.0033204993,0.0017705733,0.0011426249,0.0058330595,0.0
ERR1691108,0.0050000935,0.0036334568,0.009096714,0.0050869165,0.00084149075,0.00088847405,0.97545284,0.0
ERR500299,0.00023243285,0.0012638945,0.0016919648,0.9929733,0.0007333206,0.0019688378,0.0011361962,0.0
ERR924214,0.0050000935,0.0036334568,0.009096714,0.0050869165,0.00084149075,0.00088847405,0.97545284,0.0
ERR209142,0.00024363399,0.0026878715,0.002892971,0.8431654,0.0017090142,0.11228776,0.0015372634,0.035476148
SRR5626877,0.0018980558,0.98295534,0.003079863,0.0033205585,0.0017705733,0.0011426249,0.0058330595,0.0
ERR2271637,0.0018980558,0.98295534,0.003079863,0.0033205585,0.0017705733,0.0011426249,0.0058330595,0.0
ERR986464,0.007696748,0.0036548614,0.00072715885,0.009295021,0.0012554452,0.97234356,0.0050272867,0.0
ERR2043050,0.007879335,0.007841948,0.9407302,0.006737949,0.009433328,6.168039e-05,0.027315583,0.0
SRR5156029,0.00023269978,0.0012630277,0.0016905016,0.99297327,0.00073406176,0.0019682362,0.0011382747,0.0
SRR2712918,0.0018980558,0.98295534,0.003079863,0.0033205585,0.0017705733,0.0011426249,0.0058330595,0.0
ERR1896777,0.003754139,0.35452333,0.0005027652,0.0031056702,0.0019240379,0.48765972,0.0076797903,0.14085054
ERR1589333,0.007879335,0.007841948,0.9407302,0.006737949,0.009433328,6.168039e-05,0.027315583,0.0
SRR5196381,0.0002324626,0.0012640135,0.0016921135,0.99297345,0.0007331718,0.001968689,0.0011360177,0.0
SRR2658685,0.00045877695,0.0028115213,0.00380674,0.5549409,0.001698792,0.32601076,0.00052803755,0.10974449
ERR1256472,0.00016730111,0.0013423258,0.0033064373,0.96050054,0.0011962416,0.03227309,0.0012140161,0.0
ERR894688,0.005000095,0.0036334577,0.0090967165,0.005086918,0.00084140204,0.00088841503,0.9754531,0.0
ERR1522505,0.007694763,0.0036615857,0.0007265179,0.009288358,0.0012571497,0.97234565,0.0050259633,0.0
SRR6207111,0.0018980558,0.98295534,0.003079863,0.0033205585,0.0017705733,0.0011426249,0.0058330595,0.0
SRR388003,0.00023249215,0.0012635662,0.0016917551,0.9929726,0.00073358766,0.0019692823,0.0011367308,0.0
ERR1331812,0.0002334705,0.0012594736,0.0016861097,0.99296516,0.0007375336,0.0019720509,0.0011462036,0.0
ERR1725471,0.0050000935,0.0036334568,0.009096714,0.0050869165,0.00084149075,0.00088847405,0.97545284,0.0
ERR1691079,0.0050000935,0.0036334568,0.009096714,0.0050869165,0.00084149075,0.00088847405,0.97545284,0.0
SRR1346075,0.0018980558,0.98295534,0.003079863,0.0033205585,0.0017705733,0.0011426249,0.0058330595,0.0
SRR1623164,0.0002324627,0.0012641033,0.0016921143,0.9929742,0.00073308294,0.0019682436,0.00113581,0.0
ERR1690511,0.0050000935,0.0036334568,0.009096714,0.0050869165,0.00084149075,0.00088847405,0.97545284,0.0
SRR6932187,0.0002323735,0.001264163,0.0016921443,0.9929743,0.0007330533,0.0019682439,0.0011356913,0.0
SRR2097756,0.0018980558,0.98295534,0.003079863,0.0033205585,0.0017705733,0.0011426249,0.0058330595,0.0
ERR1383065,0.00023412278,0.0012561604,0.0016828226,0.9929558,0.00074097735,0.0019770302,0.0011530941,0.0
SRR4300282,0.0018980558,0.98295534,0.003079863,0.0033205585,0.0017705733,0.0011426249,0.0058330595,0.0
SRR1048961,0.007879335,0.007841948,0.9407302,0.006737949,0.009433328,6.168039e-05,0.027315583,0.0
ERR532155,0.0002555034,0.0011894841,0.0016938586,0.99257135,0.0008380368,0.002160849,0.0012908706,0.0
ERR1690993,0.0050000935,0.0036334568,0.009096714,0.0050869165,0.00084149075,0.00088847405,0.97545284,0.0
ERR442950,0.00023246267,0.0012640734,0.0016919654,0.9929737,0.0007331721,0.0019686003,0.0011360777,0.0
ERR1309825,0.00024815154,0.0012007869,0.0016357064,0.9927533,0.00080979365,0.0020703285,0.001281918,0.0
SRR950969,0.0018980558,0.98295534,0.003079863,0.0033205585,0.0017705733,0.0011426249,0.0058330595,0.0
SRR062135,0.0018980558,0.98295534,0.003079863,0.0033205585,0.0017705733,0.0011426249,0.0058330595,0.0
SRR1503389,0.007879335,0.007841948,0.9407302,0.006737949,0.009433328,6.168039e-05,0.027315583,0.0
SRR5165870,0.0002323735,0.001264163,0.0016921443,0.9929743,0.0007330533,0.0019682439,0.0011356913,0.0
ERR1971184,0.000234894,0.0012521632,0.0016808142,0.9929438,0.0007445399,0.0019835858,0.0011601925,0.0
DRR047848,0.00023530818,0.0012509318,0.0016764258,0.99294907,0.0007454549,0.0019775287,0.0011652976,0.0
SRR5230539,0.0018980558,0.98295534,0.003079863,0.0033205585,0.0017705733,0.0011426249,0.0058330595,0.0
ERR543006,0.007879335,0.007841948,0.9407302,0.006737949,0.009433328,6.168039e-05,0.027315583,0.0
ERR867385,0.0002328777,0.0012617456,0.0016901109,0.9929672,0.0007354283,0.0019723363,0.0011403244,0.0
DRR044117,0.0002332637,0.0012601356,0.0016906116,0.9929603,0.00073694316,0.0019760488,0.0011427304,0.0
SRR5155513,0.0018980558,0.98295534,0.003079863,0.0033205585,0.0017705733,0.0011426249,0.0058330595,0.0
ERR498691,0.0002324627,0.0012641033,0.0016921143,0.9929742,0.00073308294,0.0019682436,0.00113581,0.0
SRR3624236,0.0018980558,0.98295534,0.003079863,0.0033205585,0.0017705733,0.0011426249,0.0058330595,0.0
SRR886324,0.007879335,0.007841948,0.9407302,0.006737949,0.009433328,6.168039e-05,0.027315583,0.0
SRR7902043,0.0012142956,0.3338362,0.10271329,0.0001257956,0.005829543,0.00019776821,0.24784416,0.30823898
ERR500191,0.00023252214,0.0012640435,0.0016920544,0.99297404,0.00073314225,0.0019682432,0.0011358693,0.0
ERR107056,0.00023305521,0.0012609372,0.0016879324,0.9929694,0.0007359309,0.0019699486,0.001142848,0.0
SRR6670506,0.007696748,0.0036548614,0.00072715885,0.009295021,0.0012554452,0.97234356,0.0050272867,0.0
ERR833558,0.0018980558,0.98295534,0.003079863,0.0033204993,0.0017705733,0.0011427134,0.0058330004,0.0
ERR500022,0.00023261088,0.0012634161,0.0016911287,0.9929736,0.00073367613,0.001968239,0.0011372947,0.0
SRR7449031,0.0002325222,0.0012641033,0.0016920846,0.99297416,0.0007331424,0.0019683032,0.0011357209,0.0
DRR044335,0.00024026095,0.0012304822,0.0016621668,0.9928805,0.00076792494,0.0020080141,0.0012106737,0.0
ERR923848,0.0050000935,0.0036334568,0.009096714,0.0050869165,0.00084149075,0.00088847405,0.97545284,0.0
ERR1429273,0.0018980558,0.98295534,0.003079863,0.0033205585,0.0017705733,0.0011426249,0.0058330595,0.0
SRR5525154,0.00023252214,0.0012640435,0.0016921139,0.99297404,0.00073314225,0.0019683326,0.0011358098,0.0
ERR589316,0.0018980558,0.98295534,0.003079863,0.0033205585,0.0017705733,0.0011426249,0.0058330595,0.0
SRR1702896,0.0002323735,0.001264163,0.0016921443,0.9929743,0.0007330533,0.0019682439,0.0011356913,0.0
SRR6414183,0.0002323735,0.001264163,0.0016921443,0.9929743,0.0007330533,0.0019682439,0.0011356913,0.0
SRR765707,0.007879335,0.007841948,0.9407302,0.006737949,0.009433328,6.168039e-05,0.027315583,0.0
ERR579397,0.00067061186,0.002461046,0.0036633015,0.48907077,0.0022034347,0.40908855,0.00045484304,0.09238744
SRR8608234,0.0050000935,0.0036334568,0.009096714,0.0050869165,0.00084149075,0.00088847405,0.97545284,0.0
ERR833343,0.0018980558,0.98295534,0.003079863,0.0033205585,0.0017705733,0.0011426249,0.0058330595,0.0
SRR3742029,0.0018980558,0.98295534,0.003079863,0.0033205585,0.0017705733,0.0011426249,0.0058330595,0.0
SRR1258258,0.0018980558,0.98295534,0.003079863,0.0033205585,0.0017705733,0.0011426249,0.0058330595,0.0
ERR1971231,0.00023812905,0.0012378785,0.0016719301,0.992885,0.00076215575,0.0020165718,0.0011884145,0.0
SRR6413895,0.00023252175,0.0012634167,0.0016915161,0.9929725,0.0007336765,0.0019692215,0.0011371465,0.0
SRR5720249,0.0018980558,0.98295534,0.003079863,0.0033205585,0.0017705733,0.0011426249,0.0058330595,0.0
ERR1310492,0.0002323735,0.001264163,0.0016921443,0.9929743,0.0007330533,0.0019682439,0.0011356913,0.0
ERR2560674,0.008141558,0.004074513,0.00072906545,0.008457487,0.001336293,0.9716805,0.0055805002,0.0
ERR2013490,0.0025429153,0.037591342,0.078646705,0.035610422,0.8053833,0.0066043963,0.03362083,0.0
SRR1787645,0.007879335,0.007841948,0.9407302,0.006737949,0.009433328,6.168039e-05,0.027315583,0.0
SRR3063387,0.007879335,0.007841948,0.9407302,0.006737949,0.009433328,6.168039e-05,0.027315583,0.0
SRR6443976,0.00023531087,0.0012499347,0.0016825129,0.9929256,0.0007479917,0.0019964094,0.0011623066,0.0
ERR2531857,0.007696748,0.0036548614,0.00072715885,0.009295021,0.0012554452,0.97234356,0.0050272867,0.0
ERR1523980,0.0018980558,0.98295534,0.003079863,0.0033205585,0.0017705733,0.0011426249,0.0058330595,0.0
SRR575288,0.007879335,0.007841948,0.9407302,0.006737949,0.009433328,6.168039e-05,0.027315583,0.0
ERR1691466,0.0050000935,0.0036334568,0.009096714,0.0050869165,0.00084149075,0.00088847405,0.97545284,0.0
SRR6264726,0.0002323735,0.001264163,0.0016921443,0.9929743,0.0007330533,0.0019682439,0.0011356913,0.0
ERR695373,0.0076968935,0.003654978,0.00072724663,0.009294757,0.0012554743,0.9723432,0.005027462,0.0
ERR2233317,0.0018980558,0.98295534,0.003079863,0.0033205585,0.0017705733,0.0011426249,0.0058330595,0.0
SRR1929502,0.0018980558,0.98295534,0.003079863,0.0033205585,0.0017705733,0.0011426249,0.0058330595,0.0
ERR1616406,0.0014034037,0.0030993111,0.0016125335,0.29102188,0.009568841,0.69180524,0.0014886884,0.0
SRR1123279,0.0018980558,0.98295534,0.0030798924,0.00332047,0.0017706323,0.0011426249,0.0058330004,0.0
ERR1533408,0.0076988745,0.0036591906,0.0007266891,0.009288329,0.0012569955,0.97234124,0.005028685,0.0
SRR8609480,0.0050000935,0.0036334568,0.009096714,0.0050869165,0.00084149075,0.00088847405,0.97545284,0.0
SRR995527,0.0002323735,0.001264163,0.0016921443,0.9929743,0.0007330533,0.0019682439,0.0011356913,0.0
SRR5165787,0.0002323735,0.001264163,0.0016921443,0.9929743,0.0007330533,0.0019682439,0.0011356913,0.0
SRR2168215,0.0018980558,0.98295534,0.003079863,0.0033205585,0.0017705733,0.0011426249,0.0058330595,0.0
ERR756866,0.0077165915,0.0036353653,0.0007289358,0.009355584,0.0012612276,0.9722789,0.005023442,0.0
ERR1263811,0.007699407,0.0036546981,0.0007271262,0.009298552,0.0012561423,0.9723323,0.0050318623,0.0
ERR1382325,0.00023852453,0.0012393519,0.0016867155,0.9928436,0.00076697284,0.0020480866,0.0011767686,0.0
ERR3040047,0.00023352966,0.0012588769,0.001685572,0.99296325,0.00073818694,0.0019732378,0.001147362,0.0
ERR309846,0.0077393786,0.0036539997,0.00071818446,0.00949986,0.0012888666,0.9719319,0.005167795,0.0
ERR1366504,0.0077067725,0.003657037,0.0007265865,0.00931371,0.0012594595,0.9722818,0.005054591,0.0
ERR1384182,0.00023732948,0.0012419419,0.001676357,0.99289143,0.0007586869,0.0020152929,0.0011790032,0.0
SRR4237851,0.0018981143,0.98295516,0.0030798917,0.0033205575,0.0017705729,0.0011426246,0.005833058,0.0
SRR062247,0.0018980558,0.98295534,0.003079863,0.0033205585,0.0017705733,0.0011426249,0.0058330595,0.0
SRR1030794,0.007879335,0.007841948,0.9407302,0.006737949,0.009433328,6.168039e-05,0.027315583,0.0
ERR2511596,0.00023732276,0.0012430669,0.0016606644,0.99294674,0.0007526573,0.001972673,0.0011867923,0.0
SRR5940661,0.0020704467,0.9820314,0.004027031,0.004066856,0.0017394352,0.001168467,0.004896305,0.0
SRR4341463,0.0018980558,0.98295534,0.003079863,0.0033205585,0.0017705733,0.0011426249,0.0058330595,0.0
SRR6078498,0.0018980558,0.98295534,0.003079863,0.0033205585,0.0017705733,0.0011426249,0.0058330595,0.0
ERR525971,0.00023302618,0.0012610006,0.0016899009,0.99296457,0.00073605217,0.0019740893,0.0011414237,0.0
SRR1793471,0.0050000935,0.0036334568,0.009096714,0.0050869165,0.00084149075,0.00088847405,0.97545284,0.0
SRR8605653,0.0050000935,0.0036334568,0.009096714,0.0050869165,0.00084149075,0.00088847405,0.97545284,0.0
SRR3884287,0.0018980558,0.98295534,0.003079863,0.0033205585,0.0017705733,0.0011426249,0.0058330595,0.0
ERR2002368,0.00023613774,0.0012470179,0.0016717624,0.9929382,0.00074940047,0.0019831525,0.0011742937,0.0
SRR6235168,0.0018980558,0.98295534,0.003079863,0.0033205585,0.0017705733,0.0011426249,0.0058330595,0.0
ERR2511179,0.00026179646,0.0011746194,0.0016582127,0.99244964,0.0008847786,0.0022250467,0.0013459186,0.0
ERR488114,0.0076967487,0.0036548618,0.0007271589,0.009294963,0.0012554453,0.9723435,0.005027229,0.0
SRR6670814,0.007697216,0.0036551245,0.000727188,0.009294346,0.0012555328,0.97234285,0.0050277254,0.0
SRR6444039,0.000232789,0.0012625218,0.0016906501,0.9929686,0.0007348053,0.0019716567,0.0011389289,0.0
ERR500156,0.0002324627,0.0012640735,0.0016920846,0.9929742,0.0007331424,0.0019682436,0.0011357209,0.0
SRR1770603,0.007879335,0.007841948,0.9407302,0.006737949,0.009433328,6.168039e-05,0.027315583,0.0
ERR1535977,0.0018980558,0.98295534,0.003079863,0.0033205585,0.0017705733,0.0011426249,0.0058330595,0.0
SRR1617708,0.00023430039,0.0012551743,0.0016814779,0.99295586,0.00074151,0.0019763685,0.001155291,0.0
ERR1428868,0.005000095,0.0036334577,0.0090967165,0.005086918,0.00084140204,0.00088838534,0.9754531,0.0
ERR1582997,0.0018980558,0.98295534,0.003079863,0.0033205585,0.0017705733,0.0011426249,0.0058330595,0.0
SRR6309257,0.0009529293,0.0019848647,0.0041344767,0.96861666,0.0058373515,0.008736939,0.0013604165,0.008376361
ERR1522333,0.0077416813,0.0037124106,0.00071894674,0.009216741,0.0012816453,0.9722547,0.0050738933,0.0
SRR6444107,0.00024211046,0.0012470816,0.0016905194,0.99273163,0.0007971886,0.0021156033,0.0011757781,0.0
ERR1897220,0.0018980558,0.98295534,0.003079863,0.0033205585,0.0017705733,0.0011426249,0.0058330595,0.0
SRR943238,0.0037047013,0.01818894,0.114210054,0.0008996356,0.0033346503,0.0001759181,0.8594861,0.0
ERR522710,0.0002324627,0.001264014,0.0016920548,0.9929743,0.0007331127,0.0019682436,0.0011357804,0.0
SRR3362073,0.0002343002,0.0012555302,0.0016804949,0.9929601,0.0007411227,0.0019732437,0.00115529,0.0
ERR1905842,0.0050000935,0.0036334568,0.009096714,0.0050869165,0.00084149075,0.00088847405,0.97545284,0.0
SRR5590596,0.0018980558,0.98295534,0.003079863,0.0033205585,0.0017705733,0.0011426249,0.0058330595,0.0
ERR579695,0.00023290733,0.0012622804,0.0016893367,0.9929722,0.0007347141,0.0019684092,0.0011400562,0.0
SRR996479,0.0002323735,0.001264163,0.0016921443,0.9929743,0.0007330533,0.0019682439,0.0011356913,0.0
SRR1299262,0.00023546559,0.0012500557,0.0016994512,0.99289924,0.0007486652,0.0020164195,0.0011506759,0.0
SRR3419455,0.00023938272,0.0012337371,0.0016876066,0.9928371,0.0007687136,0.0020481083,0.0011853133,0.0
SRR6932344,0.0002323735,0.001264163,0.0016921443,0.9929743,0.0007330533,0.0019682439,0.0011356913,0.0
ERR1583299,0.0018980558,0.98295534,0.003079863,0.0033205585,0.0017705733,0.0011426249,0.0058330595,0.0
ERR1255955,0.0007882186,0.001819745,0.0040012086,0.38011897,0.003027977,0.609617,0.0006269332,0.0
SRR8609705,0.0050000935,0.0036334568,0.009096714,0.0050869165,0.00084149075,0.00088847405,0.97545284,0.0
ERR1582781,0.0018980558,0.98295534,0.003079863,0.0033205585,0.0017705733,0.0011426249,0.0058330595,0.0
SRR3362197,0.00023314441,0.0012609966,0.0016877835,0.9929701,0.0007358714,0.001969383,0.0011427883,0.0
SRR5467629,0.00023246265,0.0012639543,0.0016920544,0.99297357,0.0007332613,0.0019686895,0.0011359883,0.0
SRR1824374,0.0018980558,0.98295534,0.003079863,0.0033205585,0.0017705733,0.0011426249,0.0058330595,0.0
ERR1249584,0.0050000935,0.0036334568,0.009096714,0.0050869165,0.00084149075,0.00088847405,0.97545284,0.0
SRR6411893,0.00023249234,0.0012638945,0.001691816,0.9929741,0.00073323137,0.001968332,0.0011361665,0.0
ERR2836071,0.007621122,0.0038884173,0.0006924912,0.010053656,0.0014369646,0.9709832,0.0053241225,0.0
ERR1522063,0.007696748,0.0036548614,0.00072715885,0.009295021,0.0012554452,0.97234356,0.0050272867,0.0
SRR5590748,0.0018980558,0.98295534,0.003079863,0.0033205585,0.0017705733,0.0011426249,0.0058330595,0.0
SRR575217,0.007879335,0.007841948,0.9407302,0.006737949,0.009433328,6.168039e-05,0.027315583,0.0
SRR2010505,0.00023255205,0.0012637172,0.0016932752,0.9929708,0.0007335295,0.0019706243,0.0011355132,0.0
SRR5868964,0.0002323735,0.001264163,0.0016921443,0.9929743,0.0007330533,0.0019682439,0.0011356913,0.0
ERR956980,0.0076967487,0.0036549496,0.0007271589,0.009294876,0.0012554453,0.9723435,0.005027346,0.0
ERR107177,0.00025431093,0.0011960942,0.0017296714,0.99253654,0.00083681685,0.0022029574,0.0012436846,0.0
SRR6005054,0.0018980558,0.98295534,0.003079863,0.0033205585,0.0017705733,0.0011426249,0.0058330595,0.0
ERR2777860,0.0076974626,0.0036585866,0.0007268378,0.00928909,0.0012564135,0.9723449,0.005026709,0.0
SRR1460668,0.0018980555,0.9829552,0.0030798626,0.003320558,0.0017705731,0.0011426838,0.005833059,0.0
SRR896548,0.0018980558,0.98295534,0.003079863,0.0033205585,0.0017705733,0.0011426249,0.0058330595,0.0
ERR444132,0.00022371602,0.0012101071,0.0018361312,0.9921162,0.0008057168,0.0026718613,0.0011362787,0.0
SRR980712,0.007879335,0.007841948,0.9407302,0.006737949,0.009433328,6.168039e-05,0.027315583,0.0
SRR6235217,0.0018980558,0.98295534,0.003079863,0.0033205585,0.0017705733,0.0011426249,0.0058330595,0.0
SRR995122,0.0002323735,0.001264163,0.0016921443,0.9929743,0.0007330533,0.0019682439,0.0011356913,0.0
ERR1314885,0.00023335328,0.001261238,0.0016870445,0.99295557,0.0007392941,0.001979026,0.001144487,0.0
DRR047483,0.00023326368,0.0012596595,0.001689957,0.99295926,0.0007372108,0.0019773573,0.001143236,0.0
SRR2898053,0.0076970416,0.0036561505,0.000727071,0.00929309,0.0012557968,0.9723436,0.0050271703,0.0
SRR958984,0.0018980558,0.98295534,0.003079863,0.0033205585,0.0017705733,0.0011426249,0.0058330595,0.0
ERR321980,0.0077050864,0.0036554413,0.0007285401,0.009285503,0.0012568005,0.97233945,0.0050291354,0.0
SRR5915774,0.0018980558,0.98295534,0.003079863,0.0033205585,0.0017705733,0.0011426249,0.0058330595,0.0
ERR1315516,0.0002386284,0.0012362397,0.0016579662,0.99290955,0.0007619572,0.0019956985,0.0011999235,0.0
ERR500608,0.00023661784,0.001244125,0.0016853556,0.9928983,0.0007540242,0.0020112963,0.0011702693,0.0
ERR1701289,0.0002323735,0.001264163,0.0016921443,0.9929743,0.0007330533,0.0019682439,0.0011356913,0.0
SRR500309,0.0018980558,0.98295534,0.003079863,0.0033205585,0.0017705733,0.0011426249,0.0058330595,0.0
SRR952987,0.0018980558,0.9829554,0.0030798335,0.003320529,0.0017706323,0.0011426249,0.0058330004,0.0
SRR3995672,0.0018980558,0.98295534,0.003079863,0.0033205585,0.0017705733,0.0011426249,0.0058330595,0.0
DRR014347,0.00023833086,0.0012382616,0.0016575491,0.99292994,0.00075770356,0.0019814505,0.0011967106,0.0
ERR1522767,0.003754139,0.35452384,0.0005028546,0.0031055808,0.0019240379,0.48765972,0.0076797307,0.14085007
ERR1844439,0.007879335,0.007841948,0.9407302,0.006737949,0.009433328,6.168039e-05,0.027315583,0.0
ERR1384097,0.00024064555,0.001227319,0.0016540329,0.99287695,0.00077142793,0.0020119527,0.0012175933,0.0
ERR1689633,0.0050000935,0.0036334568,0.009096714,0.0050869165,0.00084149075,0.00088847405,0.97545284,0.0
SRR1632489,0.0002323735,0.001264163,0.0016921443,0.9929743,0.0007330533,0.0019682439,0.0011356913,0.0
DRR044301,0.00023287756,0.001261834,0.0016896339,0.9929696,0.0007351602,0.0019703722,0.001140532,0.0
SRR8605535,0.0050000935,0.0036334568,0.009096714,0.0050869165,0.00084149075,0.00088847405,0.97545284,0.0
SRR2086806,0.0002324627,0.0012641033,0.0016921441,0.99297404,0.0007331127,0.001968333,0.0011357804,0.0
ERR1314074,0.00023338219,0.0012434755,0.0017103886,0.99279326,0.0007574659,0.0021105234,0.0011515028,0.0
ERR365967,0.00023640586,0.0012450273,0.0016729254,0.9929258,0.00075198954,0.0019917223,0.0011760507,0.0
SRR7081387,0.0018980558,0.98295534,0.003079863,0.0033205585,0.0017705733,0.0011426249,0.0058330595,0.0
ERR1383058,0.00023261091,0.0012634164,0.0016910693,0.9929735,0.00073370594,0.0019684178,0.0011372948,0.0
SRR6057212,0.0018980558,0.98295534,0.003079863,0.0033205585,0.0017705733,0.0011426249,0.0058330595,0.0
ERR719216,0.00023347161,0.0012584979,0.0016898062,0.99295366,0.0007385782,0.0019811625,0.0011448408,0.0
SRR996764,0.0002323735,0.001264163,0.0016921443,0.9929743,0.0007330533,0.0019682439,0.0011356913,0.0
ERR1583447,0.0018980558,0.98295534,0.003079863,0.0033205585,0.0017705733,0.0011426249,0.0058330595,0.0
SRR5180828,0.0018980558,0.98295534,0.003079863,0.0033205585,0.0017705733,0.0011426249,0.0058330595,0.0
ERR1583513,0.0018980558,0.98295534,0.003079863,0.0033205585,0.0017705733,0.0011426249,0.0058330595,0.0
DRR044157,0.00023447849,0.0012547559,0.001681386,0.9929554,0.00074177654,0.0019760085,0.0011561518,0.0
ERR531800,0.00024796856,0.0012001406,0.0016299667,0.9927813,0.0008050503,0.0020494433,0.0012862069,0.0
DRR099592,0.0018980558,0.98295534,0.003079863,0.0033205585,0.0017705733,0.0011426249,0.0058330595,0.0
DRR016090,0.0018980558,0.98295534,0.003079863,0.0033205585,0.0017705733,0.0011426249,0.0058330595,0.0
SRR2107178,0.80518234,0.020122897,0.04579698,0.006735234,0.00071538653,0.04844125,0.073005855,0.0
ERR466705,0.0076149562,0.003664752,0.0007275436,0.009513365,0.0012604605,0.9721047,0.0051141568,0.0
ERR1398252,0.00023986174,0.0012322362,0.0016990801,0.99280214,0.000771817,0.002075738,0.0011791417,0.0
ERR1385369,0.00023596112,0.0012473251,0.0016742146,0.9929317,0.0007500607,0.001988998,0.0011717747,0.0
SRR6265379,0.00023246263,0.0012640732,0.0016919947,0.9929739,0.0007332314,0.0019683025,0.0011359287,0.0
SRR7902198,0.0050000935,0.0036334568,0.009096714,0.0050869165,0.00084149075,0.00088847405,0.97545284,0.0
SRR8512715,0.0077368724,0.0044206306,0.0006555733,0.008529953,0.0015038435,0.9723845,0.0047686156,0.0
SRR5570752,0.0018980558,0.98295534,0.003079863,0.0033204993,0.0017705733,0.0011426249,0.0058330595,0.0
SRR2922988,0.0050000935,0.0036334568,0.009096714,0.0050869165,0.00084149075,0.00088847405,0.97545284,0.0
ERR2599245,0.0050000935,0.0036334568,0.009096714,0.0050869165,0.00084149075,0.00088847405,0.97545284,0.0
SRR5180057,0.0018980558,0.98295534,0.003079863,0.0033205585,0.0017705733,0.0011426249,0.0058330595,0.0
ERR720082,0.0002330584,0.0012606868,0.0016951838,0.9929523,0.0007368631,0.0019846996,0.0011372119,0.0
SRR8605454,0.0050000935,0.0036334568,0.009096714,0.0050869165,0.00084149075,0.00088847405,0.97545284,0.0
ERR1385104,0.00026408397,0.0011450776,0.001782775,0.99119127,0.0010153553,0.00329418,0.0013073048,0.0
ERR1424900,0.0018980558,0.98295534,0.003079863,0.0033205585,0.0017705733,0.0011426249,0.0058330595,0.0
SRR5803563,0.007879335,0.007841948,0.9407302,0.006737949,0.009433328,6.168039e-05,0.027315583,0.0
ERR330049,0.0018980558,0.98295534,0.003079863,0.0033205585,0.0017705733,0.0011426249,0.0058330595,0.0
SRR2897018,0.0076967496,0.00365495,0.00072715903,0.009294877,0.0012554454,0.9723436,0.0050273174,0.0
ERR923470,0.0050000935,0.0036334568,0.009096714,0.0050869165,0.00084149075,0.00088847405,0.97545284,0.0
ERR1583027,0.0018980558,0.98295534,0.003079863,0.0033205585,0.0017705733,0.0011426249,0.0058330595,0.0
SRR6444178,0.00024531753,0.0012153449,0.0016629125,0.9927473,0.00080120796,0.0020898983,0.0012380088,0.0
SRR4779938,0.0018980558,0.98295534,0.003079863,0.0033205585,0.0017705733,0.0011426249,0.0058330595,0.0
ERR1522446,0.0076967496,0.0036549794,0.00072715903,0.009294731,0.0012554748,0.9723436,0.005027259,0.0
SRR7633194,0.0021132529,0.314188,0.0025842735,0.0011688691,0.08748508,0.08817621,0.50428426,0.0
SRR8608322,0.0050000935,0.0036334568,0.009096714,0.0050869165,0.00084149075,0.00088847405,0.97545284,0.0
SRR7902063,0.0050000935,0.0036334568,0.009096714,0.0050869165,0.00084149075,0.00088847405,0.97545284,0.0
ERR2002382,0.00023246263,0.0012641029,0.0016920542,0.9929739,0.0007331422,0.001968362,0.0011358989,0.0
ERR1398241,0.00023611044,0.0012470903,0.0016754383,0.99292475,0.0007510442,0.0019940594,0.0011714207,0.0
ERR1582785,0.0018980558,0.98295534,0.003079863,0.0033205585,0.0017705733,0.0011426249,0.0058330595,0.0
SRR5180813,0.0018980558,0.98295534,0.003079863,0.0033205585,0.0017705733,0.0011426249,0.0058330595,0.0
ERR1712497,0.00023403343,0.0012574092,0.0016815725,0.9929671,0.0007392518,0.0019685817,0.0011520227,0.0
ERR924359,0.0050000935,0.0036334568,0.009096714,0.0050869165,0.00084149075,0.00088847405,0.97545284,0.0
ERR720178,0.00023824211,0.0012384426,0.0016577904,0.9929278,0.00075782405,0.001983834,0.0011960587,0.0
SRR2984281,0.0018980558,0.98295534,0.003079863,0.0033205585,0.0017705733,0.0011426249,0.0058330595,0.0
ERR731877,0.0002323735,0.001264163,0.0016921443,0.9929743,0.0007330533,0.0019682439,0.0011356913,0.0
SRR3926191,0.00023243293,0.0012641032,0.0016920547,0.9929741,0.00073305314,0.0019683328,0.0011358397,0.0
SRR1258260,0.0018980558,0.98295534,0.003079863,0.0033205585,0.0017705733,0.0011426249,0.0058330595,0.0
ERR1593493,0.007879335,0.007841948,0.9407302,0.006737949,0.009433328,6.168039e-05,0.027315583,0.0
ERR1298488,0.0050000935,0.0036334568,0.009096714,0.0050869165,0.00084149075,0.00088847405,0.97545284,0.0
ERR1522081,0.0076964824,0.003655124,0.00072710006,0.00929581,0.0012555913,0.9723418,0.0050281645,0.0
SRR5699452,0.00023249237,0.0012639541,0.0016918757,0.99297416,0.00073317194,0.001968243,0.0011361071,0.0
SRR6028574,0.0002575688,0.0011705079,0.0015843069,0.9926593,0.0008533788,0.0020904941,0.0013845142,0.0
ERR1582405,0.0018980558,0.98295534,0.003079863,0.0033205585,0.0017705733,0.0011426249,0.0058330595,0.0
SRR2090109,0.0018980558,0.98295534,0.003079863,0.0033205585,0.0017705733,0.0011426249,0.0058330595,0.0
ERR3005948,0.00023905055,0.001237132,0.0016667508,0.9928671,0.00076854887,0.002026323,0.0011950148,0.0
ERR451551,0.0002323735,0.001264163,0.0016921443,0.9929743,0.0007330533,0.0019682439,0.0011356913,0.0
SRR2897093,0.007696778,0.0036549496,0.0007271882,0.009294846,0.0012554453,0.9723435,0.0050272876,0.0
ERR543207,0.007879335,0.007841948,0.9407302,0.006737949,0.009433328,6.168039e-05,0.027315583,0.0
ERR488110,0.007696748,0.0036548614,0.00072715885,0.009295021,0.0012554452,0.97234356,0.0050272867,0.0
ERR894656,0.0050000935,0.0036334568,0.009096714,0.0050869165,0.00084149075,0.00088847405,0.97545284,0.0
ERR539011,0.007879335,0.007841948,0.9407302,0.006737949,0.009433328,6.168039e-05,0.027315583,0.0
ERR866597,0.00023281843,0.0012626094,0.0016899935,0.992972,0.0007344772,0.0019688879,0.0011392249,0.0
DRR047656,0.00023510051,0.0012512915,0.0016775004,0.99294835,0.00074515917,0.001978604,0.0011639914,0.0
SRR6265345,0.0002324922,0.001263864,0.0016918151,0.9929736,0.0007333499,0.00196845,0.0011363146,0.0
DRR030599,0.0002323735,0.001264163,0.0016921443,0.9929743,0.0007330533,0.0019682439,0.0011356913,0.0
ERR1583226,0.0018980558,0.98295534,0.003079863,0.0033205585,0.0017705733,0.0011426249,0.0058330595,0.0
ERR1854508,0.00769797,0.003655912,0.0007270995,0.009293664,0.001255766,0.9723396,0.005029947,0.0
SRR6299065,0.0002474594,0.0012190052,0.0016475086,0.99270284,0.00081970927,0.002110335,0.0012530904,0.0
SRR346817,0.00023385628,0.0012573567,0.0016862222,0.9929566,0.0007394939,0.0019770106,0.0011495008,0.0
SRR7663416,0.0018980558,0.98295534,0.003079863,0.0033205585,0.0017705733,0.0011426249,0.0058330595,0.0
ERR2739277,0.00023646338,0.0012471287,0.0016649402,0.9929575,0.00074862223,0.0019677323,0.0011776768,0.0
ERR3006002,0.00026460143,0.0011447133,0.0015310908,0.9926532,0.00087452255,0.0020532773,0.0014786463,0.0
ERR1529696,0.0002371239,0.0012650078,0.0016481181,0.99291116,0.00076642894,0.0019903,0.001181842,0.0
SRR1704245,0.0002323735,0.001264163,0.0016921443,0.9929743,0.0007330533,0.0019682439,0.0011356913,0.0
ERR1256822,0.007696748,0.0036548614,0.00072715885,0.009295021,0.0012554452,0.97234356,0.0050272867,0.0
SRR6265581,0.00023255161,0.0012637149,0.0016914278,0.99297386,0.0007334686,0.0019682408,0.00113679,0.0
ERR1256106,0.0009537611,0.0012153968,0.00462349,0.20638771,0.0043275813,0.78151214,0.0009799376,0.0
ERR1582407,0.0018980558,0.98295534,0.003079863,0.0033205585,0.0017705733,0.0011426249,0.0058330595,0.0
SRR2059890,0.007879335,0.007841948,0.9407302,0.006737949,0.009433328,6.168039e-05,0.027315583,0.0
SRR994652,0.0002323735,0.001264163,0.0016921443,0.9929743,0.0007330533,0.0019682439,0.0011356913,0.0
SRR7449213,0.0002324329,0.001264103,0.0016921734,0.99297404,0.0007331125,0.0019682432,0.0011358396,0.0
ERR1971283,0.00024198367,0.0012226778,0.0016565591,0.9928394,0.0007796359,0.002034822,0.0012248787,0.0
ERR833154,0.0050000935,0.0036334568,0.009096714,0.0050869165,0.00084149075,0.00088847405,0.97545284,0.0
SRR6745418,0.0018980558,0.98295534,0.003079863,0.0033205585,0.0017705733,0.0011426249,0.0058330595,0.0
ERR526046,0.00023261082,0.0012633861,0.0016910688,0.99297327,0.0007338247,0.001968447,0.0011374431,0.0
ERR1897144,0.0018980558,0.98295534,0.003079863,0.0033205585,0.0017705733,0.0011426249,0.0058330595,0.0
SRR3884329,0.0018980555,0.9829552,0.0030798626,0.003320558,0.0017706321,0.0011427132,0.0058329706,0.0
SRR5868836,0.0002323735,0.001264163,0.0016921443,0.9929743,0.0007330533,0.0019682439,0.0011356913,0.0
ERR2836132,0.0077590626,0.0036700692,0.0007261766,0.009270576,0.0012832194,0.97215533,0.0051356014,0.0
ERR1385197,0.00023409349,0.0012559249,0.0016843427,0.99295247,0.00074103824,0.0019799192,0.0011522932,0.0
ERR2133892,0.007696748,0.0036548614,0.00072715885,0.009295021,0.0012554452,0.97234356,0.0050272867,0.0
SRR6764929,0.0050000935,0.0036334568,0.009096714,0.0050869165,0.00084149075,0.00088847405,0.97545284,0.0
SRR3951212,0.0002324627,0.0012641033,0.0016920846,0.9929742,0.0007330532,0.0019682436,0.00113581,0.0
SRR5902396,0.0018980558,0.98295534,0.003079863,0.0033205585,0.0017705733,0.0011426249,0.0058330595,0.0
SRR6757699,0.00022720684,0.0013347062,0.0017121148,0.99275976,0.0007166715,0.0021072868,0.0011422529,0.0
ERR1385068,0.00023739428,0.0012425052,0.0016871621,0.99286854,0.00076036964,0.0020333335,0.0011706712,0.0
SRR3130565,0.0018980558,0.98295534,0.003079863,0.0033205585,0.0017705733,0.0011426249,0.0058330595,0.0
SRR6264377,0.00023249217,0.0012637449,0.0016916959,0.992973,0.00073349854,0.001968866,0.0011366119,0.0
ERR1905729,0.0050000935,0.0036334568,0.009096714,0.0050869165,0.00084149075,0.00088847405,0.97545284,0.0
ERR1384688,0.00023412464,0.0012553674,0.0016874762,0.9929412,0.0007423515,0.0019887357,0.0011507237,0.0
ERR1383983,0.00022174987,0.0010457995,0.0023854442,0.9844844,0.0012588492,0.009353314,0.001250535,0.0
SRR2168264,0.0018980558,0.98295534,0.003079863,0.0033205585,0.0017705733,0.0011426249,0.0058330595,0.0
SRR5082684,0.0076968046,0.003654919,0.00072718796,0.009294931,0.0012555034,0.9723432,0.0050274027,0.0
ERR2495713,0.0050000935,0.0036334568,0.009096714,0.0050869165,0.00084149075,0.00088847405,0.97545284,0.0
ERR2538293,0.0077010766,0.003656602,0.0007270091,0.009292284,0.0012567281,0.9723339,0.0050323894,0.0
ERR499774,0.00024189302,0.0012425086,0.0016203829,0.99289966,0.0007815646,0.0019828805,0.0012310877,0.0
SRR1426467,0.0076857014,0.0036570837,0.0007272518,0.009308941,0.0012550732,0.9723343,0.0050317156,0.0
SRR7453248,0.00023258147,0.0012637154,0.0016919342,0.9929729,0.000733469,0.0019690152,0.0011364337,0.0
ERR2271674,0.0018980558,0.98295534,0.003079863,0.0033205585,0.0017705733,0.0011426249,0.0058330595,0.0
SRR062243,0.0018980558,0.98295534,0.003079863,0.0033205585,0.0017705733,0.0011426249,0.0058330595,0.0
ERR488122,0.007696748,0.0036548614,0.00072715885,0.009295021,0.0012554452,0.97234356,0.0050272867,0.0
SRR3884387,0.0018980558,0.98295534,0.003079863,0.0033205585,0.0017705733,0.0011426249,0.0058330595,0.0
ERR501364,0.0002325222,0.0012641033,0.0016920846,0.9929742,0.00073308294,0.0019682436,0.0011357804,0.0
ERR2538357,0.0002323735,0.001264163,0.0016921443,0.9929743,0.0007330533,0.0019682439,0.0011356913,0.0
SRR6264706,0.00023338188,0.0012587332,0.0016882558,0.99295783,0.0007382494,0.0019779457,0.001145582,0.0
ERR1523580,0.0024108205,0.017840937,0.00057473173,0.013516525,0.0018410983,0.9580408,0.0057751066,0.0
ERR309718,0.0077250563,0.003649398,0.0007276947,0.009324924,0.0012622044,0.97224647,0.0050643696,0.0
ERR1548811,0.0025430426,0.037592486,0.07864323,0.035613455,0.80538297,0.0066033276,0.03362147,0.0
SRR6394106,0.00023246263,0.0012640137,0.0016919947,0.9929741,0.0007331422,0.001968243,0.001136018,0.0
ERR365963,0.00023619906,0.0012460162,0.0016750174,0.9929229,0.00075172633,0.0019948573,0.0011733213,0.0
ERR2219311,0.0025428473,0.03759953,0.07864409,0.03560579,0.80538106,0.006604061,0.03362268,0.0
ERR1583243,0.0018980558,0.98295534,0.003079863,0.0033205585,0.0017705733,0.0011426249,0.0058330595,0.0
ERR924492,0.0050000935,0.0036334568,0.009096714,0.0050869165,0.00084149075,0.00088847405,0.97545284,0.0
SRR1929533,0.0018980558,0.98295534,0.003079863,0.0033205585,0.0017705733,0.0011426249,0.0058330595,0.0
ERR866734,0.007695521,0.0036551266,0.00072712987,0.009296988,0.0012555043,0.97234184,0.0050280215,0.0
SRR346821,0.00023284824,0.0012621338,0.0016907674,0.99296814,0.0007349235,0.0019717736,0.0011393739,0.0
ERR2738691,0.00023269984,0.0012630875,0.001690502,0.99297327,0.0007340322,0.0019682366,0.0011381857,0.0
SRR593520,0.007879335,0.007841948,0.9407302,0.006737949,0.009433328,6.168039e-05,0.027315583,0.0
SRR2090125,0.0018980558,0.98295534,0.003079863,0.0033205585,0.0017705733,0.0011426249,0.0058330595,0.0
DRR044102,0.000234775,0.0012529959,0.0016812602,0.99294764,0.00074379623,0.001980135,0.0011593596,0.0
SRR3884196,0.0018980558,0.98295534,0.003079863,0.0033205585,0.0017705733,0.0011426249,0.0058330595,0.0
ERR1897038,0.0018980558,0.98295534,0.003079863,0.0033205585,0.0017705733,0.0011426249,0.0058330595,0.0
ERR501348,0.00023237347,0.0012641033,0.0016921441,0.9929742,0.00073308294,0.0019682436,0.0011357804,0.0
ERR695435,0.007696748,0.0036548614,0.00072715885,0.009295021,0.0012554452,0.97234356,0.0050272867,0.0
ERR1912974,0.00024726044,0.001213459,0.0016833519,0.9926779,0.00081283937,0.0021345064,0.0012306509,0.0
ERR2210908,0.0050000935,0.0036334568,0.009096714,0.0050869165,0.00084149075,0.00088847405,0.97545284,0.0
SRR1784249,0.007879335,0.007841948,0.9407302,0.006737949,0.009433328,6.168039e-05,0.027315583,0.0
ERR1467058,0.00023237347,0.0012641628,0.0016921441,0.9929742,0.0007330532,0.0019682436,0.00113581,0.0
SRR8605764,0.0050000935,0.0036334568,0.009096714,0.0050869165,0.00084149075,0.00088847405,0.97545284,0.0
SRR6975907,0.0018980558,0.98295534,0.003079863,0.0033205585,0.0017705733,0.0011426249,0.0058330595,0.0
ERR1315666,0.00023249222,0.0012637749,0.0016916962,0.9929739,0.00073332025,0.0019682418,0.0011364337,0.0
ERR2600142,0.0050000935,0.0036334568,0.009096714,0.0050869165,0.00084149075,0.00088847405,0.97545284,0.0
ERR2247380,0.00028014893,0.0011394467,0.0016458973,0.99215215,0.00097032264,0.0023298864,0.0014822144,0.0
ERR765943,0.0050000935,0.0036334568,0.009096714,0.0050869165,0.00084149075,0.00088847405,0.97545284,0.0
SRR6411999,0.00023258141,0.0012638341,0.0016916959,0.99297374,0.0007333498,0.00196839,0.0011364334,0.0
SRR1632403,0.0002323735,0.001264163,0.0016921443,0.9929743,0.0007330533,0.0019682439,0.0011356913,0.0
ERR1690985,0.0050000935,0.0036334568,0.009096714,0.0050869165,0.00084149075,0.00088847405,0.97545284,0.0
SRR2097741,0.0018980558,0.98295534,0.003079863,0.0033205585,0.0017705733,0.0011426249,0.0058330595,0.0
SRR6451799,0.00024644707,0.0012062138,0.0016045081,0.99288774,0.00078974885,0.0019797548,0.0012854979,0.0
DRR042015,0.00023655515,0.0012446435,0.0016769746,0.9929187,0.0007524375,0.0019956236,0.0011750422,0.0
SRR062172,0.0018980558,0.98295534,0.003079863,0.0033205585,0.0017705733,0.0011426249,0.0058330595,0.0
SRR3503248,0.00023237347,0.0012641033,0.0016921441,0.9929742,0.0007330532,0.0019682436,0.00113581,0.0
SRR7448812,0.00023252214,0.0012640435,0.0016920544,0.9929741,0.0007331125,0.0019682432,0.0011358991,0.0
ERR1263824,0.0076997317,0.0036530467,0.00072679593,0.0093213525,0.001257827,0.9722978,0.0050435215,0.0
ERR2511702,0.00023246265,0.0012640138,0.0016919652,0.99297416,0.000733172,0.0019682432,0.0011359288,0.0
SRR7303139,0.007714178,0.0036358607,0.0007278692,0.009379063,0.0012601814,0.9722565,0.005026404,0.0
ERR330054,0.0018980558,0.98295534,0.003079863,0.0033205585,0.0017705733,0.0011426249,0.0058330595,0.0
ERR2011918,0.0043581286,0.000872562,0.007034375,0.6114101,0.07547477,0.0017163994,0.29913363,0.0
SRR1704586,0.00023243295,0.0012641033,0.0016920846,0.9929742,0.0007331424,0.0019682436,0.0011357209,0.0
ERR1811308,0.00023905328,0.0012346179,0.0016807198,0.9928528,0.00076701096,0.0020375003,0.0011882171,0.0
SRR1630972,0.0002323735,0.001264163,0.0016921443,0.9929743,0.0007330533,0.0019682439,0.0011356913,0.0
ERR2511277,0.00024094607,0.001226264,0.0016636313,0.99285126,0.0007741147,0.0020297945,0.0012140101,0.0
ERR924106,0.016476337,0.0013164763,0.0076409383,0.045518868,0.012441557,0.0010030973,0.9156026,0.0
ERR1315053,0.00023249217,0.0012637746,0.0016915471,0.99297386,0.0007334093,0.0019683307,0.0011366416,0.0
ERR209889,0.0001962561,0.0011883355,0.0024692805,0.98624665,0.0009754198,0.00782573,0.0010983737,0.0
ERR1513364,0.007697844,0.0036561713,0.0007269815,0.00929459,0.0012560281,0.9723386,0.005029853,0.0
ERR1690947,0.0050000935,0.0036334568,0.009096714,0.0050869165,0.00084149075,0.00088847405,0.97545284,0.0
SRR7453378,0.0002324627,0.0012640735,0.0016920846,0.9929742,0.0007331424,0.0019682436,0.0011357209,0.0
ERR1263901,0.0076994486,0.0036553915,0.00072745234,0.009291045,0.0012557684,0.9723409,0.005030015,0.0
ERR579582,0.00023290748,0.0012624299,0.0016896054,0.99297214,0.0007345955,0.0019685887,0.0011396998,0.0
SRR6419788,0.0018980558,0.98295534,0.003079863,0.0033205585,0.0017705733,0.0011426249,0.0058330595,0.0
ERR1226331,0.0050000935,0.0036334568,0.009096714,0.0050869165,0.00084149075,0.00088847405,0.97545284,0.0
ERR538556,0.007879335,0.007841948,0.9407302,0.006737949,0.009433328,6.168039e-05,0.027315583,0.0
SRR5180920,0.0018980558,0.98295534,0.003079863,0.0033205585,0.0017705733,0.0011426249,0.0058330595,0.0
SRR3144715,0.0018980558,0.98295534,0.003079863,0.0033205585,0.0017705733,0.0011426249,0.0058330595,0.0
SRR6931585,0.0002323735,0.001264163,0.0016921443,0.9929743,0.0007330533,0.0019682439,0.0011356913,0.0
ERR500508,0.00023246263,0.0012641029,0.0016920542,0.9929739,0.0007332017,0.001968362,0.0011358692,0.0
SRR6078503,0.0018980558,0.98295534,0.003079863,0.0033205585,0.0017705733,0.0011426249,0.0058330595,0.0
SRR5983329,0.00023385756,0.0012566794,0.0016888191,0.99294657,0.0007405985,0.0019855285,0.0011479604,0.0
SRR2097739,0.0018980558,0.98295534,0.003079863,0.0033205585,0.0017705733,0.0011426249,0.0058330595,0.0
ERR522427,0.00026430376,0.0012058152,0.0017913524,0.9923574,0.0008535292,0.0022473552,0.0012803236,0.0
ERR1725560,0.0050000935,0.0036334568,0.009096714,0.0050869165,0.00084149075,0.00088847405,0.97545284,0.0
SRR1623140,0.0018980553,0.9829552,0.0030798032,0.0033205575,0.0017706908,0.0011426837,0.005833029,0.0
ERR418260,0.0076381043,0.0036736699,0.00072806753,0.0093687475,0.0012539153,0.9722697,0.0050677974,0.0
SRR2163530,0.00023979471,0.0012336251,0.0016880811,0.9928458,0.0007671825,0.0020342695,0.0011913294,0.0
ERR1256787,0.007696748,0.0036549198,0.0007271295,0.0092949625,0.0012554452,0.97234344,0.0050273747,0.0
ERR1383626,0.00023275935,0.0012618979,0.0016915731,0.9929649,0.0007352816,0.001974543,0.0011390187,0.0
SRR1747685,0.0018980558,0.98295534,0.003079863,0.0033205585,0.0017705733,0.0011426249,0.0058330595,0.0
SRR5486563,0.0018980558,0.98295534,0.003079863,0.0033205585,0.0017705733,0.0011426249,0.0058330595,0.0
DRR047852,0.00024254534,0.0012206082,0.0016567735,0.99284184,0.00077959517,0.0020280122,0.0012305719,0.0
ERR1256473,0.007696748,0.0036548614,0.00072715885,0.009295021,0.0012554452,0.97234356,0.0050272867,0.0
SRR6028173,0.00023699677,0.0012445602,0.0016621896,0.99295014,0.0007512631,0.0019714336,0.0011834372,0.0
SRR747838,0.0050000935,0.0036334568,0.009096714,0.0050869165,0.00084149075,0.00088847405,0.97545284,0.0
SRR7270435,0.00786873,0.0037622603,0.0007264921,0.0090622315,0.0012867515,0.9720574,0.0052361554,0.0
ERR1844993,0.007879335,0.007841948,0.9407302,0.006737949,0.009433328,6.168039e-05,0.027315583,0.0
ERR1897442,0.0018980558,0.98295534,0.003079863,0.0033205585,0.0017705733,0.0011426249,0.0058330595,0.0
ERR1513337,0.007696748,0.0036550078,0.00072715885,0.009294845,0.0012554452,0.97234356,0.0050272574,0.0
SRR1027868,0.007879335,0.007841948,0.9407302,0.006737949,0.009433328,6.168039e-05,0.027315583,0.0
SRR6038359,0.00023246265,0.001263984,0.0016919652,0.9929741,0.00073320174,0.0019682432,0.0011359883,0.0
SRR388048,0.0002324627,0.0012641033,0.0016920846,0.99297416,0.0007331127,0.0019682734,0.0011357804,0.0
SRR6444252,0.000237807,0.0012420396,0.0016774391,0.9928755,0.00076217216,0.0020258955,0.0011791004,0.0
SRR2443036,0.0014303034,0.9183664,0.018966122,0.0003260885,0.008741457,0.0005369818,0.051632628,0.0
ERR1725407,0.0050000935,0.0036334568,0.009096714,0.0050869165,0.00084149075,0.00088847405,0.97545284,0.0
ERR1594297,0.007879335,0.007841948,0.9407302,0.006737949,0.009433328,6.168039e-05,0.027315583,0.0
SRR3400395,0.0002323735,0.001264163,0.0016921443,0.9929743,0.0007330533,0.0019682439,0.0011356913,0.0
DRR050843,0.00023379923,0.001257013,0.0016926053,0.9929418,0.00074036425,0.001989108,0.001145289,0.0
ERR1308128,0.0001268462,0.0015257404,0.0039798883,0.95029765,0.0010419466,0.04195574,0.0010722652,0.0
ERR1876223,0.00016063453,0.0026610794,0.003567815,0.8880551,0.0010939838,0.074567385,0.0011703969,0.028723659
ERR719319,0.00023314502,0.0012605537,0.0016902568,0.99296176,0.0007364979,0.0019758432,0.0011418692,0.0
ERR441069,0.00023246263,0.0012640732,0.0016920245,0.992974,0.00073311245,0.001968362,0.0011359585,0.0
ERR1263439,0.007699802,0.0036535193,0.0007270662,0.009301872,0.0012568134,0.97232765,0.005033258,0.0
ERR1428537,0.0050000935,0.0036334568,0.009096714,0.0050869165,0.00084149075,0.00088847405,0.97545284,0.0
SRR8608345,0.0050000935,0.0036334568,0.009096714,0.0050869165,0.00084149075,0.00088847405,0.97545284,0.0
ERR2210869,0.0050000935,0.0036334568,0.009096714,0.0050869165,0.00084149075,0.00088847405,0.97545284,0.0
SRR2984249,0.0018980558,0.98295534,0.003079863,0.0033205585,0.0017705733,0.0011426249,0.0058330595,0.0
ERR719169,0.00023525415,0.0012503361,0.0016918132,0.99291533,0.0007473164,0.002004018,0.0011560144,0.0
ERR1256114,0.007696748,0.0036548614,0.00072715885,0.009295021,0.0012554452,0.97234356,0.0050272867,0.0
SRR1998994,0.0050000935,0.0036334568,0.009096714,0.0050869165,0.00084149075,0.00088847405,0.97545284,0.0
ERR647608,0.0050000935,0.0036334568,0.009096714,0.0050869165,0.00084149075,0.00088847405,0.97545284,0.0
SRR935543,0.00023323348,0.0012609956,0.0016875444,0.99297,0.00073598983,0.0019691736,0.0011431148,0.0
SRR618720,0.007879335,0.007841948,0.9407302,0.006737949,0.009433328,6.168039e-05,0.027315583,0.0
SRR618531,0.007879335,0.007841948,0.9407302,0.006737949,0.009433328,6.168039e-05,0.027315583,0.0
SRR5313409,0.0018980558,0.98295534,0.003079863,0.0033205585,0.0017705733,0.0011426249,0.0058330595,0.0
SRR3884209,0.0018980558,0.98295534,0.003079863,0.0033205585,0.0017705733,0.0011426249,0.0058330595,0.0
SRR4054824,0.0018980558,0.98295534,0.003079863,0.0033205585,0.0017705733,0.0011426249,0.0058330595,0.0
ERR2738934,0.00024363327,0.0012180771,0.0016194534,0.9929182,0.0007768487,0.0019697654,0.0012540333,0.0
ERR106986,0.00023979106,0.0012319407,0.0016760093,0.9928604,0.00076761696,0.0020255533,0.0011986876,0.0
SRR5869907,0.0002323735,0.001264163,0.0016921443,0.9929743,0.0007330533,0.0019682439,0.0011356913,0.0
SRR5595800,0.0018980558,0.98295534,0.003079863,0.0033205585,0.0017705733,0.0011426249,0.0058330595,0.0
ERR1593478,0.007879335,0.007841948,0.9407302,0.006737949,0.009433328,6.168039e-05,0.027315583,0.0
ERR1522751,0.0018980558,0.98295534,0.003079863,0.0033205585,0.0017705733,0.0011426249,0.0058330595,0.0
ERR1256343,0.00014769807,0.000873988,0.0038497336,0.9675423,0.0012923582,0.025361352,0.0009325498,0.0
SRR6746535,0.0018980558,0.98295534,0.003079863,0.0033205585,0.0017705733,0.0011426249,0.0058330595,0.0
ERR542955,0.007879335,0.007841948,0.9407302,0.006737949,0.009433328,6.168039e-05,0.027315583,0.0
SRR980659,0.007879335,0.007841948,0.9407302,0.006737949,0.009433328,6.168039e-05,0.027315583,0.0
SRR6265623,0.0002616982,0.0011702073,0.0016638356,0.9924763,0.0008744289,0.0022017146,0.00135182,0.0
SRR1617765,0.00023249231,0.0012639539,0.0016918754,0.9929739,0.00073323125,0.0019683319,0.0011361961,0.0
SRR5178669,0.0018979969,0.98295534,0.0030798924,0.0033204993,0.0017706323,0.0011426249,0.0058330004,0.0
SRR1713806,0.0019358993,0.002293408,0.0033544898,0.55056137,0.007378489,0.4003049,0.0015111268,0.032660365
ERR2835957,0.007848839,0.003810607,0.00071816624,0.009121511,0.0013461554,0.97201365,0.0051411227,0.0
ERR1905567,0.0050000935,0.0036334568,0.009096714,0.0050869165,0.00084149075,0.00088847405,0.97545284,0.0
SRR996893,0.0002323735,0.001264163,0.0016921443,0.9929743,0.0007330533,0.0019682439,0.0011356913,0.0
SRR5983370,0.00023939699,0.0012338061,0.0016487134,0.99292785,0.0007619421,0.0019791818,0.0012090901,0.0
ERR986129,0.0077004456,0.0036539861,0.0007276574,0.009293097,0.0012560907,0.97233903,0.005029752,0.0
SRR6411525,0.00023284812,0.0012625199,0.0016900824,0.9929714,0.0007345365,0.0019691847,0.0011393734,0.0
SRR6457433,0.0018980558,0.98295534,0.003079863,0.0033205585,0.0017705733,0.0011426249,0.0058330595,0.0
ERR866592,0.00023379717,0.0012572695,0.0016870578,0.9929543,0.0007396141,0.0019791853,0.0011487592,0.0
ERR1583117,0.0018980558,0.98295534,0.003079863,0.0033205585,0.0017705733,0.0011426249,0.0058330595,0.0
SRR1359915,0.0018980558,0.98295534,0.003079863,0.0033205585,0.0017705733,0.0011426249,0.0058330595,0.0
ERR441564,0.00023255167,0.0012639234,0.0016916959,0.99297374,0.00073337957,0.001968301,0.001136374,0.0
ERR1384036,0.00024242439,0.0012208065,0.001645696,0.99285835,0.0007792616,0.0020188647,0.0012346661,0.0
ERR2511328,0.00023492327,0.0012524284,0.0016791153,0.9929485,0.00074418145,0.001980042,0.0011608148,0.0
SRR3419416,0.0002580657,0.0011864123,0.0017127449,0.99250996,0.0008484613,0.0021935734,0.0012908342,0.0
SRR6411833,0.00023246265,0.0012640435,0.0016919652,0.99297416,0.0007331125,0.0019682432,0.0011359883,0.0
SRR2037063,0.007879335,0.007841948,0.9407302,0.006737949,0.009433328,6.168039e-05,0.027315583,0.0
ERR1310318,0.00023353005,0.0012592954,0.0016864076,0.99296445,0.00073756353,0.001972676,0.0011461445,0.0
ERR1428711,0.0050000935,0.0036334568,0.009096714,0.0050869165,0.00084149075,0.00088847405,0.97545284,0.0
DRR047744,0.00023708944,0.0012427043,0.0016767883,0.99291056,0.0007545756,0.0019994215,0.0011788738,0.0
SRR1948790,0.00023243293,0.0012641032,0.0016921737,0.992974,0.0007331126,0.0019683328,0.0011358099,0.0
ERR543437,0.007879335,0.007841948,0.9407302,0.006737949,0.009433328,6.168039e-05,0.027315583,0.0
SRR6038246,0.00026113223,0.0011536437,0.0015201148,0.99278116,0.00084910344,0.0019833026,0.0014515837,0.0
SRR1786046,0.0018980558,0.98295534,0.003079863,0.0033205585,0.0017705733,0.0011426249,0.0058330595,0.0
SRR4826758,0.0018980558,0.98295534,0.003079863,0.0033205585,0.0017705733,0.0011426249,0.0058330595,0.0
ERR2260406,0.80352676,0.0229807,0.045323145,0.0063365027,0.00072548236,0.04713738,0.07396995,0.0
SRR6411921,0.00023400396,0.001257262,0.0016830915,0.9929628,0.0007394311,0.0019718262,0.0011515482,0.0
SRR5786408,0.0018980558,0.98295534,0.003079863,0.0033205585,0.0017705733,0.0011426249,0.0058330595,0.0
SRR3741944,0.0018980558,0.98295534,0.003079863,0.0033205585,0.0017705733,0.0011426249,0.0058330595,0.0
ERR1466889,0.00023317513,0.0012598417,0.0016918954,0.9929564,0.0007372427,0.001979713,0.0011418115,0.0
SRR6975992,0.0018980558,0.98295534,0.003079863,0.0033205585,0.0017705733,0.0011426249,0.0058330595,0.0
SRR5467871,0.000232522,0.0012638345,0.0016918154,0.99297327,0.0007333203,0.0019688073,0.0011364041,0.0
ERR1384210,0.00023406385,0.0012556578,0.0016845815,0.99295044,0.00074142526,0.0019814074,0.0011524424,0.0
SRR6408965,0.000232522,0.0012638049,0.0016917858,0.99297374,0.0007333203,0.0019684504,0.0011363743,0.0
ERR1297959,0.0050000935,0.0036334568,0.009096714,0.0050869165,0.00084149075,0.00088847405,0.97545284,0.0
ERR2739033,0.00023249228,0.0012639537,0.0016917859,0.992974,0.0007333204,0.0019682422,0.0011362258,0.0
ERR1255920,0.0011558982,0.002624366,0.0026223098,0.11560163,0.0022135025,0.87342525,0.0023570287,0.0
ERR2738860,0.00023960527,0.0012357398,0.0016447285,0.99292845,0.0007636377,0.0019771897,0.0012106966,0.0
ERR441055,0.00023243293,0.0012641032,0.0016921142,0.99297416,0.00073314237,0.0019682434,0.0011358099,0.0
SRR6932348,0.0002323735,0.001264163,0.0016921443,0.9929743,0.0007330533,0.0019682439,0.0011356913,0.0
SRR6411925,0.00023284796,0.0012622811,0.0016896052,0.99297166,0.00073477393,0.0019689156,0.001139908,0.0
ERR1582912,0.0018980558,0.98295534,0.003079863,0.0033205585,0.0017705733,0.0011426249,0.0058330595,0.0
SRR3633440,0.0018980558,0.98295534,0.003079863,0.0033205585,0.0017705733,0.0011426249,0.0058330595,0.0
SRR6663560,0.0018980558,0.98295534,0.003079863,0.0033205585,0.0017705733,0.0011426249,0.0058330595,0.0
SRR6444633,0.00023507305,0.00125056,0.0016829601,0.9929301,0.00074686186,0.0019933768,0.0011609688,0.0
SRR5823449,0.0018980558,0.98295534,0.003079863,0.0033205585,0.0017705733,0.0011426249,0.0058330595,0.0
SRR7270017,0.007696748,0.0036548614,0.00072715885,0.009295021,0.0012554452,0.97234356,0.0050272867,0.0
SRR618693,0.007879335,0.007841948,0.9407302,0.006737949,0.009433328,6.168039e-05,0.027315583,0.0
ERR1691682,0.0050000935,0.0036334568,0.009096714,0.0050869165,0.00084149075,0.00088847405,0.97545284,0.0
SRR5590514,0.0018980558,0.98295534,0.003079863,0.0033205585,0.0017705733,0.0011426249,0.0058330595,0.0
SRR3094713,0.00023616695,0.0012476397,0.0016678622,0.99295235,0.00074829825,0.001972589,0.0011750942,0.0
DRR044321,0.0002324624,0.0012636555,0.001691666,0.9929735,0.00073343894,0.001968598,0.0011366713,0.0
SRR994715,0.0002323735,0.001264163,0.0016921443,0.9929743,0.0007330533,0.0019682439,0.0011356913,0.0
SRR1158610,0.0018980558,0.98295534,0.003079863,0.0033205585,0.0017705733,0.0011426249,0.0058330595,0.0
DRR048224,0.00023575318,0.0012486947,0.0016756441,0.99294037,0.00074777124,0.001982397,0.0011694261,0.0
SRR5591485,0.0018980558,0.98295534,0.003079863,0.0033205585,0.0017705733,0.0011426249,0.0058330595,0.0
SRR1461302,0.00024595857,0.0015814304,0.0022757947,0.9786825,0.001211971,0.012746185,0.001587987,0.0016680956
SRR5465778,0.0018980558,0.98295534,0.003079863,0.0033205585,0.0017705733,0.0011426249,0.0058330595,0.0
SRR8485004,0.00023415821,0.0012567561,0.0016928877,0.99292684,0.0007435832,0.0020010234,0.0011447635,0.0
SRR882140,0.0018980555,0.9829553,0.0030798921,0.003320558,0.0017705731,0.0011426248,0.005833059,0.0
SRR6764655,0.0050000935,0.0036334568,0.009096714,0.0050869165,0.00084149075,0.00088847405,0.97545284,0.0
ERR1759960,0.0002323735,0.001264163,0.0016921443,0.9929743,0.0007330533,0.0019682439,0.0011356913,0.0
SRR5156186,0.00036712666,0.0008902117,0.0011071947,0.9914524,0.0012737738,0.0019486638,0.0029605986,0.0
ERR501293,0.000762762,0.0020821686,0.004039852,0.4250479,0.0027792978,0.5647182,0.0005698485,0.0
ERR1548884,0.0025429153,0.037591342,0.078646705,0.035610422,0.8053833,0.0066043963,0.03362083,0.0
ERR908071,0.007872642,0.0034541765,0.00075798394,0.011211342,0.0013902178,0.96991235,0.005401371,0.0
SRR1246249,0.007879335,0.007842007,0.94073015,0.00673789,0.009433358,6.168039e-05,0.027315613,0.0
SRR8608447,0.0050000935,0.0036334568,0.009096714,0.0050869165,0.00084149075,0.00088847405,0.97545284,0.0
ERR867140,0.0002392856,0.0012340236,0.0016651838,0.992873,0.00076773646,0.0020212124,0.0011995212,0.0
ERR1263206,0.0028446217,0.0015000191,0.0025951872,0.068523794,0.0035903938,0.91944194,0.0015040858,0.0
ERR500190,0.00023252217,0.0012640734,0.0016921439,0.9929741,0.00073314237,0.0019682434,0.0011357208,0.0
SRR640694,0.007879335,0.007841948,0.9407302,0.006737949,0.009433328,6.168039e-05,0.027315583,0.0
ERR209850,0.00023278875,0.0012620445,0.0016906186,0.99296755,0.00073507224,0.001972309,0.0011395821,0.0
SRR5915673,0.0018980558,0.98295534,0.003079863,0.0033205585,0.0017705733,0.0011426249,0.0058330595,0.0
ERR1103062,0.0018980558,0.98295534,0.003079863,0.0033205585,0.0017705733,0.0011426249,0.0058330595,0.0
ERR924300,0.0050000935,0.0036334568,0.009096714,0.0050869165,0.00084149075,0.00088847405,0.97545284,0.0
ERR567265,0.007697599,0.0036551843,0.0007272176,0.009293764,0.0012554161,0.97234297,0.0050279326,0.0
ERR542894,0.007879335,0.007841948,0.9407302,0.006737949,0.009433328,6.168039e-05,0.027315583,0.0
SRR5180418,0.0018980558,0.98295534,0.003079863,0.0033205585,0.0017705733,0.0011426249,0.0058330595,0.0
SRR8610181,0.0050000935,0.0036334568,0.009096714,0.0050869165,0.00084149075,0.00088847405,0.97545284,0.0
SRR3951055,0.0002330269,0.001260945,0.0016926725,0.9929598,0.0007362032,0.001977546,0.0011397912,0.0
SRR1622872,0.00023237347,0.0012641033,0.0016921441,0.9929742,0.00073308294,0.0019682436,0.0011357804,0.0
ERR990611,0.00764324,0.0036668936,0.00072807126,0.009350167,0.0012524865,0.9723208,0.005038299,0.0
ERR1677194,0.0050000935,0.0036334568,0.009096714,0.0050869165,0.00084149075,0.00088847405,0.97545284,0.0
SRR2143708,0.00023308514,0.001261444,0.0016878743,0.9929719,0.0007354556,0.0019681952,0.0011421053,0.0
ERR532167,0.00023762744,0.0012408441,0.0016784724,0.992881,0.00076050294,0.0020220194,0.001179541,0.0
ERR2599180,0.0050000935,0.0036334568,0.009096714,0.0050869165,0.00084149075,0.00088847405,0.97545284,0.0
ERR1383797,0.00023536936,0.0012496319,0.0016804831,0.9929297,0.00074786955,0.0019928613,0.0011640863,0.0
ERR1690682,0.0050000935,0.0036334568,0.009096714,0.0050869165,0.00084149075,0.00088847405,0.97545284,0.0
SRR5165830,0.0070136823,0.004557615,0.0006716887,0.009586105,0.0014888141,0.9718659,0.004816183,0.0
SRR4785151,0.0018980558,0.98295534,0.003079863,0.0033205585,0.0017705733,0.0011426249,0.0058330595,0.0
ERR1109468,0.0002323735,0.001264163,0.0016921443,0.9929743,0.0007330533,0.0019682439,0.0011356913,0.0
SRR1632448,0.0002323735,0.001264163,0.0016921443,0.9929743,0.0007330533,0.0019682439,0.0011356913,0.0
ERR1428825,0.0050000935,0.0036334568,0.009096714,0.0050869165,0.00084149075,0.00088847405,0.97545284,0.0
SRR8608595,0.0050000935,0.0036334568,0.009096714,0.0050869165,0.00084149075,0.00088847405,0.97545284,0.0
SRR3633417,0.0018980558,0.98295534,0.003079863,0.0033205585,0.0017705733,0.0011426249,0.0058330595,0.0
SRR1649657,0.0018980558,0.98295534,0.003079863,0.0033205585,0.0017705733,0.0011426249,0.0058330595,0.0
ERR1313310,0.00023264046,0.001263207,0.0016907705,0.99297315,0.0007338838,0.0019685351,0.0011378888,0.0
SRR6413922,0.0002323735,0.001264163,0.0016921443,0.9929743,0.0007330533,0.0019682439,0.0011356913,0.0
ERR1896909,0.003754139,0.35452384,0.0005028546,0.0031055808,0.0019240379,0.48765972,0.0076797307,0.14085007
ERR1583442,0.0018980558,0.98295534,0.003079863,0.0033205585,0.0017705733,0.0011426249,0.0058330595,0.0
SRR6823526,0.0018980558,0.98295534,0.003079863,0.0033205585,0.0017705733,0.0011426249,0.0058330595,0.0
SRR6511232,0.0018980558,0.98295534,0.003079863,0.0033205585,0.0017705733,0.0011426249,0.0058330595,0.0
ERR498736,0.00023866036,0.0012358943,0.0016637518,0.9928937,0.00076324324,0.0020078523,0.001196871,0.0
ERR1385476,0.00024097192,0.0012263037,0.0016518859,0.9928722,0.0007733586,0.0020145336,0.0012207717,0.0
ERR106981,0.00023358976,0.001257839,0.0016889673,0.9929536,0.0007391407,0.0019801736,0.0011467404,0.0
SRR6291472,0.0050000935,0.0036334568,0.009096714,0.0050869165,0.00084149075,0.00088847405,0.97545284,0.0
ERR500035,0.00023246265,0.001264103,0.0016920544,0.9929741,0.00073308276,0.0019682432,0.0011358693,0.0
ERR2538447,0.0002323735,0.001264163,0.0016921443,0.9929743,0.0007330533,0.0019682439,0.0011356913,0.0
ERR2198006,0.00023454234,0.0012536786,0.0016953975,0.99292403,0.00074402126,0.0019993656,0.0011488559,0.0
SRR7453714,0.00023246267,0.0012641032,0.0016920547,0.99297416,0.00073314237,0.0019682434,0.0011358397,0.0
ERR209605,0.00024877378,0.0011991996,0.0016430668,0.9927485,0.0008088047,0.0020673352,0.0012844042,0.0
ERR2287430,0.0076979212,0.0036553894,0.0007271883,0.009292856,0.001255504,0.9723431,0.005028079,0.0
SRR3201887,0.00024384145,0.0012154302,0.001626145,0.9928842,0.0007813692,0.0019926655,0.0012563233,0.0
ERR1624677,0.00023246265,0.001263984,0.0016921139,0.9929738,0.00073320174,0.001968511,0.0011359288,0.0
SRR346827,0.00024091131,0.0012265955,0.0016526813,0.9928822,0.00077109464,0.0020057503,0.0012207958,0.0
SRR1823087,0.00016877055,0.0017074347,0.0026836395,0.9673607,0.0010412931,0.021719456,0.0016649961,0.0036537647
DRR047537,0.00023293713,0.0012618048,0.0016902295,0.992968,0.0007352794,0.0019714138,0.0011402349,0.0
SRR2922849,0.0050000935,0.0036334568,0.009096714,0.0050869165,0.00084149075,0.00088847405,0.97545284,0.0
ERR1971205,0.00024165225,0.0012235187,0.0016465663,0.99287444,0.0007750717,0.0020096246,0.0012290805,0.0
ERR2730288,0.00023438953,0.0012554416,0.0016809418,0.9929571,0.00074145023,0.0019753268,0.0011552905,0.0
ERR1691753,0.0050000935,0.0036334568,0.009096714,0.0050869165,0.00084149075,0.00088847405,0.97545284,0.0
ERR1523336,0.003754139,0.35452384,0.0005028546,0.0031055808,0.0019240379,0.48765972,0.0076797307,0.14085007
SRR5179735,0.0018980558,0.98295534,0.003079863,0.0033205585,0.0017705733,0.0011426249,0.0058330595,0.0
SRR7349769,0.00058713555,0.21352702,0.005546361,0.010160297,0.0057982206,0.0028317869,0.07727915,0.68427
ERR719413,0.00023677589,0.0012457803,0.0016998486,0.9928658,0.000756612,0.002039515,0.0011557102,0.0
ERR2599243,0.0050000935,0.0036334568,0.009096714,0.0050869165,0.00084149075,0.00088847405,0.97545284,0.0
ERR1713367,0.8056047,0.019337302,0.045928776,0.0068598962,0.0007121762,0.048838846,0.072718315,0.0
SRR7453895,0.0002331448,0.0012609987,0.0016896306,0.9929655,0.0007360808,0.001972718,0.0011419574,0.0
SRR5210796,0.007723893,0.0036485647,0.00072969537,0.009311275,0.0012583833,0.97230077,0.00502747,0.0
ERR2261896,0.00023827211,0.0012378193,0.0016591306,0.99292046,0.00075895514,0.0019890114,0.0011963276,0.0
ERR1020444,0.0002324922,0.001263745,0.0016916068,0.9929739,0.0007333499,0.0019683011,0.0011365227,0.0
SRR3144744,0.0018980558,0.98295534,0.003079863,0.0033205585,0.0017705733,0.0011426249,0.0058330595,0.0
SRR8609319,0.0050000935,0.0036334568,0.009096714,0.0050869165,0.00084149075,0.00088847405,0.97545284,0.0
ERR1690729,0.0050000935,0.0036334568,0.009096714,0.0050869165,0.00084149075,0.00088847405,0.97545284,0.0
SRR7406726,0.0018980558,0.98295534,0.003079863,0.0033205585,0.0017705733,0.0011426249,0.0058330595,0.0
ERR923473,0.0050000935,0.0036334568,0.009096714,0.0050869165,0.00084149075,0.00088847405,0.97545284,0.0
ERR2730203,0.00025943748,0.0014549844,0.0025273974,0.96980464,0.0025422615,0.022733497,0.00067780167,0.0
SRR4826816,0.0018981431,0.98295486,0.0030799496,0.0033206153,0.0017706313,0.0011426243,0.0058331448,0.0
SRR3884223,0.0018980558,0.98295534,0.003079863,0.0033204993,0.0017705733,0.0011426249,0.0058330595,0.0
SRR3361545,0.00024260087,0.0012200827,0.0016414891,0.99286497,0.00077937427,0.002013138,0.0012383738,0.0
ERR498616,0.00023243293,0.0012640437,0.0016920547,0.9929742,0.0007331126,0.0019682434,0.0011358397,0.0
SRR1030780,0.007879335,0.007841948,0.9407302,0.006737949,0.009433328,6.168039e-05,0.027315583,0.0
ERR139346,0.0002450162,0.0012166343,0.0016515545,0.9927691,0.0007996487,0.0020742803,0.00124367,0.0
ERR1691710,0.0050000935,0.0036334568,0.009096714,0.0050869165,0.00084149075,0.00088847405,0.97545284,0.0
ERR543809,0.007879335,0.007841948,0.9407302,0.006737949,0.009433328,6.168039e-05,0.027315583,0.0
SRR6056135,0.0018980558,0.98295534,0.003079863,0.0033205585,0.0017705733,0.0011426249,0.0058330595,0.0
ERR1313520,0.00023255167,0.0012637746,0.0016916959,0.9929735,0.00073343905,0.0019685389,0.0011364929,0.0
SRR920992,0.0002323735,0.001264163,0.0016921443,0.9929743,0.0007330533,0.0019682439,0.0011356913,0.0
ERR1256349,0.007696748,0.0036548614,0.00072715885,0.009295021,0.0012554452,0.97234356,0.0050272867,0.0
SRR1503599,0.0018980558,0.98295534,0.003079863,0.0033205585,0.0017705733,0.0011426249,0.0058330595,0.0
ERR2738746,0.00023729319,0.001243722,0.0016601897,0.9929511,0.00075200346,0.0019697,0.0011860197,0.0
SRR1618188,0.00024514386,0.0012111469,0.0016134351,0.99289316,0.0007847697,0.0019811657,0.0012711021,0.0
SRR1029451,0.0049992437,0.0036379532,0.009115099,0.0050802575,0.00084242126,0.0008873302,0.97543776,0.0
ERR443989,0.00025768165,0.0011817844,0.0017882166,0.99055153,0.0011161149,0.0038297132,0.0012749947,0.0
SRR6394098,0.00023275928,0.0012630277,0.0016905314,0.9929728,0.0007340915,0.0019685337,0.0011382449,0.0
ERR2133872,0.0076971306,0.0036550378,0.00072715903,0.009294408,0.0012554748,0.9723432,0.0050276103,0.0
SRR941782,0.007879335,0.007841948,0.9407302,0.006737949,0.009433328,6.168039e-05,0.027315583,0.0
SRR6443922,0.00024313021,0.0012304042,0.0016706502,0.9927572,0.0007961667,0.0020918003,0.0012106838,0.0
SRR5868635,0.0002323735,0.001264163,0.0016921443,0.9929743,0.0007330533,0.0019682439,0.0011356913,0.0
ERR498579,0.0002323735,0.001264163,0.0016921443,0.9929743,0.0007330533,0.0019682439,0.0011356913,0.0
ERR2495709,0.0050000935,0.0036334568,0.009096714,0.0050869165,0.00084149075,0.00088847405,0.97545284,0.0
SRR5586551,0.0050000935,0.0036334568,0.009096714,0.0050869165,0.00084149075,0.00088847405,0.97545284,0.0
DRR042962,0.00023421225,0.0012552396,0.0016856202,0.992949,0.00074157293,0.001981226,0.0011530357,0.0
SRR3095155,0.00023358948,0.0012579268,0.0016870021,0.992956,0.0007391696,0.0019788626,0.001147572,0.0
SRR6931610,0.0002323735,0.001264163,0.0016921443,0.9929743,0.0007330533,0.0019682439,0.0011356913,0.0
ERR498808,0.00025184872,0.0011873377,0.0016045877,0.992745,0.0008237347,0.0020583256,0.0013292164,0.0
ERR1529652,0.00024307947,0.0012237845,0.0016372844,0.9928414,0.0007869672,0.0020277344,0.0012397857,0.0
ERR499803,0.00023246265,0.0012640733,0.0016919652,0.9929741,0.00073320174,0.0019682432,0.0011358693,0.0
ERR3534806,0.0018980558,0.98295534,0.003079863,0.0033205585,0.0017705733,0.0011426249,0.0058330595,0.0
ERR2738707,0.00023237347,0.0012641033,0.0016921441,0.9929742,0.0007330532,0.0019682436,0.00113581,0.0
ERR107188,0.0002392206,0.0012337274,0.0016562821,0.99291027,0.0007628112,0.001991988,0.0012056504,0.0
SRR1949026,0.0002323735,0.001264163,0.0016921443,0.9929743,0.0007330533,0.0019682439,0.0011356913,0.0
DRR044167,0.0002328483,0.001262134,0.001691095,0.99296796,0.00073489395,0.0019718632,0.0011392551,0.0
ERR499252,0.0002338553,0.0012576192,0.0016821697,0.9929667,0.0007390149,0.0019692685,0.0011513105,0.0
ERR1582236,0.0018980558,0.98295534,0.003079863,0.0033205585,0.0017705733,0.0011426249,0.0058330595,0.0
SRR5181120,0.0018980558,0.98295534,0.003079863,0.0033205585,0.0017705733,0.0011426249,0.0058330595,0.0
ERR1512225,0.007696748,0.0036548614,0.00072715885,0.009295021,0.0012554452,0.97234356,0.0050272867,0.0
SRR1460629,0.0018980558,0.98295534,0.003079863,0.0033205585,0.0017705733,0.0011426249,0.0058330595,0.0
SRR5259165,0.0018980558,0.98295534,0.003079863,0.0033205585,0.0017705733,0.0011426249,0.0058330595,0.0
ERR866493,0.00023278872,0.0012627286,0.0016899938,0.99297243,0.0007344475,0.0019685312,0.001139106,0.0
SRR8356225,0.00024001028,0.0012326516,0.0016976214,0.9928158,0.00077095383,0.002061697,0.0011812231,0.0
ERR338520,0.0023920143,0.0045207203,0.001080515,0.037738636,0.0012940918,0.94649076,0.0064831777,0.0
ERR1522573,0.0076967487,0.0036548618,0.00072712963,0.009294905,0.0012554453,0.9723436,0.0050272876,0.0
ERR1811255,0.00023311458,0.0012609961,0.0016876045,0.9929701,0.0007359306,0.0019693528,0.0011429366,0.0
SRR6931529,0.00023252214,0.001264103,0.0016921139,0.992974,0.00073314225,0.0019683326,0.0011357503,0.0
ERR107015,0.00023293706,0.0012614474,0.0016901098,0.992967,0.0007354874,0.0019723352,0.0011406806,0.0
SRR6457533,0.0018980558,0.98295534,0.003079863,0.0033205585,0.0017705733,0.0011426249,0.0058330595,0.0
ERR1905693,0.0050000935,0.0036334568,0.009096714,0.0050869165,0.00084149075,0.00088847405,0.97545284,0.0
ERR1385136,0.00024150845,0.0012247334,0.0016555523,0.9928497,0.0007774074,0.0020292362,0.0012218781,0.0
SRR3951235,0.00023243295,0.0012641033,0.0016921143,0.99297416,0.0007331127,0.0019682734,0.0011357209,0.0
ERR2511019,0.00023459655,0.0012540073,0.0016787916,0.99295694,0.00074254704,0.0019744837,0.0011586755,0.0
SRR924167,0.0018980558,0.98295534,0.003079863,0.0033205585,0.0017705733,0.0011426249,0.0058330595,0.0
ERR499462,0.00024844753,0.001199769,0.0016340018,0.99275285,0.0008105028,0.002069365,0.0012850036,0.0
SRR3742124,0.0018980558,0.98295534,0.003079863,0.0033205585,0.0017705733,0.0011426249,0.0058330595,0.0
SRR1923859,0.0002323735,0.001264163,0.0016921443,0.9929743,0.0007330533,0.0019682439,0.0011356913,0.0
SRR388077,0.0002323735,0.001264163,0.0016921443,0.9929743,0.0007330533,0.0019682439,0.0011356913,0.0
SRR2923071,0.004999904,0.0036345369,0.009100541,0.0050853933,0.0008416716,0.00088821043,0.9754498,0.0
ERR1366575,0.007701167,0.0036579056,0.0007273635,0.009288339,0.0012559717,0.9723354,0.0050338744,0.0
SRR5586546,0.0050000935,0.0036334568,0.009096714,0.0050869165,0.00084149075,0.00088847405,0.97545284,0.0
SRR2923397,0.00023400396,0.0012573511,0.0016824668,0.99296445,0.00073931215,0.0019708744,0.0011514887,0.0
ERR2739358,0.00024209786,0.0012272339,0.001635142,0.99287504,0.0007797692,0.0020064083,0.0012343421,0.0
ERR500111,0.00023249228,0.0012638943,0.0016918752,0.9929739,0.00073326094,0.0019683018,0.001136196,0.0
SRR943584,0.007879335,0.007841948,0.9407302,0.006737949,0.009433328,6.168039e-05,0.027315583,0.0
SRR6874657,0.00023249225,0.0012637454,0.0016918749,0.99297297,0.0007334393,0.0019690155,0.0011364041,0.0
ERR2531908,0.00023812376,0.0012391001,0.0016610366,0.99292624,0.00075714197,0.0019841962,0.0011940987,0.0
SRR920581,0.0002323735,0.001264163,0.0016921443,0.9929743,0.0007330533,0.0019682439,0.0011356913,0.0
SRR1631083,0.0002323735,0.001264163,0.0016921443,0.9929743,0.0007330533,0.0019682439,0.0011356913,0.0
SRR5313392,0.0018980558,0.98295534,0.003079863,0.0033205585,0.0017705733,0.0011426249,0.0058330595,0.0
ERR2287437,0.007696748,0.0036548614,0.00072715885,0.009295021,0.0012554452,0.97234356,0.0050272867,0.0
ERR1913185,0.00023287753,0.0012623396,0.0016891876,0.9929723,0.0007347734,0.0019682301,0.0011401748,0.0
SRR6264319,0.00023685199,0.0012433614,0.0016731037,0.99291295,0.00075490435,0.0020002883,0.0011785491,0.0
SRR632490,0.0018980558,0.98295534,0.003079863,0.0033205585,0.0017705733,0.0011426249,0.0058330595,0.0
SRR7448625,0.00023246267,0.0012641627,0.0016921142,0.9929741,0.0007330829,0.0019682434,0.0011357802,0.0
SRR1119084,0.007879335,0.007841948,0.9407302,0.006737949,0.009433328,6.168039e-05,0.027315583,0.0
ERR1523390,0.003754139,0.35452384,0.0005028546,0.0031055808,0.0019240379,0.48765978,0.0076797307,0.14085007
ERR1582229,0.0018980558,0.98295534,0.003079863,0.0033205585,0.0017705733,0.0011426249,0.0058330595,0.0
SRR5156040,0.00023269992,0.0012632069,0.0016907704,0.9929734,0.00073388376,0.0019682373,0.0011378588,0.0
SRR1778274,0.007879335,0.007841948,0.9407302,0.006737949,0.009433328,6.168039e-05,0.027315583,0.0
ERR2738897,0.00023323343,0.0012609954,0.0016871275,0.99297124,0.00073593017,0.001968251,0.0011433227,0.0
ERR2495312,0.0050000935,0.0036334568,0.009096714,0.0050869165,0.00084149075,0.00088847405,0.97545284,0.0
SRR995621,0.0002323735,0.001264163,0.0016921443,0.9929743,0.0007330533,0.0019682439,0.0011356913,0.0
ERR539573,0.007879335,0.007841948,0.9407302,0.006737949,0.009433328,6.168039e-05,0.027315583,0.0
ERR1135223,0.007825529,0.0036333764,0.00074526895,0.009233966,0.0012951406,0.9721449,0.005121776,0.0
ERR3344403,0.0018980558,0.98295534,0.003079863,0.0033205585,0.0017705733,0.0011426249,0.0058330595,0.0
SRR5166014,0.0002333222,0.0012604574,0.001686321,0.9929705,0.0007363451,0.0019683363,0.0011446589,0.0
ERR2231393,0.0076967487,0.0036548618,0.00072712963,0.009294817,0.0012555039,0.9723435,0.005027375,0.0
SRR6931913,0.00014467702,0.00084014144,0.0040093395,0.9645767,0.0013354688,0.028181281,0.00091231865,0.0
ERR1589351,0.007879335,0.007841948,0.9407302,0.006737949,0.009433328,6.168039e-05,0.027315583,0.0
ERR2738925,0.00023838952,0.0012394174,0.0016527844,0.9929477,0.0007560056,0.0019681784,0.0011974798,0.0
SRR1783746,0.007879335,0.007841948,0.9407302,0.006737949,0.009433328,6.168039e-05,0.027315583,0.0
ERR1315058,0.00023418182,0.0012557119,0.001682165,0.9929569,0.0007410949,0.0019759557,0.0011540437,0.0
ERR1428330,0.0050000935,0.0036334568,0.009096714,0.0050869165,0.00084149075,0.00088847405,0.97545284,0.0
SRR6038196,0.00024552902,0.0012107531,0.0016081319,0.9929028,0.00078500295,0.001972916,0.0012748417,0.0
ERR1226191,0.0050000935,0.0036334568,0.009096714,0.0050869165,0.00084149075,0.00088847405,0.97545284,0.0
SRR5179824,0.0018980558,0.98295534,0.003079863,0.0033205585,0.0017705733,0.0011426249,0.0058330595,0.0
SRR6671049,0.007563232,0.0036412838,0.0007290476,0.009663234,0.001257424,0.972081,0.0050647864,0.0
ERR2511025,0.00027320703,0.0011535771,0.0016169109,0.9922736,0.0009489394,0.0022849718,0.0014488179,0.0
SRR1426888,0.007698886,0.0036562672,0.0007271295,0.009290774,0.0012558259,0.97234243,0.00502881,0.0
ERR2002146,0.00023255192,0.0012641329,0.0016920844,0.9929738,0.00073314237,0.0019684518,0.0011358397,0.0
SRR6419751,0.0018980558,0.98295534,0.003079863,0.0033205585,0.0017705733,0.0011426249,0.0058330595,0.0
ERR1913048,0.00023465582,0.001254839,0.0016771838,0.9929654,0.00074150524,0.0019679382,0.0011584662,0.0
SRR8608443,0.0050000935,0.0036334568,0.009096714,0.0050869165,0.00084149075,0.00088847405,0.97545284,0.0
ERR1382691,0.0002340039,0.001256994,0.001682645,0.9929625,0.0007396689,0.001972391,0.0011518453,0.0
ERR1583425,0.0018980558,0.98295534,0.003079863,0.0033205585,0.0017705733,0.0011426249,0.0058330595,0.0
ERR007338,0.0002323735,0.001264163,0.0016921443,0.9929743,0.0007330533,0.0019682439,0.0011356913,0.0
SRR6148078,0.0018980558,0.98295534,0.003079863,0.0033205585,0.0017705733,0.0011426249,0.0058330595,0.0
ERR579457,0.00018642715,0.0012196186,0.0031816782,0.97036016,0.0011613972,0.022889756,0.0010009618,0.0
SRR3419393,0.00023326317,0.0012609954,0.0016871275,0.9929712,0.0007359599,0.0019682213,0.0011432335,0.0
ERR1725412,0.0050000935,0.0036334568,0.009096714,0.0050869165,0.00084149075,0.00088847405,0.97545284,0.0
DRR060067,0.0018980558,0.98295534,0.003079863,0.0033205585,0.0017705733,0.0011426249,0.0058330595,0.0
ERR1384521,0.00023685013,0.0012436789,0.0016691346,0.99292845,0.00075293536,0.0019884645,0.0011804732,0.0
SRR5687985,0.0002325222,0.0012641033,0.0016920846,0.9929742,0.00073308294,0.0019682436,0.0011357804,0.0
SRR5483106,0.00023644553,0.0012473402,0.0017033061,0.99288416,0.0007517237,0.0020216107,0.0011553677,0.0
ERR1109441,0.0002323735,0.001264163,0.0016921443,0.9929743,0.0007330533,0.0019682439,0.0011356913,0.0
SRR920971,0.0002323735,0.001264163,0.0016921443,0.9929743,0.0007330533,0.0019682439,0.0011356913,0.0
SRR2761243,0.00028182584,0.0011351525,0.001630243,0.9920567,0.0009857512,0.0024104598,0.0014997808,0.0
SRR3737402,0.0018980558,0.98295534,0.003079863,0.0033205585,0.0017705733,0.0011426249,0.0058330595,0.0
ERR765833,0.0050000935,0.0036334568,0.009096714,0.0050869165,0.00084149075,0.00088847405,0.97545284,0.0
ERR2122330,0.0018980558,0.98295534,0.003079863,0.0033205585,0.0017705733,0.0011426249,0.0058330595,0.0
SRR6477215,0.0018980558,0.98295534,0.003079863,0.0033205585,0.0017705733,0.0011426249,0.0058330595,0.0
SRR1949017,0.00023249217,0.0012637746,0.0016915471,0.99297386,0.0007334093,0.0019683307,0.0011365821,0.0
SRR2976489,0.00084099174,0.0021655858,0.0032622218,0.51579976,0.0030200183,0.42108688,0.00059866905,0.053225875
ERR2198669,0.00023252203,0.001263924,0.0016917859,0.9929739,0.0007333204,0.0019683316,0.001136196,0.0
SRR6235174,0.0018980558,0.98295534,0.003079863,0.0033205585,0.0017705733,0.0011426249,0.0058330595,0.0
DRR044193,0.00023252223,0.0012640738,0.0016920848,0.9929743,0.00073308306,0.0019682439,0.001135721,0.0
SRR7081207,0.0018980558,0.98295534,0.003079863,0.0033205585,0.0017705733,0.0011426249,0.0058330595,0.0
ERR1689699,0.0050000935,0.0036334568,0.009096714,0.0050869165,0.00084149075,0.00088847405,0.97545284,0.0
SRR6411803,0.00023379773,0.0012580757,0.0016897983,0.9929519,0.00073922914,0.0019796065,0.0011475423,0.0
SRR627757,0.36543489,0.0023243427,0.14640754,0.00023981929,0.0021078289,0.023809344,0.26870322,0.19097304
ERR1897138,0.0018980558,0.98295534,0.003079863,0.0033205585,0.0017705733,0.0011426249,0.0058330595,0.0
ERR719479,0.00023519111,0.0011822317,0.0018325989,0.9911069,0.0009034349,0.0034123978,0.0013272667,0.0
ERR2287508,0.0076976204,0.0036548877,0.0007271582,0.009295101,0.0012557077,0.9723413,0.005028308,0.0
ERR1256239,0.0076968065,0.0036548614,0.00072715885,0.009295197,0.0012554744,0.9723432,0.005027316,0.0
SRR8610641,0.0050000935,0.0036334568,0.009096714,0.0050869165,0.00084149075,0.00088847405,0.97545284,0.0
ERR1897643,0.0018980558,0.98295534,0.003079863,0.0033205585,0.0017705733,0.0011426249,0.0058330595,0.0
ERR1311557,0.00023356047,0.0012589718,0.0016872155,0.9929546,0.00073929084,0.0019799692,0.0011463262,0.0
ERR543482,0.007879335,0.007841948,0.9407302,0.006737949,0.009433328,6.168039e-05,0.027315583,0.0
SRR6457316,0.0018980558,0.98295534,0.003079863,0.0033205585,0.0017705733,0.0011426249,0.0058330595,0.0
ERR1314977,0.00023335182,0.0012595347,0.0016868854,0.9929646,0.0007372966,0.001972797,0.0011454318,0.0
SRR6408677,0.0002323735,0.001264163,0.0016921443,0.9929743,0.0007330533,0.0019682439,0.0011356913,0.0
SRR5915785,0.0018980558,0.98295534,0.003079863,0.0033205585,0.0017705733,0.0011426249,0.0058330595,0.0
SRR5431494,0.0002323735,0.001264163,0.0016921443,0.9929743,0.0007330533,0.0019682439,0.0011356913,0.0
SRR2097569,0.0018980558,0.98295534,0.003079863,0.0033205585,0.0017705733,0.0011426249,0.0058330595,0.0
ERR1111292,0.00024750314,0.0011698932,0.0016491684,0.9924767,0.0008409397,0.002293545,0.0013221777,0.0
SRR6394131,0.00023355935,0.0012587279,0.0016859582,0.9929636,0.0007380678,0.001972702,0.0011473915,0.0
SRR028744,0.0018981433,0.982955,0.003079891,0.0033206453,0.0017705725,0.0011426244,0.005833116,0.0
SRR7448660,0.0002323735,0.0012641035,0.0016921443,0.9929743,0.00073308306,0.0019682737,0.001135721,0.0
SRR5902500,0.0018980558,0.98295534,0.003079863,0.0033205585,0.0017705733,0.0011426249,0.0058330595,0.0
SRR1950788,0.0002323735,0.001264163,0.0016921443,0.9929743,0.0007330533,0.0019682439,0.0011356913,0.0
ERR1533772,0.0076994193,0.0036590386,0.0007266001,0.009288959,0.0012571107,0.9723392,0.005029644,0.0
SRR7453589,0.0002325222,0.0012641033,0.0016920846,0.9929742,0.00073308294,0.0019682436,0.0011357804,0.0
ERR1226460,0.0050000935,0.0036334568,0.009096714,0.0050869165,0.00084149075,0.00088847405,0.97545284,0.0
SRR6038423,0.00023361984,0.0012592389,0.0016865307,0.99295527,0.0007394392,0.0019791652,0.0011466825,0.0
ERR2495236,0.0050000935,0.0036334568,0.009096714,0.0050869165,0.00084149075,0.00088847405,0.97545284,0.0
SRR2000142,0.0018980558,0.98295534,0.003079863,0.0033205585,0.0017705733,0.0011426249,0.0058330595,0.0
SRR4384477,0.0003745854,0.28142688,0.11061925,0.008204639,0.04376203,0.00039941072,0.004338652,0.5508746
ERR1924313,0.8002819,0.027941188,0.04457088,0.005787695,0.00073985016,0.045242492,0.07543601,0.0
SRR3884368,0.0018980558,0.98295534,0.003079863,0.0033205585,0.0017705733,0.0011426249,0.0058330595,0.0
ERR1313442,0.00026224268,0.001176553,0.0016994919,0.9923923,0.00087234797,0.0022706683,0.0013263507,0.0
ERR719914,0.00023634631,0.001245592,0.0016720326,0.992929,0.00075157295,0.0019895802,0.0011758422,0.0
DRR047772,0.0002330553,0.0012613244,0.0016878438,0.99297106,0.00073566346,0.0019686108,0.0011424022,0.0
SRR6931856,0.0002323735,0.001264163,0.0016921443,0.9929743,0.0007330533,0.0019682439,0.0011356913,0.0
ERR719514,0.00023653939,0.0012467696,0.0017050349,0.99286956,0.0007541775,0.0020376833,0.0011503036,0.0
SRR6670645,0.0076984353,0.00365528,0.00072745344,0.009292026,0.0012560339,0.9723416,0.005029173,0.0
SRR7449326,0.00023246267,0.0012640437,0.0016920547,0.9929742,0.0007331126,0.0019683328,0.0011358099,0.0
ERR2262511,0.007985107,0.003710395,0.00071539445,0.009414813,0.0013489259,0.971437,0.0053883544,0.0
SRR6477279,0.0018980558,0.98295534,0.003079863,0.0033205585,0.0017705733,0.0011426249,0.0058330595,0.0
ERR2599239,0.0050000935,0.0036334568,0.009096714,0.0050869165,0.00084149075,0.00088847405,0.97545284,0.0
ERR1594183,0.0050000935,0.0036334568,0.009096714,0.0050869165,0.00084149075,0.00088847405,0.97545284,0.0
SRR1525751,0.00023252203,0.001263924,0.0016917859,0.992974,0.0007332312,0.0019683316,0.0011362853,0.0
SRR8609339,0.0050000935,0.0036334568,0.009096714,0.0050869165,0.00084149075,0.00088847405,0.97545284,0.0
ERR2738816,0.0002463878,0.0012065715,0.0016039443,0.9928904,0.000789452,0.0019781801,0.0012850825,0.0
SRR6408786,0.00023261097,0.0012635654,0.0016913376,0.9929735,0.00073358713,0.0019683586,0.0011370571,0.0
ERR1547071,0.0018980558,0.98295534,0.003079863,0.0033205585,0.0017705733,0.0011426249,0.0058330595,0.0
SRR8608318,0.0050000935,0.0036334568,0.009096714,0.0050869165,0.00084149075,0.00088847405,0.97545284,0.0
ERR1689120,0.0050000935,0.0036334568,0.009096714,0.0050869165,0.00084149075,0.00088847405,0.97545284,0.0
ERR368927,0.0002324627,0.0012641033,0.0016921143,0.99297416,0.0007330532,0.0019682436,0.0011357804,0.0
ERR1522820,0.0037541094,0.35452792,0.00050279504,0.003105581,0.0019240679,0.4876523,0.0076793735,0.1408539
SRR1632834,0.00023237347,0.0012641033,0.0016921441,0.9929742,0.00073308294,0.0019682436,0.0011357804,0.0
ERR499690,0.00023255161,0.0012637149,0.001691517,0.99297386,0.00073349837,0.0019682408,0.0011367305,0.0
SRR5983438,0.0002369081,0.0012448309,0.0016636808,0.9929486,0.0007509377,0.0019730444,0.0011819826,0.0
SRR2923787,0.00023418163,0.0012560976,0.0016813902,0.9929605,0.0007405589,0.001973158,0.0011540428,0.0
ERR1310737,0.00023412379,0.0012556899,0.0016851797,0.9929457,0.00074220006,0.0019849509,0.0011522067,0.0
SRR7453598,0.00023246267,0.0012640734,0.0016920844,0.9929741,0.00073314237,0.0019682434,0.0011358099,0.0
ERR441664,0.00023246267,0.0012640734,0.0016921142,0.9929741,0.00073314237,0.0019682434,0.0011358099,0.0
SRR1043975,0.007879335,0.007841948,0.9407302,0.006737949,0.009433328,6.168039e-05,0.027315583,0.0
SRR8608232,0.0050000935,0.0036334568,0.009096714,0.0050869165,0.00084149075,0.00088847405,0.97545284,0.0
SRR2000237,0.0044469195,0.0024823688,0.012817815,0.003999499,0.0012063561,0.002274821,0.9727723,0.0
SRR6028321,0.00023978193,0.0012328456,0.0016445377,0.9929326,0.00076273974,0.0019742304,0.0012133049,0.0
ERR450903,0.00023243293,0.0012641032,0.0016921142,0.99297416,0.0007331126,0.0019682434,0.0011357802,0.0
SRR1200782,0.0018980558,0.98295534,0.003079863,0.0033205585,0.0017705733,0.0011426249,0.0058330595,0.0
SRR996839,0.00023237347,0.0012641033,0.0016921441,0.9929742,0.0007330532,0.0019682436,0.00113581,0.0
SRR500407,0.0018980558,0.98295534,0.003079863,0.0033205585,0.0017705733,0.0011426249,0.0058330595,0.0
SRR5467658,0.00023332378,0.0012592762,0.0016917461,0.99295366,0.00073783734,0.0019817054,0.0011424655,0.0
SRR2000158,0.0050191446,0.0036694054,0.009094803,0.0050682593,0.00084264984,0.00088719954,0.97541857,0.0
SRR6028530,0.00023895325,0.0012352759,0.0016540538,0.9929211,0.000760998,0.0019859234,0.0012036295,0.0
ERR1135309,0.00770034,0.0036524392,0.0007277757,0.009297036,0.0012566198,0.9723374,0.005028324,0.0
SRR6264195,0.00023246265,0.001264103,0.0016921139,0.99297404,0.00073314225,0.0019682432,0.0011358396,0.0
SRR5983389,0.00023302648,0.001260675,0.0016908847,0.9929603,0.00073658855,0.0019773936,0.0011411278,0.0
SRR1501156,0.007879335,0.007841948,0.9407302,0.006737949,0.009433328,6.168039e-05,0.027315583,0.0
ERR1598957,0.00023930965,0.0012331614,0.0016544963,0.9929076,0.00076388137,0.0019946338,0.0012070177,0.0
ERR1385501,0.00024046497,0.0012287954,0.0016472074,0.9929041,0.0007678224,0.0019926918,0.0012188912,0.0
ERR2730245,0.00023329267,0.0012606074,0.0016869175,0.99296993,0.0007362863,0.0019689924,0.0011440056,0.0
SRR6408621,0.00023404093,0.0012568545,0.0017043522,0.9929029,0.00074326136,0.002013353,0.0011452478,0.0
SRR3884330,0.0018980558,0.98295534,0.003079863,0.0033205585,0.0017705733,0.0011426249,0.0058330595,0.0
SRR8605160,0.0050000935,0.0036334568,0.009096744,0.0050869165,0.0008414018,0.00088847405,0.97545284,0.0
ERR2511491,0.00023761913,0.0012415741,0.0016591995,0.9929423,0.00075423025,0.001974984,0.0011900883,0.0
SRR4054834,0.0018980558,0.98295534,0.003079863,0.0033205585,0.0017705733,0.0011426249,0.0058330595,0.0
SRR6038528,0.0002323735,0.001264163,0.0016921443,0.9929743,0.0007330533,0.0019682439,0.0011356913,0.0
SRR2086828,0.0002323735,0.001264163,0.0016921443,0.9929743,0.0007330533,0.0019682439,0.0011356913,0.0
ERR1844709,0.007879335,0.007841948,0.9407302,0.006737949,0.009433328,6.168039e-05,0.027315583,0.0
SRR996491,0.0002325222,0.0012641033,0.0016920846,0.9929742,0.00073308294,0.0019682436,0.0011357804,0.0
ERR765613,0.0050000935,0.0036334568,0.009096714,0.0050869165,0.00084149075,0.00088847405,0.97545284,0.0
ERR1690145,0.0050000935,0.0036334568,0.009096714,0.0050869165,0.00084149075,0.00088847405,0.97545284,0.0
SRR2006026,0.0018980558,0.98295534,0.003079863,0.0033204993,0.0017705733,0.0011426249,0.0058330595,0.0
SRR5310938,0.0018980558,0.98295534,0.003079863,0.0033205585,0.0017705733,0.0011426249,0.0058330595,0.0
SRR900250,0.007879335,0.007841948,0.9407302,0.006737949,0.009433328,6.168039e-05,0.027315583,0.0
ERR579534,0.00023355935,0.0012590253,0.001685393,0.9929655,0.00073777034,0.001971542,0.001147213,0.0
ERR487871,0.0061286693,0.1699316,0.0018474163,0.0038608613,0.0018875302,0.45391205,0.0059228544,0.35650906
SRR2658683,0.00025068183,0.0011950883,0.0016521387,0.9926814,0.0008228276,0.002110825,0.0012870455,0.0
ERR2739083,0.00023302574,0.0012616229,0.0016881427,0.9929719,0.00073530717,0.0019682257,0.0011418082,0.0
SRR920698,0.0002323735,0.001264163,0.0016921443,0.9929743,0.0007330533,0.0019682439,0.0011356913,0.0
ERR500398,0.00023246267,0.0012641032,0.0016921142,0.9929741,0.00073314237,0.0019682434,0.0011357802,0.0
SRR5240874,0.0018980558,0.98295534,0.003079863,0.0033205585,0.0017705733,0.0011426249,0.0058330595,0.0
ERR1582065,0.0018980558,0.98295534,0.003079863,0.0033205585,0.0017705733,0.0011426249,0.0058330595,0.0
ERR1314597,0.00023697021,0.0012430302,0.001671403,0.9929131,0.0007554671,0.0019994492,0.0011804787,0.0
SRR6931720,0.00023436584,0.0012544923,0.0016949062,0.9929211,0.000744325,0.0020045582,0.0011462183,0.0
SRR8610664,0.0050000935,0.0036334568,0.009096714,0.0050869165,0.00084149075,0.00088847405,0.97545284,0.0
ERR2599257,0.0050000935,0.0036334568,0.009096714,0.0050869165,0.00084149075,0.00088847405,0.97545284,0.0
ERR1135243,0.0077040624,0.0036543736,0.00072812743,0.009292206,0.0012569131,0.9723356,0.005028853,0.0
SRR5525198,0.0002408205,0.001227331,0.0016467221,0.9928991,0.000769424,0.0019940485,0.0012225425,0.0
SRR1031041,0.007879335,0.007841948,0.9407302,0.006737949,0.009433328,6.168039e-05,0.027315583,0.0
ERR418215,0.0076969345,0.0036566823,0.0007273356,0.009294536,0.0012555347,0.97233695,0.00503198,0.0
ERR2002279,0.00023252217,0.0012641032,0.0016921439,0.9929741,0.00073314237,0.0019682434,0.0011357208,0.0
ERR883616,0.00025392318,0.0012071762,0.0017483395,0.9924987,0.0008428607,0.002244525,0.0012044989,0.0
ERR430932,0.0018980558,0.98295534,0.003079863,0.0033205585,0.0017705733,0.0011426249,0.0058330595,0.0
SRR7449089,0.00023261085,0.0012633862,0.0016913069,0.9929727,0.0007337653,0.0019688932,0.0011373541,0.0
ERR1103067,0.0018980558,0.98295534,0.003079863,0.0033205585,0.0017705733,0.0011426249,0.0058330595,0.0
ERR986172,0.0076969257,0.003654862,0.00072715903,0.0092949355,0.0012554748,0.9723434,0.0050273174,0.0
SRR5586492,0.0050000935,0.0036334568,0.009096714,0.0050869165,0.00084149075,0.00088847405,0.97545284,0.0
ERR538727,0.007879335,0.007841948,0.9407302,0.006737949,0.009433328,6.168039e-05,0.027315583,0.0
SRR504978,0.00023255155,0.0012635658,0.0016913976,0.99297386,0.00073352794,0.001968181,0.0011369683,0.0
SRR7453593,0.00023631581,0.0012474917,0.0016699155,0.9929448,0.0007490423,0.0019766947,0.001175779,0.0
ERR1582863,0.0018980558,0.98295534,0.003079863,0.0033205585,0.0017705733,0.0011426249,0.0058330595,0.0
SRR5831863,0.0002332629,0.0012601312,0.0016877501,0.9929657,0.0007368216,0.001971937,0.0011444219,0.0
SRR6054486,0.00024108557,0.0012281504,0.0016356999,0.9929316,0.0007668877,0.0019700553,0.0012265147,0.0
ERR1315464,0.00023275916,0.0012629676,0.0016903223,0.9929728,0.00073421013,0.0019683542,0.0011386013,0.0
ERR2739022,0.00023904227,0.0012368809,0.0016499776,0.992927,0.0007615327,0.0019808654,0.0012046993,0.0
ERR1691510,0.0050000935,0.0036334568,0.009096714,0.0050869165,0.00084149075,0.00088847405,0.97545284,0.0
SRR5180805,0.0018980558,0.98295534,0.003079863,0.0033204993,0.0017705733,0.0011426249,0.0058330595,0.0
ERR561175,0.0002344541,0.0012542491,0.0016916866,0.9929218,0.00074530346,0.00200336,0.0011491582,0.0
ERR1593494,0.007879335,0.007841948,0.9407302,0.006737949,0.009433328,6.168039e-05,0.027315583,0.0
ERR2806301,0.00023249234,0.001263954,0.0016919053,0.99297386,0.00073323137,0.0019684213,0.0011360772,0.0
SRR6409286,0.00023287765,0.001262132,0.0016897238,0.9929705,0.0007349225,0.0019696588,0.0011400861,0.0
SRR1622814,0.0002323735,0.001264163,0.0016921443,0.9929743,0.0007330533,0.0019682439,0.0011356913,0.0
ERR1263730,0.007473162,0.0037304887,0.00072816666,0.009876689,0.0012771401,0.9714988,0.0054155733,0.0
ERR2314521,0.0050000935,0.0036334568,0.009096714,0.0050869165,0.00084149075,0.00088847405,0.97545284,0.0
ERR1314756,0.0002345377,0.0012541,0.0016798372,0.99295133,0.00074326294,0.0019789806,0.0011579648,0.0
SRR5259171,0.0018980558,0.98295534,0.003079863,0.0033205585,0.0017705733,0.0011426249,0.0058330595,0.0
SRR6511698,0.0018980558,0.98295534,0.0030798924,0.00332047,0.0017706323,0.0011426249,0.0058330004,0.0
SRR1618194,0.0002351648,0.0012543511,0.0016857742,0.99293375,0.00074633444,0.001988401,0.0011562518,0.0
ERR2211121,0.0050000935,0.0036334568,0.009096714,0.0050869165,0.00084149075,0.00088847405,0.97545284,0.0
ERR1689282,0.0050000935,0.0036334568,0.009096714,0.0050869165,0.00084149075,0.00088847405,0.97545284,0.0
SRR8609279,0.0008536577,0.0010273755,0.023248821,0.7222582,0.0045357645,0.00059244037,0.051543355,0.19594038
DRR012975,0.0018980558,0.98295534,0.003079863,0.0033205585,0.0017705733,0.0011426249,0.0058330595,0.0
ERR499132,0.0002435763,0.0012161565,0.0016294332,0.99287283,0.0007824777,0.0020030658,0.00125247,0.0
SRR1618094,0.00023341112,0.0012592064,0.0016865567,0.99296355,0.0007376827,0.001973331,0.0011461744,0.0
SRR5000206,0.0003387272,0.0012467531,0.0019932152,0.99064887,0.0014079298,0.0030447938,0.0013196905,0.0
SRR3503350,0.0002388945,0.0012353689,0.001658669,0.9929127,0.00076141674,0.00199048,0.0012024733,0.0
ERR500445,0.00023367794,0.0012590827,0.0016841707,0.9929685,0.0007377393,0.0019688022,0.001148044,0.0
ERR908097,0.0077129286,0.0036495507,0.0007294474,0.009294047,0.0012598161,0.97231936,0.0050348127,0.0
SRR5880456,0.0018980558,0.98295534,0.003079863,0.0033205585,0.0017705733,0.0011426249,0.0058330595,0.0
ERR720119,0.00020935021,0.0010982413,0.0022362599,0.98809433,0.0010121764,0.006119614,0.0012299697,0.0
SRR903342,0.007879335,0.007841948,0.9407302,0.006737949,0.009433328,6.168039e-05,0.027315583,0.0
ERR1844423,0.007879335,0.007841948,0.9407302,0.006737949,0.009433328,6.168039e-05,0.027315583,0.0
SRR5595793,0.0018980558,0.98295534,0.0030798924,0.00332047,0.0017706323,0.0011426249,0.0058330004,0.0
SRR4070109,0.0018980558,0.98295534,0.003079863,0.0033205585,0.0017705733,0.0011426249,0.0058330595,0.0
ERR658192,0.0018980558,0.98295534,0.003079863,0.0033205585,0.0017705733,0.0011426249,0.0058330595,0.0
DRR050940,0.0002337103,0.00125755,0.0016933512,0.99294424,0.0007396513,0.0019874745,0.0011441007,0.0
SRR3951080,0.0002324627,0.0012640735,0.0016920846,0.9929742,0.00073308294,0.0019682436,0.0011357209,0.0
ERR444087,0.00026656318,0.001342392,0.0023806554,0.965975,0.0022471817,0.02608143,0.0017067846,0.0
SRR2658164,0.00023341087,0.0012592052,0.0016861088,0.99296445,0.00073759264,0.0019726744,0.00114656,0.0
SRR5467743,0.00023243285,0.0012638053,0.0016918755,0.9929737,0.00073329086,0.0019686592,0.0011361962,0.0
ERR1897311,0.0018980558,0.98295534,0.003079863,0.0033205585,0.0017705733,0.0011426249,0.0058330595,0.0
ERR2287507,0.007620588,0.0036765076,0.0007280257,0.009396613,0.0012549985,0.9722772,0.005046092,0.0
SRR3290418,0.0018980558,0.98295534,0.003079863,0.0033205585,0.0017705733,0.0011426249,0.0058330595,0.0
SRR3503375,0.00023794723,0.0011680829,0.0018613719,0.991045,0.0009176435,0.0034822386,0.001287711,0.0
SRR6414047,0.00023249222,0.0012637451,0.0016919342,0.99297315,0.0007334392,0.001968807,0.0011363444,0.0
SRR1618033,0.0005208254,0.0025871396,0.003478974,0.5608593,0.0019457638,0.33293858,0.00063318014,0.0970363
ERR765918,0.0050000935,0.0036334568,0.009096714,0.0050869165,0.00084149075,0.00088847405,0.97545284,0.0
SRR6932232,0.0002323735,0.001264163,0.0016921443,0.9929743,0.0007330533,0.0019682439,0.0011356913,0.0
SRR505153,0.00023261091,0.0012634759,0.0016910098,0.9929737,0.0007336762,0.0019682392,0.0011373246,0.0
ERR765849,0.0050000935,0.0036334568,0.009096714,0.0050869165,0.00084149075,0.00088847405,0.97545284,0.0
ERR499641,0.0002325515,0.001263506,0.0016912485,0.9929738,0.0007335575,0.00196824,0.0011370572,0.0
ERR1523805,0.0071623004,0.0053419624,0.00062495086,0.00820496,0.0016107513,0.97219014,0.0048649623,0.0
SRR3664284,0.0009872615,0.22791961,0.28934604,0.0064146817,0.049486518,0.00026330352,0.0047664046,0.42081612
ERR1677218,0.0050000935,0.0036334568,0.009096714,0.0050869165,0.00084149075,0.00088847405,0.97545284,0.0
ERR1298157,0.0050000935,0.0036334568,0.009096714,0.0050869165,0.00084149075,0.00088847405,0.97545284,0.0
SRR3063121,0.007879335,0.007841948,0.9407302,0.006737949,0.009433328,6.168039e-05,0.027315583,0.0
SRR1302204,0.0018979969,0.9829554,0.0030798335,0.003320529,0.0017706323,0.0011426249,0.005833089,0.0
SRR5467660,0.00023287826,0.0012615701,0.0016923458,0.99296266,0.0007356383,0.0019756726,0.0011392265,0.0
SRR2155039,0.0001357794,0.007333309,0.0017946066,0.94345933,0.00029945376,0.0063086753,0.0014341177,0.03923476
ERR107172,0.00023468654,0.0012528513,0.0016826936,0.99294406,0.0007438284,0.00198383,0.0011579952,0.0
ERR720145,0.00023284472,0.0012455467,0.0017067447,0.9928321,0.0007512425,0.0020785287,0.0011529799,0.0
SRR7454041,0.00023246265,0.0012640435,0.0016920246,0.99297416,0.00073314225,0.0019682432,0.0011358991,0.0
ERR1511823,0.0077588493,0.0036607075,0.00071788055,0.009484984,0.0012921264,0.97189856,0.0051869834,0.0
SRR5720245,0.0018980558,0.98295534,0.003079863,0.0033205585,0.0017705733,0.0011426249,0.0058330595,0.0
ERR498830,0.00028073016,0.0011480469,0.0016401944,0.9921014,0.0009912829,0.0023650497,0.0014733501,0.0
ERR923934,0.0050000935,0.0036334568,0.009096714,0.0050869165,0.00084149075,0.00088847405,0.97545284,0.0
SRR934622,0.0002324329,0.001264103,0.0016921139,0.992974,0.0007331125,0.0019683326,0.0011358396,0.0
DRR050908,0.00023332203,0.0012595642,0.0016871229,0.9929644,0.0007373559,0.0019725289,0.0011456992,0.0
ERR2168949,0.0018980558,0.98295534,0.003079863,0.0033205585,0.0017705733,0.0011426249,0.0058330595,0.0
ERR532018,0.00024157648,0.0012250146,0.0016774426,0.99280894,0.0007797251,0.0020593486,0.0012080311,0.0
ERR1428529,0.0050000935,0.0036334568,0.009096714,0.0050869165,0.00084149075,0.00088847405,0.97545284,0.0
ERR1971242,0.00023567048,0.0012492647,0.0016950249,0.99290603,0.00074883306,0.0020083599,0.0011568764,0.0
SRR5590742,0.0018980558,0.98295534,0.003079863,0.0033205585,0.0017705733,0.0011426249,0.0058330595,0.0
SRR6078477,0.0018980558,0.98295534,0.003079863,0.0033205585,0.0017705733,0.0011426249,0.0058330595,0.0
SRR2103036,0.0018980558,0.98295534,0.003079863,0.0033205585,0.0017705733,0.0011426249,0.0058330595,0.0
ERR1382684,0.0002396965,0.0012317646,0.0016554792,0.9928923,0.0007669753,0.0020047182,0.0012090709,0.0
ERR441706,0.00023252214,0.001264103,0.0016920544,0.99297404,0.00073314225,0.0019683028,0.0011358396,0.0
ERR2495473,0.0050000935,0.0036334568,0.009096714,0.0050869165,0.00084149075,0.00088847405,0.97545284,0.0
ERR1298333,0.0050000935,0.0036334568,0.009096714,0.0050869165,0.00084149075,0.00088847405,0.97545284,0.0
ERR1523631,0.007698056,0.0036570532,0.000726865,0.009291699,0.0012563515,0.9723416,0.005028481,0.0
SRR3923069,0.007879335,0.007841948,0.9407302,0.006737949,0.009433328,6.168039e-05,0.027315583,0.0
SRR980770,0.007879335,0.007841948,0.9407302,0.006737949,0.009433328,6.168039e-05,0.027315583,0.0
ERR1551838,0.0015912331,0.0010156537,0.0030887625,0.26651776,0.00535597,0.72098833,0.0014422681,0.0
DRR070533,0.0018980558,0.98295534,0.003079863,0.0033205585,0.0017705733,0.0011426249,0.0058330595,0.0
SRR7658016,0.0018980558,0.98295534,0.003079863,0.0033205585,0.0017705733,0.0011426249,0.0058330595,0.0
ERR441378,0.00023243295,0.0012641033,0.0016920846,0.9929742,0.0007331424,0.0019682436,0.0011357209,0.0
SRR7449076,0.00023269975,0.0012629383,0.001690442,0.99297297,0.0007341212,0.001968474,0.0011383637,0.0
ERR1309963,0.00023450737,0.0012542753,0.0016795654,0.9929561,0.000742101,0.0019756444,0.0011578429,0.0
ERR1689156,0.0050000935,0.0036334568,0.009096714,0.0050869165,0.00084149075,0.00088847405,0.97545284,0.0
ERR498636,0.0002324627,0.0012641033,0.0016921143,0.99297416,0.0007330532,0.0019682436,0.0011357804,0.0
SRR500364,0.0018980558,0.98295534,0.003079863,0.0033205585,0.0017705733,0.0011426249,0.0058330595,0.0
SRR3361644,0.00017681718,0.0020408928,0.0022312403,0.9805738,0.000721544,0.007761389,0.0013097227,0.0051846504
SRR595997,0.007879335,0.007841948,0.9407302,0.006737949,0.009433328,6.168039e-05,0.027315583,0.0
ERR1366572,0.007699043,0.0036569026,0.0007272449,0.009294764,0.0012560571,0.97233105,0.0050348896,0.0
SRR5985546,0.0012142956,0.3338362,0.10271329,0.0001257956,0.005829543,0.00019776821,0.24784416,0.30823898
SRR5467723,0.00023296838,0.0012610395,0.0016947617,0.9929561,0.0007363252,0.0019808856,0.0011379517,0.0
ERR1135420,0.0077024386,0.0036527705,0.00072812894,0.009294833,0.001257238,0.9723358,0.0050287177,0.0
SRR920131,0.0002323735,0.001264163,0.0016921443,0.9929743,0.0007330533,0.0019682439,0.0011356913,0.0
ERR2739341,0.0002325222,0.0012641033,0.0016921143,0.9929742,0.0007330532,0.0019682436,0.0011357804,0.0
SRR6745398,0.0018980558,0.98295534,0.003079863,0.0033205585,0.0017705733,0.0011426249,0.0058330595,0.0
SRR3951232,0.00023287765,0.001262013,0.0016896048,0.99297065,0.0007349225,0.0019697482,0.0011401754,0.0
ERR1383001,0.00025950008,0.0011844506,0.0017277799,0.99246514,0.0008563949,0.002221975,0.0012847708,0.0
SRR4414988,0.007880108,0.007841605,0.94073063,0.0067373984,0.009433634,6.168581e-05,0.02731488,0.0
ERR501054,0.00023329226,0.0012602184,0.0016860518,0.9929699,0.0007366717,0.0019686916,0.0011451637,0.0
ERR719496,0.00023603416,0.001248646,0.001704235,0.99287885,0.0007519777,0.0020325412,0.0011477179,0.0
ERR1913020,0.00024129535,0.0012252438,0.0016436516,0.99288875,0.00077278155,0.0020008509,0.0012274149,0.0
SRR1378333,0.007879335,0.007841948,0.9407302,0.006737949,0.009433328,6.168039e-05,0.027315583,0.0
ERR532116,0.00023875297,0.0012351979,0.0016738288,0.99287224,0.00076471147,0.0020236152,0.0011916233,0.0
SRR6670577,0.007696489,0.0036549806,0.00072715926,0.009296462,0.0012557388,0.97234166,0.0050275535,0.0
ERR1897419,0.0018980558,0.98295534,0.003079863,0.0033205585,0.0017705733,0.0011426249,0.0058330595,0.0
ERR1135689,0.007696748,0.0036548614,0.00072715885,0.009295021,0.0012554452,0.97234356,0.0050272867,0.0
SRR951935,0.007879335,0.007841948,0.9407302,0.006737949,0.009433328,6.168039e-05,0.027315583,0.0
SRR4414708,0.007879335,0.007841948,0.9407302,0.006737949,0.009433328,6.168039e-05,0.027315583,0.0
ERR330022,0.0018980558,0.98295534,0.003079863,0.0033205585,0.0017705733,0.0011426249,0.0058330595,0.0
ERR1383642,0.00023987333,0.0012311614,0.0016527615,0.9929007,0.00076625624,0.0019978043,0.0012114124,0.0
ERR1548665,0.0025429153,0.037591342,0.078646705,0.035610422,0.8053833,0.0066043963,0.03362083,0.0
ERR2762967,0.0076997397,0.0036576795,0.0007260004,0.009318743,0.001259459,0.97228897,0.0050494047,0.0
ERR531720,0.00025549636,0.0011850499,0.0016721912,0.992584,0.00084220717,0.0021550795,0.0013060025,0.0
ERR1298324,0.0050000935,0.0036334568,0.009096714,0.0050869165,0.00084149075,0.00088847405,0.97545284,0.0
ERR1522613,0.007696748,0.0036548614,0.00072715885,0.009295021,0.0012554452,0.97234356,0.0050272867,0.0
SRR5178814,0.0018980558,0.98295534,0.003079863,0.0033205585,0.0017705733,0.0011426249,0.0058330595,0.0
SRR5431482,0.00023243295,0.001264014,0.0016921143,0.9929742,0.0007331127,0.0019682436,0.00113581,0.0
ERR532103,0.00023774596,0.0012392058,0.0016829309,0.99287814,0.0007600256,0.0020226105,0.0011793901,0.0
SRR6932452,0.0002323735,0.001264163,0.0016921443,0.9929743,0.0007330533,0.0019682439,0.0011356913,0.0
ERR2286251,0.00024787386,0.001201244,0.0016083696,0.99282116,0.000803367,0.0020218596,0.0012961705,0.0
ERR1896698,0.0018980558,0.98295534,0.003079863,0.0033205585,0.0017705733,0.0011426249,0.0058330595,0.0
SRR5915595,0.0018980558,0.98295534,0.003079863,0.0033205585,0.0017705733,0.0011426249,0.0058330595,0.0
ERR441648,0.0013347864,0.00028577447,0.019155413,0.58535856,0.028418422,0.009152949,0.25556192,0.10073221
SRR6932162,0.0002323735,0.001264163,0.0016921443,0.9929743,0.0007330533,0.0019682439,0.0011356913,0.0
SRR7449110,0.00023246267,0.0012641032,0.0016920547,0.99297416,0.0007331126,0.0019682434,0.0011358694,0.0
ERR1310095,0.00025357245,0.001182664,0.0016121045,0.99269766,0.0008330986,0.002083713,0.0013372697,0.0
SRR1427003,0.007696836,0.0036549785,0.0007271295,0.0092947865,0.0012554452,0.9723434,0.0050273747,0.0
ERR2261910,0.00024011516,0.0012315977,0.0016578742,0.9928663,0.0007723362,0.0020224042,0.0012094392,0.0
ERR1314726,0.00023584429,0.0012485262,0.0016772934,0.9929238,0.0007504542,0.001995857,0.0011682755,0.0
ERR2738720,0.00023344065,0.00125983,0.0016853653,0.9929701,0.0007369383,0.001968183,0.0011460842,0.0
SRR6931596,0.00014470576,0.0008401087,0.004009587,0.9645708,0.0013355222,0.028186858,0.000912403,0.0
ERR1583010,0.0018980558,0.98295534,0.003079863,0.0033205585,0.0017705733,0.0011426249,0.0058330595,0.0
SRR5180584,0.0018980558,0.98295534,0.003079863,0.0033205585,0.0017705733,0.0011426249,0.0058330595,0.0
SRR6457355,0.0018980558,0.98295534,0.003079863,0.0033205585,0.0017705733,0.0011426249,0.0058330595,0.0
SRR7584954,0.007696163,0.0036547445,0.0007271589,0.009297014,0.0012555624,0.9723418,0.0050276094,0.0
SRR7902172,0.021980282,0.0011487728,0.017392213,0.00027537256,0.005580089,0.081085145,0.8725381,0.0
SRR2168177,0.0018980558,0.98295534,0.003079863,0.0033205585,0.0017705733,0.0011426249,0.0058330595,0.0
SRR6444960,0.0002398897,0.001233744,0.0016846118,0.9928211,0.0007736555,0.002059274,0.0011876995,0.0
SRR3063476,0.007879335,0.007841948,0.9407302,0.006737949,0.009433328,6.168039e-05,0.027315583,0.0
SRR1602749,0.0018980558,0.98295534,0.003079863,0.0033205585,0.0017705733,0.0011426249,0.0058330595,0.0
ERR1913170,0.00024316229,0.0012175661,0.0016351296,0.9928692,0.00078102795,0.0020073082,0.0012466528,0.0
SRR1770675,0.007879335,0.007841948,0.9407302,0.006737949,0.009433328,6.168039e-05,0.027315583,0.0
ERR2730240,0.0002470411,0.0012032066,0.0016075368,0.9928567,0.00079533743,0.0019998525,0.0012904011,0.0
ERR2210973,0.0050000935,0.0036334568,0.009096714,0.0050869165,0.00084149075,0.00088847405,0.97545284,0.0
ERR500961,0.00023243288,0.0012640732,0.0016919055,0.99297416,0.00073317194,0.001968243,0.0011359882,0.0
SRR2059887,0.007879335,0.007841948,0.9407302,0.006737949,0.009433328,6.168039e-05,0.027315583,0.0
ERR501157,0.0002323735,0.001264163,0.0016921443,0.9929743,0.0007330533,0.0019682439,0.0011356913,0.0
ERR2188056,0.0025429153,0.037591342,0.078646705,0.035610422,0.8053833,0.0066043963,0.03362083,0.0
ERR2511481,0.00023764999,0.0012405389,0.0016631038,0.9929239,0.0007564646,0.0019887348,0.001189529,0.0
SRR6028178,0.00025622407,0.0011712208,0.0015651464,0.99274844,0.00083816226,0.00203326,0.001387541,0.0
ERR525854,0.00023249228,0.0012638943,0.0016918454,0.99297404,0.0007332312,0.0019682422,0.001136196,0.0
SRR6367221,0.00023517231,0.0012526659,0.0017051926,0.99289984,0.00074656645,0.0020195488,0.0011409991,0.0
ERR1924341,0.8064983,0.017510818,0.046287086,0.0071771014,0.0007047954,0.049835104,0.07198679,0.0
SRR5155791,0.0002325222,0.0012640439,0.0016920846,0.9929742,0.0007331127,0.0019682436,0.0011357209,0.0
SRR957753,0.0002323735,0.001264163,0.0016921443,0.9929743,0.0007330533,0.0019682439,0.0011356913,0.0
SRR7454033,0.00023311509,0.0012605527,0.0016906719,0.99296176,0.00073655683,0.0019751573,0.0011421657,0.0
ERR579455,0.00023406345,0.0012558937,0.0016836269,0.9929545,0.00074094813,0.001978162,0.0011527677,0.0
SRR943595,0.007879335,0.007841948,0.9407302,0.006737949,0.009433328,6.168039e-05,0.027315583,0.0
DRR042971,0.00023501273,0.0012513885,0.001682151,0.9929391,0.0007454017,0.0019857846,0.0011611729,0.0
ERR1310075,0.00023575245,0.0012496129,0.0016712665,0.992953,0.0007466089,0.001973765,0.0011700174,0.0
ERR1309606,0.00023872402,0.0012360051,0.0016722282,0.9928674,0.00076637964,0.0020274587,0.0011917462,0.0
ERR2042913,0.007879335,0.007841948,0.9407302,0.006737949,0.009433328,6.168039e-05,0.027315583,0.0
SRR6511216,0.0018980558,0.98295534,0.003079863,0.0033205585,0.0017705733,0.0011426249,0.0058330595,0.0
ERR589328,0.0018980558,0.98295534,0.003079863,0.0033205585,0.0017705733,0.0011426249,0.0058330595,0.0
SRR4414465,0.007879335,0.007841948,0.9407302,0.006737949,0.009433328,6.168039e-05,0.027315583,0.0
SRR7902310,0.0055265967,0.0033223166,0.009906926,0.0039438372,0.0009922006,0.0013735674,0.9749346,0.0
SRR2981530,0.0021126866,0.00027650595,0.023578376,0.42188925,0.037311822,0.017626345,0.38820362,0.1090014
ERR2187980,0.0025429153,0.037591342,0.078646705,0.035610422,0.8053833,0.0066043963,0.03362083,0.0
SRR823290,0.0002323735,0.001264163,0.0016921443,0.9929743,0.0007330533,0.0019682439,0.0011356913,0.0
SRR6932134,0.00023329245,0.0012597138,0.0016870052,0.9929646,0.00073723745,0.0019728576,0.0011452241,0.0
ERR675293,0.0076967487,0.0036548618,0.0007271589,0.009294905,0.0012554453,0.9723436,0.005027229,0.0
ERR2730316,0.00023278897,0.0012622243,0.0016907987,0.9929672,0.0007351027,0.001972757,0.0011391668,0.0
SRR5179878,0.0018980558,0.98295534,0.003079863,0.0033205585,0.0017705733,0.0011426249,0.0058330595,0.0
ERR1314260,0.0002324627,0.0012641033,0.0016921143,0.9929742,0.00073308294,0.0019682436,0.0011357804,0.0
ERR418200,0.007681079,0.0036799891,0.00072699424,0.009304741,0.001258657,0.9722789,0.005069629,0.0
SRR2168134,0.0018980558,0.98295534,0.003079863,0.0033205585,0.0017705733,0.0011426249,0.0058330595,0.0
DRR043005,0.00023332261,0.0012598648,0.0016888821,0.9929626,0.00073709,0.0019741699,0.0011440066,0.0
SRR1460654,0.0018980558,0.98295534,0.003079863,0.0033205585,0.0017705733,0.0011426249,0.0058330595,0.0
SRR1704249,0.0002323735,0.001264163,0.0016921443,0.9929743,0.0007330533,0.0019682439,0.0011356913,0.0
SRR5210774,0.0076967487,0.0036548618,0.0007271589,0.009294817,0.0012555039,0.9723435,0.0050273165,0.0
ERR1311046,0.00023438917,0.0012558262,0.0016794222,0.992965,0.000740646,0.001969226,0.0011555267,0.0
SRR3296470,0.0018980558,0.98295534,0.0030798335,0.00332047,0.0017705733,0.0011427134,0.005833089,0.0
ERR1905656,0.0050000935,0.0036334568,0.009096714,0.0050869165,0.00084149075,0.00088847405,0.97545284,0.0
SRR2657965,0.00023594464,0.0012577765,0.0017116695,0.99286824,0.0007470093,0.0020297724,0.0011496501,0.0
ERR833610,0.0018980558,0.98295534,0.003079863,0.0033205585,0.0017705733,0.0011426249,0.0058330595,0.0
SRR5786173,0.0018980558,0.98295534,0.003079863,0.0033205585,0.0017705733,0.0011426249,0.0058330595,0.0
SRR1067997,0.0018980558,0.98295534,0.003079863,0.0033205585,0.0017705733,0.0011426249,0.0058330595,0.0
SRR952116,0.007879335,0.007841948,0.9407302,0.006737949,0.009433328,6.168039e-05,0.027315583,0.0
SRR5915187,0.0018980558,0.98295534,0.003079863,0.0033205585,0.0017705733,0.0011426249,0.0058330595,0.0
ERR1384811,0.00024508857,0.0012100969,0.0016272025,0.99284726,0.00078954146,0.002014776,0.0012659787,0.0
SRR2168209,0.0018980558,0.98295534,0.003079863,0.0033205585,0.0017705733,0.0011426249,0.0058330595,0.0
SRR7453543,0.0002325222,0.0012641033,0.0016920846,0.9929742,0.0007330532,0.0019682436,0.0011357804,0.0
SRR5699126,0.00023237347,0.0012641033,0.0016921441,0.9929742,0.00073308294,0.0019682436,0.0011357804,0.0
SRR5868689,0.0002323735,0.001264163,0.0016921443,0.9929743,0.0007330533,0.0019682439,0.0011356913,0.0
ERR1522561,0.007696748,0.0036548614,0.00072715885,0.009295021,0.0012554452,0.97234356,0.0050272867,0.0
SRR4125127,0.007696748,0.0036548614,0.00072715885,0.009295021,0.0012554452,0.97234356,0.0050272867,0.0
ERR2806293,0.00023726429,0.0012422987,0.0016640623,0.9929324,0.0007542369,0.0019838947,0.0011859348,0.0
ERR1297974,0.0050000935,0.0036334568,0.009096714,0.0050869165,0.00084149075,0.00088847405,0.97545284,0.0
SRR8610739,0.010074996,0.007957025,0.008446195,0.0042739776,0.005298742,0.0033486434,0.9606004,0.0
ERR561177,0.00023987207,0.0012308873,0.0016500462,0.99290764,0.00076583587,0.0019922617,0.0012134879,0.0
SRR6056150,0.0018980558,0.98295534,0.003079863,0.0033205585,0.0017705733,0.0011426249,0.0058330595,0.0
SRR1119076,0.007879335,0.007841948,0.9407302,0.006737949,0.009433328,6.168039e-05,0.027315583,0.0
ERR1428211,0.0050000935,0.0036334568,0.009096714,0.0050869165,0.00084149075,0.00088847405,0.97545284,0.0
SRR1632476,0.0002323735,0.001264163,0.0016921443,0.9929743,0.0007330533,0.0019682439,0.0011356913,0.0
SRR1929552,0.0018980558,0.98295534,0.003079863,0.0033205585,0.0017705733,0.0011426249,0.0058330595,0.0
SRR1030266,0.00027245973,0.0011704465,0.0017933263,0.9921804,0.00091752893,0.002370697,0.001295195,0.0
SRR1703175,0.00506839,0.0042471094,0.0007959864,0.014303253,0.0011646942,0.96855396,0.0058665187,0.0
ERR1309782,0.00023267009,0.0012628495,0.0016905317,0.9929712,0.0007343892,0.0019699025,0.0011385427,0.0
ERR1691814,0.0050000935,0.0036334568,0.009096714,0.0050869165,0.00084149075,0.00088847405,0.97545284,0.0
ERR1428415,0.0050000935,0.0036334568,0.009096714,0.0050869165,0.00084149075,0.00088847405,0.97545284,0.0
SRR6408838,0.00023243295,0.0012641033,0.0016920548,0.9929743,0.0007331127,0.0019682436,0.0011357804,0.0
ERR1398209,0.00023082545,0.0011750384,0.0018780447,0.991646,0.0008609849,0.0030699489,0.0011392247,0.0
SRR6932414,0.00023252214,0.0012641328,0.0016920544,0.99297404,0.00073314225,0.001968273,0.0011358396,0.0
ERR1135413,0.0077068685,0.003650207,0.000730223,0.009280958,0.0012603384,0.97233695,0.0050345,0.0
SRR8605220,0.0050000935,0.0036334568,0.009096714,0.0050869165,0.00084149075,0.00088847405,0.97545284,0.0
SRR2668745,0.0018980558,0.98295534,0.003079863,0.0033205585,0.0017705733,0.0011426249,0.0058330595,0.0
SRR5908420,0.0018980558,0.98295534,0.003079863,0.0033205585,0.0017705733,0.0011426249,0.0058330595,0.0
SRR5915378,0.0018980558,0.98295534,0.003079863,0.0033205585,0.0017705733,0.0011426249,0.0058330595,0.0
ERR1313333,0.00023430755,0.0012605669,0.0016984248,0.9929417,0.0007410865,0.0019835085,0.0011403939,0.0
SRR2086917,0.00023237347,0.0012641033,0.0016921441,0.99297416,0.00073308294,0.0019683032,0.0011357804,0.0
SRR2056337,0.007879335,0.007841948,0.9407302,0.006737949,0.009433328,6.168039e-05,0.027315583,0.0
SRR6451763,0.00025533166,0.0011731222,0.0015597325,0.99279624,0.00082912174,0.0020032548,0.0013832571,0.0
ERR1811253,0.000174919,0.0011608638,0.0032126738,0.9707069,0.0012491378,0.022429118,0.0010664578,0.0
SRR2558619,0.0018980558,0.98295534,0.003079863,0.0033205585,0.0017705733,0.0011426249,0.0058330595,0.0
SRR3922876,0.007879335,0.007841948,0.9407302,0.006737949,0.009433328,6.168039e-05,0.027315583,0.0
SRR3624389,0.0012142956,0.3338362,0.10271329,0.0001257956,0.005829543,0.00019776821,0.24784416,0.30823898
SRR630032,0.007879335,0.007841948,0.9407302,0.006737949,0.009433328,6.168039e-05,0.027315583,0.0
ERR1255876,0.007697975,0.00365344,0.0007270679,0.00930371,0.0012560548,0.9723311,0.005030546,0.0
ERR2738973,0.00023456683,0.0012550784,0.0016778102,0.99296516,0.00074135733,0.0019683864,0.0011576643,0.0
DRR044166,0.00023379648,0.0012580393,0.001684227,0.9929639,0.00073871954,0.001971743,0.0011495588,0.0
SRR5150230,0.0018980558,0.98295534,0.003079863,0.0033205585,0.0017705733,0.0011426249,0.0058330595,0.0
SRR4300293,0.0018980555,0.9829553,0.0030798921,0.0033205284,0.0017706321,0.0011426248,0.005833,0.0
SRR1618284,0.00023252217,0.0012641032,0.0016921142,0.9929741,0.0007331126,0.0019682732,0.0011357802,0.0
SRR6054469,0.00024656695,0.0012051476,0.0016090642,0.99286616,0.00079254725,0.0019952562,0.001285235,0.0
ERR1691423,0.0050000935,0.0036334568,0.009096714,0.0050869165,0.00084149075,0.00088847405,0.97545284,0.0
ERR1689370,0.0050000935,0.0036334568,0.009096714,0.0050869165,0.00084149075,0.00088847405,0.97545284,0.0
SRR1377053,0.0018980558,0.98295534,0.003079863,0.0033205585,0.0017705733,0.0011426249,0.0058330595,0.0
ERR1428859,0.0050000935,0.0036334568,0.009096714,0.0050869165,0.00084149075,0.00088847405,0.97545284,0.0
SRR4826431,0.0018980558,0.98295534,0.003079863,0.0033205585,0.0017705733,0.0011426249,0.0058330595,0.0
DRR042985,0.00023308514,0.0012612655,0.00168838,0.9929695,0.0007356638,0.0019699205,0.001142135,0.0
ERR1691505,0.0050000935,0.0036334568,0.009096714,0.0050869165,0.00084149075,0.00088847405,0.97545284,0.0
SRR5180694,0.0018980558,0.98295534,0.003079863,0.0033205585,0.0017705733,0.0011426249,0.0058330595,0.0
ERR441979,0.00023409349,0.0012569065,0.0016839561,0.9929551,0.0007403541,0.001976796,0.0011528584,0.0
SRR6264242,0.00019572668,0.0015435386,0.0023484235,0.97264063,0.00239496,0.01993197,0.00094479125,0.0
SRR6975886,0.0018980558,0.98295534,0.003079863,0.0033205585,0.0017705733,0.0011426249,0.0058330595,0.0
ERR451028,0.0002323735,0.001264163,0.0016921443,0.9929743,0.0007330533,0.0019682439,0.0011356913,0.0
DRR048202,0.00023305806,0.0012618153,0.0016975015,0.9929562,0.00073573174,0.0019799375,0.001135723,0.0
SRR6764360,0.0050000935,0.0036334568,0.009096714,0.0050869165,0.00084149075,0.00088847405,0.97545284,0.0
ERR1103015,0.0018980558,0.98295534,0.003079863,0.0033205585,0.0017705733,0.0011426249,0.0058330595,0.0
ERR719658,0.00023628995,0.0012458762,0.0016786878,0.992913,0.00075262395,0.0020026346,0.0011709202,0.0
ERR1384024,0.00023510015,0.0012515276,0.0016752075,0.99295354,0.0007447416,0.0019752397,0.001164644,0.0
SRR6670872,0.007696747,0.003654978,0.00072715874,0.009294932,0.001255445,0.9723433,0.0050273743,0.0
SRR5306489,0.0018980558,0.98295534,0.003079863,0.0033205585,0.0017705733,0.0011426249,0.0058330595,0.0
ERR1466884,0.00023299622,0.0012615646,0.0016890069,0.9929696,0.00073536736,0.0019701312,0.0011413334,0.0
ERR1548924,0.0025433113,0.037595656,0.078632735,0.035622887,0.8053822,0.006600091,0.033623185,0.0
DRR024115,0.00023536854,0.0012498655,0.001679228,0.9929367,0.0007468854,0.0019872624,0.0011646772,0.0
ERR1256628,0.0016675359,0.0017015213,0.0027000476,0.13012835,0.0033464094,0.8586723,0.0017838588,0.0
ERR1678204,0.0050000953,0.0036334284,0.009096717,0.0050867703,0.0008414318,0.0008884151,0.9754532,0.0
SRR6764722,0.0050000935,0.0036334568,0.009096714,0.0050869165,0.00084149075,0.00088847405,0.97545284,0.0
ERR1523293,0.007696748,0.0036548614,0.00072715885,0.009295021,0.0012554452,0.97234356,0.0050272867,0.0
ERR2762969,0.007697703,0.0036544458,0.000727187,0.00929694,0.0012556775,0.9723403,0.0050277477,0.0
ERR883548,0.00023311454,0.0012609959,0.0016873364,0.99297094,0.00073584117,0.0019686087,0.0011431744,0.0
SRR1784934,0.007879335,0.007841948,0.9407302,0.006737949,0.009433328,6.168039e-05,0.027315583,0.0
ERR1315425,0.00023252217,0.0012640437,0.0016921142,0.992974,0.00073314237,0.0019683624,0.0011358099,0.0
ERR444183,0.00023849544,0.0012377788,0.0016966847,0.9928405,0.0007645953,0.0020495497,0.0011723101,0.0
ERR1311541,0.0002589307,0.0011670614,0.0015752311,0.99264634,0.00086010905,0.002092468,0.0013998552,0.0
ERR1109391,0.00023261107,0.001263685,0.001691487,0.99297374,0.00073343876,0.00196833,0.0011367304,0.0
ERR1690905,0.0050000935,0.0036334568,0.009096714,0.0050869165,0.00084149075,0.00088847405,0.97545284,0.0
SRR5800746,0.0018980558,0.98295534,0.003079863,0.0033205585,0.0017705733,0.0011426249,0.0058330595,0.0
SRR6414310,0.00023246265,0.0012640733,0.001691995,0.99297404,0.00073323154,0.001968273,0.0011359288,0.0
ERR1971269,0.00024230931,0.0012211235,0.0016554481,0.99283737,0.00078067195,0.0020346309,0.0012284401,0.0
ERR675261,0.0076968377,0.0036549207,0.0007271883,0.009294789,0.0012554454,0.97234356,0.005027259,0.0
ERR1691212,0.0050000935,0.0036334568,0.009096714,0.0050869165,0.00084149075,0.00088847405,0.97545284,0.0
ERR1467000,0.00023543027,0.0012494908,0.0016839437,0.9929215,0.00074852846,0.0019993875,0.0011618625,0.0
ERR1385523,0.0002344824,0.0012540034,0.0016898022,0.9929283,0.0007444362,0.001997934,0.0011510251,0.0
SRR5564421,0.007696748,0.0036548614,0.00072715885,0.009295021,0.0012554452,0.97234356,0.0050272867,0.0
SRR2145552,0.0002323735,0.001264163,0.0016921443,0.9929743,0.0007330533,0.0019682439,0.0011356913,0.0
ERR2495410,0.0050000935,0.0036334568,0.009096714,0.0050869165,0.00084149075,0.00088847405,0.97545284,0.0
ERR1691858,0.0050000935,0.0036334568,0.009096714,0.0050869165,0.00084149075,0.00088847405,0.97545284,0.0
ERR2314532,0.0050000935,0.0036334568,0.009096714,0.0050869165,0.00084149075,0.00088847405,0.97545284,0.0
SRR3664367,0.0018980558,0.98295534,0.003079863,0.0033205585,0.0017705733,0.0011426249,0.0058330595,0.0
SRR980703,0.007879335,0.007841948,0.9407302,0.006737949,0.009433328,6.168039e-05,0.027315583,0.0
ERR522578,0.00023249222,0.0012638641,0.0016917557,0.9929739,0.00073332025,0.0019683014,0.0011363147,0.0
SRR7303125,0.0077210288,0.0036547012,0.0007297921,0.009289832,0.0012580178,0.9723041,0.005042469,0.0
ERR924051,0.0050000935,0.0036334568,0.009096714,0.0050869165,0.00084149075,0.00088847405,0.97545284,0.0
ERR956967,0.0076893102,0.0038122018,0.0007124776,0.009293198,0.0013140342,0.9720879,0.0050908537,0.0
ERR1109592,0.0002325812,0.0012631487,0.001691962,0.9929704,0.00073403324,0.0019704704,0.0011374139,0.0
SRR4414691,0.007879335,0.007841948,0.9407302,0.006737949,0.009433328,6.168039e-05,0.027315583,0.0
SRR3581148,0.0002544878,0.0011951646,0.0017145803,0.99253166,0.0008432065,0.0022078215,0.0012530758,0.0
SRR5180155,0.0018980558,0.98295534,0.003079863,0.0033205585,0.0017705733,0.0011426249,0.0058330595,0.0
SRR944516,0.007879335,0.007841948,0.9407302,0.006737949,0.009433328,6.168039e-05,0.027315583,0.0
ERR1558917,0.00023373726,0.0012581894,0.0016850322,0.99296325,0.00073854194,0.001972251,0.0011489653,0.0
SRR6932178,0.0002323735,0.001264163,0.0016921443,0.9929743,0.0007330533,0.0019682439,0.0011356913,0.0
SRR5595814,0.0018980558,0.98295534,0.003079863,0.0033205585,0.0017705733,0.0011426249,0.0058330595,0.0
ERR2022806,0.0002323735,0.0012641035,0.0016920848,0.99297434,0.00073308306,0.0019682439,0.0011357805,0.0
ERR2228129,0.007833711,0.0035843253,0.00075581396,0.009956251,0.0012842014,0.97155905,0.005026665,0.0
SRR5178812,0.0018980558,0.98295534,0.003079863,0.0033205585,0.0017705733,0.0011426249,0.0058330595,0.0
ERR2738885,0.00024286403,0.0012203873,0.0016278374,0.99289536,0.00077802147,0.0019892782,0.0012462321,0.0
SRR5230525,0.0018980558,0.98295534,0.003079863,0.0033205585,0.0017705733,0.0011426249,0.0058330595,0.0
ERR1678306,0.0050000935,0.0036334568,0.009096714,0.0050869165,0.00084149075,0.00088847405,0.97545284,0.0
SRR5180322,0.0018980558,0.98295534,0.003079863,0.0033205585,0.0017705733,0.0011426249,0.0058330595,0.0
ERR2249178,0.00023895268,0.001235035,0.0016523545,0.9929229,0.0007612936,0.0019842829,0.0012050841,0.0
SRR3419392,0.00023332234,0.0012606069,0.0016866492,0.99297035,0.0007362563,0.0019686052,0.0011442135,0.0
ERR1582365,0.0018980558,0.98295534,0.003079863,0.0033205585,0.0017705733,0.0011426249,0.0058330595,0.0
ERR1315064,0.00023243288,0.0012638946,0.0016920542,0.9929733,0.0007332909,0.0019688974,0.0011360775,0.0
ERR441267,0.00023252195,0.001263864,0.0016916961,0.9929738,0.0007333796,0.0019682713,0.0011363741,0.0
SRR6745796,0.0018980558,0.98295534,0.003079863,0.0033205585,0.0017705733,0.0011426249,0.0058330595,0.0
SRR923485,0.007879335,0.007841948,0.9407302,0.006737949,0.009433328,6.168039e-05,0.027315583,0.0
SRR1747461,0.0018980558,0.98295534,0.003079863,0.0033205585,0.0017705733,0.0011426249,0.0058330595,0.0
SRR994919,0.0002323735,0.001264163,0.0016921443,0.9929743,0.0007330533,0.0019682439,0.0011356913,0.0
SRR5156051,0.0002323735,0.001264163,0.0016921443,0.9929743,0.0007330533,0.0019682439,0.0011356913,0.0
SRR1747598,0.0018980558,0.98295534,0.003079863,0.0033205585,0.0017705733,0.0011426249,0.0058330595,0.0
ERR1677307,0.0050000935,0.0036334568,0.009096714,0.0050869165,0.00084149075,0.00088847405,0.97545284,0.0
ERR1263733,0.0058427895,0.0040588086,0.000751983,0.01306569,0.0012369376,0.9688698,0.0061739297,0.0
ERR1989794,0.00769984,0.003655441,0.0007273041,0.009294362,0.0012558238,0.97233623,0.00503094,0.0
SRR5869284,0.0002323735,0.001264163,0.0016921443,0.9929743,0.0007330533,0.0019682439,0.0011356913,0.0
SRR996957,0.0002323735,0.001264163,0.0016921443,0.9929743,0.0007330533,0.0019682439,0.0011356913,0.0
SRR4415098,0.007879335,0.007841948,0.9407302,0.006737949,0.009433328,6.168039e-05,0.027315583,0.0
SRR2658748,0.00023397406,0.0012570231,0.0016824359,0.99296343,0.00073960907,0.0019714679,0.0011519935,0.0
SRR6028381,0.00023643451,0.0012457948,0.0016694376,0.99293834,0.0007506178,0.0019823734,0.0011770864,0.0
ERR543440,0.007879335,0.007841948,0.9407302,0.006737949,0.009433328,6.168039e-05,0.027315583,0.0
ERR1678288,0.0050000944,0.0036334572,0.009096716,0.005086917,0.00084149087,0.0008883852,0.97545296,0.0
ERR1328468,0.00023657463,0.0011577733,0.0019537704,0.98896074,0.0010505639,0.005176925,0.0014636996,0.0
ERR579490,0.00023258147,0.0012638046,0.0016917855,0.99297345,0.00073335,0.0019685691,0.0011363742,0.0
SRR1785017,0.007879335,0.007841948,0.9407302,0.006737949,0.009433328,6.168039e-05,0.027315583,0.0
ERR1582058,0.0018980558,0.98295534,0.003079863,0.0033205585,0.0017705733,0.0011426249,0.0058330595,0.0
SRR7633207,0.0018980558,0.98295534,0.003079863,0.0033205585,0.0017705733,0.0011426249,0.0058330595,0.0
ERR441276,0.0002324627,0.0012641628,0.0016920846,0.99297416,0.0007331127,0.0019682436,0.0011357804,0.0
ERR1512119,0.007696748,0.0036548614,0.00072715885,0.009295021,0.0012554452,0.97234356,0.0050272867,0.0
ERR1583209,0.0018980558,0.98295534,0.003079863,0.0033205585,0.0017705733,0.0011426249,0.0058330595,0.0
SRR5626886,0.0018980558,0.98295534,0.003079863,0.0033205585,0.0017705733,0.0011426249,0.0058330595,0.0
ERR983861,0.00023246265,0.001264103,0.0016921734,0.99297404,0.00073314225,0.0019682432,0.0011358396,0.0
SRR6264200,0.00021374862,0.0012217455,0.0031008904,0.9465197,0.0015509621,0.046015605,0.0013773467,0.0
SRR1460657,0.0018980558,0.98295534,0.003079863,0.0033205585,0.0017705733,0.0011426249,0.0058330595,0.0
ERR1103185,0.0018980558,0.98295534,0.003079863,0.0033205585,0.0017705733,0.0011426249,0.0058330595,0.0
ERR441591,0.00023249231,0.0012640134,0.0016919349,0.9929739,0.00073323125,0.0019682425,0.0011360771,0.0
DRR041998,0.0002575537,0.0011863232,0.0016997057,0.9925334,0.0008461204,0.0021768939,0.0013000513,0.0
SRR7453467,0.0002324329,0.0012640138,0.0016919057,0.9929741,0.000733172,0.0019683326,0.0011360181,0.0
ERR1760094,0.00023261094,0.001263476,0.001691486,0.9929727,0.0007336763,0.001968894,0.0011371165,0.0
SRR5155995,0.00023258114,0.0012634756,0.0016911287,0.9929735,0.0007337059,0.0019683284,0.0011373244,0.0
ERR3344375,0.0018980558,0.98295534,0.003079863,0.0033205585,0.0017705733,0.0011426249,0.0058330595,0.0
SRR5196351,0.00023249253,0.0012637766,0.0016925314,0.99297154,0.0007334699,0.0019702672,0.0011358402,0.0
ERR1522494,0.0041408315,0.16066353,0.00057471835,0.001543008,0.0039562676,0.81731725,0.011804382,0.0
ERR2495371,0.0050000935,0.0036334568,0.009096714,0.0050869165,0.00084149075,0.00088847405,0.97545284,0.0
ERR1624700,0.00026824992,0.0014764767,0.0021421274,0.9818174,0.0013730607,0.01123126,0.0016913804,0.0
ERR466687,0.007699164,0.003656627,0.00072694966,0.009296872,0.0012567559,0.972328,0.0050356346,0.0
ERR1533684,0.007721652,0.003695951,0.000720534,0.009255327,0.0012745972,0.9722675,0.0050644446,0.0
ERR525728,0.000232611,0.001263625,0.0016912485,0.99297374,0.00073358725,0.00196824,0.0011369977,0.0
SRR1573328,0.0018980558,0.98295534,0.003079863,0.0033205585,0.0017705733,0.0011426249,0.0058330595,0.0
ERR923576,0.0050000935,0.0036334568,0.009096714,0.0050869165,0.00084149075,0.00088847405,0.97545284,0.0
ERR1313445,0.00023349997,0.0012592342,0.0016853344,0.9929666,0.0007376517,0.0019707992,0.0011468864,0.0
SRR5155820,0.00023269995,0.0012631476,0.00169083,0.99297196,0.0007340623,0.0019693084,0.0011379482,0.0
SRR5915309,0.0018980558,0.98295534,0.003079863,0.0033205585,0.0017705733,0.0011426249,0.0058330595,0.0
ERR719430,0.00023537023,0.0012497852,0.0016818277,0.9929244,0.00074855646,0.0019970925,0.0011629603,0.0
SRR5916580,0.0018980558,0.98295534,0.003079863,0.0033205585,0.0017705733,0.0011426249,0.0058330595,0.0
SRR6148428,0.00023356172,0.0012582052,0.001693144,0.9929472,0.00073899736,0.0019856314,0.0011432685,0.0
SRR1145305,0.00024472276,0.0012162674,0.0016842089,0.9927626,0.00079032243,0.0020748493,0.0012269747,0.0
ERR1331852,0.00023323298,0.0024515986,0.003141582,0.83122003,0.0014184713,0.12069705,0.0014594793,0.039378524
SRR5177327,0.0018980558,0.98295534,0.003079863,0.0033205585,0.0017705733,0.0011426249,0.0058330595,0.0
ERR1135467,0.0076979427,0.0036543019,0.00072721683,0.009296654,0.0012556198,0.9723409,0.0050273705,0.0
ERR499476,0.0002520242,0.0011859561,0.001601179,0.9927541,0.0008227141,0.0020503919,0.0013336319,0.0
ERR499660,0.00023243295,0.0012641033,0.0016920846,0.9929742,0.0007331424,0.0019682436,0.0011357209,0.0
ERR1311605,0.00024245364,0.001221488,0.0016417073,0.9928605,0.0007802415,0.002017195,0.0012364779,0.0
DRR042842,0.00023501161,0.0012525426,0.0016775028,0.9929533,0.0007440597,0.0019751564,0.0011624761,0.0
ERR1720621,0.0050001824,0.003633516,0.009096714,0.0050868574,0.0008414018,0.00088847405,0.9754529,0.0
SRR7303178,0.007697364,0.0036552425,0.00072721747,0.009294055,0.0012554745,0.9723424,0.005028342,0.0
ERR1428414,0.0050000935,0.0036334568,0.009096714,0.0050869165,0.00084149075,0.00088847405,0.97545284,0.0
SRR2761382,0.00026107155,0.0011621846,0.0015995539,0.99258167,0.0008678696,0.0021252057,0.0014024716,0.0
ERR1359951,0.0070822313,0.0035882827,0.00076410896,0.011396039,0.0013068542,0.9706477,0.0052148486,0.0
ERR1691273,0.0050000935,0.0036334568,0.009096714,0.0050869165,0.00084149075,0.00088847405,0.97545284,0.0
ERR1897551,0.0018980558,0.98295534,0.003079863,0.0033205585,0.0017705733,0.0011426249,0.0058330595,0.0
ERR441201,0.0002324627,0.0012641033,0.0016920846,0.99297416,0.0007330532,0.0019682436,0.00113581,0.0
SRR4826513,0.0018980558,0.98295534,0.003079863,0.0033205585,0.0017705733,0.0011426249,0.0058330595,0.0
ERR1583374,0.0018980558,0.98295534,0.003079863,0.0033205585,0.0017705733,0.0011426249,0.0058330595,0.0
ERR1689346,0.0050000935,0.0036334568,0.009096714,0.0050869165,0.00084149075,0.00088847405,0.97545284,0.0
DRR043119,0.00023465615,0.0012538295,0.0016800417,0.9929542,0.0007426961,0.00197621,0.0011584084,0.0
SRR2103005,0.0018980558,0.98295534,0.003079863,0.0033205585,0.0017705733,0.0011426249,0.0058330595,0.0
ERR924320,0.0050000935,0.0036334568,0.009096714,0.0050869165,0.00084149075,0.00088847405,0.97545284,0.0
SRR5520583,0.0002324627,0.0012641033,0.0016921143,0.9929742,0.0007331127,0.0019682436,0.0011357804,0.0
SRR3624417,0.0018980558,0.98295534,0.003079863,0.0033205585,0.0017705733,0.0011426249,0.0058330595,0.0
ERR501131,0.00023249222,0.0012638046,0.0016916665,0.9929739,0.00073335,0.0019682418,0.0011364337,0.0
SRR2658783,9.086538e-05,0.004704624,0.004111379,0.8155988,0.0005935132,0.08624505,0.0012936889,0.08736204
SRR3381569,0.0002323735,0.001264163,0.0016921443,0.9929743,0.0007330533,0.0019682439,0.0011356913,0.0
ERR525784,0.00026169757,0.0011776837,0.0017233257,0.9923044,0.00088106934,0.002363457,0.0012883528,0.0
ERR2059971,0.012803396,0.0039983853,0.0010747375,0.011192845,0.0014161723,0.9646995,0.0048149973,0.0
SRR6309255,0.00024520914,0.0012098373,0.0016330425,0.9928331,0.0007908256,0.0020243363,0.001263697,0.0
SRR5156229,0.0002324627,0.0012640735,0.0016920846,0.9929742,0.00073308294,0.0019682436,0.00113581,0.0
ERR1297923,0.0050000935,0.0036334568,0.009096714,0.0050869165,0.00084149075,0.00088847405,0.97545284,0.0
DRR043072,0.00024245649,0.0012222163,0.0016585606,0.99284565,0.00077804975,0.002024357,0.0012287297,0.0
SRR6429181,0.0018980558,0.98295534,0.003079863,0.0033205585,0.0017705733,0.0011426249,0.0058330595,0.0
ERR1897387,0.0018980558,0.98295534,0.003079863,0.0033205585,0.0017705733,0.0011426249,0.0058330595,0.0
ERR1523723,0.007698175,0.0036542132,0.00072724593,0.0092972955,0.0012556196,0.9723405,0.00502693,0.0
SRR1200778,0.0018980558,0.98295534,0.003079863,0.0033205585,0.0017705733,0.0011426249,0.0058330595,0.0
SRR1461346,0.00023821149,0.0012398062,0.0016533525,0.9929489,0.0007555608,0.0019677656,0.0011963219,0.0
SRR1920161,0.007879335,0.007841948,0.9407302,0.006737949,0.009433328,6.168039e-05,0.027315583,0.0
SRR6028295,0.00024603386,0.0012069726,0.0016129151,0.9928666,0.00079082954,0.0019970587,0.0012796556,0.0
ERR579716,0.00024657656,0.0012054921,0.0016339304,0.9927933,0.00080019166,0.0020481825,0.0012722589,0.0
ERR923447,0.0050000935,0.0036334568,0.009096714,0.0050869165,0.00084149075,0.00088847405,0.97545284,0.0
ERR2495222,0.0050000935,0.0036334568,0.009096714,0.0050869165,0.00084149075,0.00088847405,0.97545284,0.0
ERR894649,0.005000566,0.0036324773,0.009096651,0.005088723,0.0008415497,0.0008882366,0.9754518,0.0
SRR803226,0.0018980558,0.98295534,0.003079863,0.0033205585,0.0017705733,0.0011426249,0.0058330595,0.0
ERR1689741,0.0050000935,0.0036334568,0.009096714,0.0050869165,0.00084149075,0.00088847405,0.97545284,0.0
SRR2581407,0.0018980558,0.98295534,0.003079863,0.0033205585,0.0017705733,0.0011426249,0.0058330595,0.0
ERR1310107,0.00025917953,0.0011790512,0.0016476265,0.9925088,0.00087199116,0.0021961117,0.0013372356,0.0
ERR1691831,0.0050000935,0.0036334568,0.009096714,0.0050869165,0.00084149075,0.00088847405,0.97545284,0.0
SRR5902527,0.0018980558,0.98295534,0.003079863,0.0033205585,0.0017705733,0.0011426249,0.0058330595,0.0
SRR5720304,0.0018980558,0.98295534,0.003079863,0.0033205585,0.0017705733,0.0011426249,0.0058330595,0.0
SRR1503400,0.007879335,0.007841948,0.9407302,0.006737949,0.009433328,6.168039e-05,0.027315583,0.0
ERR1103332,0.0018980558,0.98295534,0.003079863,0.0033205585,0.0017705733,0.0011426249,0.0058330595,0.0
ERR1522989,0.0076967487,0.0036548618,0.00072712963,0.009294905,0.0012554453,0.9723436,0.0050272876,0.0
SRR5915764,0.0018980558,0.98295534,0.003079863,0.0033205585,0.0017705733,0.0011426249,0.0058330595,0.0
ERR499847,0.00023275883,0.0012625791,0.0016896953,0.9929727,0.0007345066,0.0019682324,0.0011394623,0.0
ERR2538324,0.0077130883,0.0036574681,0.00072791456,0.009296412,0.0012622887,0.97229517,0.005047778,0.0
ERR525868,0.00023596034,0.0012480646,0.001671889,0.99294347,0.0007484223,0.0019803357,0.0011719493,0.0
ERR675529,0.00769774,0.003654801,0.00072721706,0.009294694,0.0012556203,0.9723419,0.005028046,0.0
SRR996289,0.0002323735,0.001264163,0.0016921443,0.9929743,0.0007330533,0.0019682439,0.0011356913,0.0
SRR5568728,0.0018980558,0.98295534,0.003079863,0.0033205585,0.0017705733,0.0011426249,0.0058330595,0.0
ERR2738774,0.000237471,0.0012431535,0.0016589062,0.99295175,0.00075241784,0.0019685645,0.001187712,0.0
SRR5902444,0.0018980558,0.98295534,0.003079863,0.0033205585,0.0017705733,0.0011426249,0.0058330595,0.0
ERR2511694,0.00023249228,0.001263924,0.0016919347,0.9929737,0.00073326094,0.0019684506,0.001136196,0.0
ERR2003096,0.00023243295,0.0012641628,0.0016920548,0.9929742,0.0007330532,0.0019682436,0.00113581,0.0
ERR450861,0.0002325222,0.0012641033,0.0016920846,0.9929742,0.00073308294,0.0019682436,0.0011357804,0.0
ERR1384587,0.00023373695,0.0012583365,0.0016832155,0.9929678,0.00073833275,0.0019690064,0.0011495587,0.0
ERR2198668,0.00023504121,0.0012525121,0.0016758362,0.99295604,0.0007439997,0.0019738763,0.0011627431,0.0
ERR531630,0.00024473984,0.0012120407,0.0016451014,0.9928099,0.00079173886,0.002044168,0.0012523101,0.0
SRR5823411,0.0077862754,0.0036333257,0.00072878547,0.009428817,0.0012761432,0.9720061,0.0051405365,0.0
ERR007317,0.00023252223,0.001264044,0.0016920252,0.99297434,0.0007330533,0.0019682439,0.0011357805,0.0
ERR2836164,0.00775056,0.0036995022,0.0007210048,0.009267485,0.0012808166,0.97216237,0.005118229,0.0
ERR2739103,0.00023803371,0.0012402559,0.0016551121,0.99294627,0.00075526553,0.001970448,0.0011946895,0.0
SRR996205,0.00023237347,0.0012641628,0.0016921441,0.9929742,0.0007330532,0.0019682436,0.00113581,0.0
ERR1109545,0.0002324626,0.001263954,0.0016919648,0.9929739,0.0007332611,0.001968332,0.0011360475,0.0
ERR1428659,0.0050000944,0.0036334572,0.009096716,0.005086917,0.00084149087,0.0008883852,0.97545296,0.0
ERR1593529,0.007879335,0.007841948,0.9407302,0.006737949,0.009433328,6.168039e-05,0.027315583,0.0
SRR4054827,0.0018980558,0.98295534,0.0030798924,0.00332047,0.0017706323,0.0011426249,0.005833089,0.0
ERR1548825,0.0025429153,0.037591342,0.078646705,0.035610422,0.8053833,0.0066043963,0.03362083,0.0
ERR380964,0.007879336,0.007841978,0.94073015,0.006737832,0.0094333,6.1680505e-05,0.027315762,0.0
SRR1600307,0.0018980558,0.98295534,0.003079863,0.0033205585,0.0017705733,0.0011426249,0.0058330595,0.0
ERR1398091,0.00022876762,0.0011680207,0.0019044436,0.99150217,0.00085891224,0.0031843346,0.0011533565,0.0
SRR5868844,0.0002323735,0.001264163,0.0016921443,0.9929743,0.0007330533,0.0019682439,0.0011356913,0.0
ERR1256263,0.0076966616,0.003654862,0.00072715903,0.009294994,0.001255504,0.97234356,0.0050273174,0.0
SRR1784919,0.007879335,0.007841948,0.9407302,0.006737949,0.009433328,6.168039e-05,0.027315583,0.0
SRR1998999,0.004999812,0.0036336454,0.009097542,0.0050866646,0.0008413747,0.00088847673,0.9754525,0.0
DRR068227,0.0002329069,0.0012613559,0.0016887981,0.99296916,0.000735605,0.0019704874,0.0011417494,0.0
ERR923932,0.0050000935,0.0036334568,0.009096714,0.0050869165,0.00084149075,0.00088847405,0.97545284,0.0
ERR833548,0.0018980558,0.98295534,0.003079863,0.0033205585,0.0017705733,0.0011426249,0.0058330595,0.0
ERR2511928,0.00023999016,0.0012311207,0.0016472741,0.9929154,0.0007651787,0.001986187,0.0012148516,0.0
ERR1382730,0.0002357578,0.0012495818,0.0016817746,0.9929123,0.0007514148,0.0020052798,0.0011639463,0.0
DRR042798,0.00023311476,0.0012607888,0.0016882898,0.99296784,0.00073610956,0.001971109,0.0011427888,0.0
SRR4415437,0.007879335,0.007841948,0.9407302,0.006737949,0.009433328,6.168039e-05,0.027315583,0.0
SRR6746152,0.0018979969,0.9829554,0.0030798335,0.003320529,0.0017706323,0.0011426249,0.005833089,0.0
SRR5823489,0.0018980558,0.98295534,0.003079863,0.0033205585,0.0017705733,0.0011426249,0.0058330595,0.0
DRR047330,0.00024225048,0.0012219596,0.0016631262,0.99283606,0.00077874085,0.0020328816,0.0012250231,0.0
SRR5179937,0.0018980558,0.98295534,0.003079863,0.0033205585,0.0017705733,0.0011426249,0.0058330595,0.0
ERR883585,0.00023931685,0.0012334068,0.0016700128,0.9928628,0.0007684849,0.0020286608,0.0011972684,0.0
SRR5467785,0.00023267028,0.0012626721,0.0016918122,0.9929682,0.000734479,0.001972135,0.0011380082,0.0
DRR048154,0.00023453888,0.001253898,0.0016858542,0.9929428,0.00074302865,0.0019845825,0.0011552341,0.0
SRR7453982,0.00023246265,0.0012640138,0.0016920841,0.9929736,0.00073320174,0.00196863,0.0011359586,0.0
ERR1548762,0.0025429153,0.037591342,0.078646705,0.035610422,0.8053833,0.0066043963,0.03362083,0.0
SRR1461720,0.0002631152,0.001146974,0.0015094784,0.9927708,0.0008556743,0.0019800235,0.0014739505,0.0
ERR500007,0.00023237347,0.0012641628,0.0016921441,0.9929742,0.0007330532,0.0019682436,0.00113581,0.0
SRR6394226,0.0002326997,0.0012629082,0.0016905605,0.9929721,0.0007341805,0.001969009,0.001138542,0.0
ERR1676969,0.0050000935,0.0036334568,0.009096714,0.0050869165,0.00084149075,0.00088847405,0.97545284,0.0
ERR1690474,0.0050000935,0.0036334568,0.009096714,0.0050869165,0.00084149075,0.00088847405,0.97545284,0.0
SRR995080,0.0002323735,0.001264163,0.0016921443,0.9929743,0.0007330533,0.0019682439,0.0011356913,0.0
ERR1314303,0.00023445487,0.0016197562,0.00248155,0.9715892,0.0012694597,0.018678904,0.0015524626,0.0025742054
SRR6414226,0.0002324627,0.0012641033,0.0016920846,0.99297416,0.0007330532,0.0019682436,0.00113581,0.0
ERR1103003,0.0018980558,0.98295534,0.003079863,0.0033204993,0.0017705733,0.0011426249,0.0058330595,0.0
SRR921030,0.0002323735,0.001264163,0.0016921443,0.9929743,0.0007330533,0.0019682439,0.0011356913,0.0
SRR4431466,0.0018980558,0.98295534,0.003079863,0.0033205585,0.0017705733,0.0011426249,0.0058330595,0.0
ERR1523629,0.0076967487,0.0036548618,0.00072712963,0.009294905,0.0012554453,0.9723436,0.0050272876,0.0
ERR1384369,0.00024276208,0.001192098,0.0017344016,0.9923373,0.00083036406,0.0024468347,0.0012163088,0.0
ERR444265,0.0002323735,0.001264163,0.0016921443,0.9929743,0.0007330533,0.0019682439,0.0011356913,0.0
SRR3362121,0.00023886476,0.001235577,0.001655784,0.99291897,0.00076082186,0.0019880412,0.0012019082,0.0
DRR047790,0.00023718047,0.0012423866,0.0016828392,0.99289733,0.00075559266,0.002008598,0.001176057,0.0
ERR525699,0.00023670125,0.0012445108,0.0016679437,0.9929345,0.0007520425,0.0019841501,0.0011800857,0.0
SRR3951110,0.00023335191,0.0012593567,0.0016875998,0.99296314,0.0007374456,0.0019736604,0.0011454916,0.0
ERR719382,0.0002333225,0.0012598939,0.0016877212,0.992964,0.00073708966,0.0019735442,0.0011444523,0.0
DRR047640,0.00023246267,0.0012641032,0.0016920844,0.9929741,0.0007331126,0.001968303,0.0011357802,0.0
ERR1690604,0.0050000935,0.0036334568,0.009096714,0.0050869165,0.00084149075,0.00088847405,0.97545284,0.0
ERR567263,0.007720831,0.0038023568,0.00073177,0.009111314,0.0012674229,0.97218,0.0051862197,0.0
ERR1314447,0.00026236995,0.0011661977,0.001631404,0.9924889,0.00088220893,0.0021902523,0.0013786094,0.0
SRR6409089,0.00023462747,0.0012542516,0.0016839459,0.9929479,0.0007426102,0.0019805022,0.0011562422,0.0
ERR1256555,0.007696748,0.0036548614,0.0007272467,0.00929508,0.0012554452,0.9723433,0.0050272867,0.0
SRR5180594,0.0018980558,0.98295534,0.003079863,0.0033205585,0.0017705733,0.0011426249,0.0058330595,0.0
SRR6239872,0.00023246276,0.0012638656,0.0016924419,0.99297225,0.00073335087,0.0019698802,0.0011358104,0.0
ERR866821,0.00023382572,0.0012576795,0.0016827659,0.9929654,0.0007390154,0.0019704003,0.0011508651,0.0
SRR5180325,0.0018980558,0.98295534,0.003079863,0.0033205585,0.0017705733,0.0011426249,0.0058330595,0.0
ERR1624628,0.00023246267,0.0012641032,0.0016921142,0.99297416,0.0007331126,0.0019682434,0.0011357802,0.0
ERR1383511,0.00023594548,0.001249809,0.0016997474,0.992866,0.0007548649,0.0020454854,0.0011482561,0.0
ERR1384218,0.00024372351,0.0012157921,0.0016267168,0.9928818,0.0007815807,0.0019957966,0.0012546333,0.0
ERR499160,0.0002325222,0.0012641033,0.0016921441,0.9929742,0.00073308294,0.0019682436,0.0011357209,0.0
SRR5431337,0.00023730395,0.0012442841,0.0016812648,0.99287623,0.0007605148,0.0020273454,0.0011730454,0.0
SRR776266,0.007879335,0.007841948,0.9407302,0.006737949,0.009433328,6.168039e-05,0.027315583,0.0
ERR1467057,0.0002335295,0.0012590247,0.001685303,0.99296635,0.00073774025,0.0019706783,0.0011473316,0.0
ERR1297876,0.0050000935,0.0036334568,0.009096714,0.0050869165,0.00084149075,0.00088847405,0.97545284,0.0
ERR2260426,0.80731577,0.015505611,0.046726406,0.0075833807,0.00069588167,0.05107449,0.071098454,0.0
SRR6409171,0.00023269973,0.0012627299,0.0016908878,0.9929706,0.0007344483,0.0019700502,0.0011385124,0.0
ERR1759857,0.007879335,0.007841948,0.9407302,0.006737949,0.009433328,6.168039e-05,0.027315583,0.0
SRR6004996,0.0018980558,0.98295534,0.003079863,0.0033205585,0.0017705733,0.0011426249,0.0058330595,0.0
ERR720085,0.00023460676,0.0012549544,0.0017038811,0.99291426,0.0007435907,0.0020098784,0.0011388854,0.0
SRR2897238,0.0076973042,0.0036550956,0.0007272174,0.009293967,0.0012555037,0.97234315,0.005027697,0.0
ERR1111291,0.00023314453,0.0012614136,0.0016878438,0.99297124,0.0007355742,0.0019685512,0.0011422237,0.0
ERR1428947,0.0050000944,0.0036334572,0.0090967445,0.005086917,0.0008414019,0.0008883852,0.97545296,0.0
ERR1383320,0.0002452314,0.0012143194,0.0016764966,0.99273723,0.0007990767,0.0020975985,0.0012300534,0.0
ERR520860,0.0002686353,0.0012592244,0.0033533764,0.9352885,0.0015788476,0.05732133,0.0009302039,0.0
SRR6444522,0.0002361378,0.0012475238,0.0016695617,0.9929452,0.0007490437,0.0019781264,0.0011743237,0.0
SRR7081190,0.0018980558,0.98295534,0.003079863,0.0033205585,0.0017705733,0.0011426249,0.0058330595,0.0
SRR8608359,0.0050000935,0.0036334568,0.009096714,0.0050869165,0.00084149075,0.00088847405,0.97545284,0.0
ERR589304,0.0018980558,0.98295534,0.003079863,0.0033205585,0.0017705733,0.0011426249,0.0058330595,0.0
ERR878236,0.007699364,0.0036512923,0.00072754046,0.009302677,0.0012567646,0.9723348,0.0050276737,0.0
ERR499651,0.00031268454,0.001578677,0.0029053593,0.88670623,0.001987178,0.105050385,0.0014595024,0.0
SRR7453349,0.00023246265,0.001263984,0.0016919652,0.99297416,0.00073320174,0.001968273,0.0011359288,0.0
SRR8609450,0.0050000935,0.0036334568,0.009096714,0.0050869165,0.00084149075,0.00088847405,0.97545284,0.0
SRR5588430,0.0012142956,0.3338362,0.10271329,0.0001257956,0.005829543,0.00019776821,0.24784416,0.30823898
ERR2531948,0.00023246263,0.0012640434,0.0016920245,0.9929739,0.0007332017,0.001968362,0.0011359287,0.0
ERR1689794,0.0050000935,0.0036334568,0.009096714,0.0050869165,0.00084149075,0.00088847405,0.97545284,0.0
ERR675518,0.007696748,0.0036548614,0.00072715885,0.009295021,0.0012554452,0.97234356,0.0050272867,0.0
ERR1690187,0.0050000935,0.0036334568,0.009096714,0.0050869165,0.00084149075,0.00088847405,0.97545284,0.0
SRR8611180,0.0050000935,0.0036334568,0.009096714,0.0050869165,0.00084149075,0.00088847405,0.97545284,0.0
ERR1582387,0.0018980558,0.98295534,0.003079863,0.0033205585,0.0017705733,0.0011426249,0.0058330595,0.0
ERR538552,0.007879335,0.007841948,0.9407302,0.006737949,0.009433328,6.168039e-05,0.027315583,0.0
ERR1971137,0.00023379728,0.0012570322,0.001687475,0.9929522,0.00073997135,0.0019807033,0.0011487597,0.0
ERR2729966,0.00037893653,0.004341215,0.0016253293,0.885406,0.011121571,0.07188758,0.00035870075,0.024880648
SRR6028411,0.00023913017,0.0012355058,0.0016490761,0.99293566,0.0007601008,0.00197443,0.0012061202,0.0
SRR5467632,0.00023252214,0.0012641625,0.0016921139,0.9929739,0.00073314225,0.0019683326,0.0011357801,0.0
ERR441360,0.00023246273,0.001264044,0.0016920252,0.99297434,0.0007330533,0.0019682439,0.0011357805,0.0
SRR3922919,0.007879335,0.007841948,0.9407302,0.006737949,0.009433328,6.168039e-05,0.027315583,0.0
ERR1828984,0.0050000935,0.0036334568,0.009096714,0.0050869165,0.00084149075,0.00088847405,0.97545284,0.0
ERR1896686,0.0018980558,0.98295534,0.003079863,0.0033205585,0.0017705733,0.0011426249,0.0058330595,0.0
SRR6931354,0.0002323735,0.001264163,0.0016921443,0.9929743,0.0007330533,0.0019682439,0.0011356913,0.0
SRR6429191,0.0018980558,0.98295534,0.003079863,0.0033205585,0.0017705733,0.0011426249,0.0058330595,0.0
ERR1428872,0.005000095,0.0036334577,0.0090967165,0.005086918,0.00084140204,0.00088838534,0.9754531,0.0
ERR1298225,0.0050000935,0.0036334568,0.009096714,0.0050869165,0.00084149075,0.00088847405,0.97545284,0.0
SRR926267,0.007879335,0.007841948,0.9407302,0.006737949,0.009433328,6.168039e-05,0.027315583,0.0
ERR1522877,0.007697157,0.003656179,0.00072704157,0.009293028,0.0012558551,0.9723433,0.0050274036,0.0
ERR1384644,0.00023329315,0.0012598663,0.0016886462,0.9929613,0.00073723966,0.0019758379,0.0011438294,0.0
SRR943957,0.0018980558,0.98295534,0.0030798924,0.00332047,0.0017706323,0.0011426249,0.0058330004,0.0
DRR043936,0.00023264048,0.0012629097,0.0016912466,0.9929709,0.00073424086,0.0019701712,0.0011379187,0.0
ERR1690205,0.0050000935,0.0036334568,0.009096714,0.0050869165,0.00084149075,0.00088847405,0.97545284,0.0
SRR5915424,0.0018980558,0.98295534,0.003079863,0.0033204993,0.0017705733,0.0011426249,0.0058330595,0.0
SRR6932433,0.00023252214,0.001264103,0.0016920841,0.992974,0.00073314225,0.0019683028,0.0011357801,0.0
ERR2985256,0.80765915,0.014451807,0.046980575,0.007828305,0.0006906935,0.051802848,0.07058662,0.0
SRR6451771,0.00024780972,0.001201489,0.0015963252,0.99288076,0.00079478725,0.0019790577,0.0012996851,0.0
ERR1466934,0.00023598959,0.0012479429,0.0016714095,0.9929452,0.00074830174,0.001978309,0.0011727796,0.0
ERR1924322,0.80765885,0.014451692,0.046980783,0.007828303,0.00069069327,0.051802803,0.070586875,0.0
ERR522257,0.00023349986,0.001259412,0.0016850659,0.992968,0.00073747284,0.0019696085,0.0011468859,0.0
ERR2262502,0.0077135544,0.0036561089,0.00072620175,0.009302148,0.0012607413,0.97229695,0.0050442833,0.0
ERR2228122,0.007700187,0.0036552774,0.00072733575,0.0092883,0.001256238,0.9723406,0.0050321864,0.0
SRR6764716,0.0050000935,0.0036334568,0.009096714,0.0050869165,0.00084149075,0.00088847405,0.97545284,0.0
SRR3633379,0.0018980558,0.98295534,0.003079863,0.0033205585,0.0017705733,0.0011426249,0.0058330595,0.0
SRR5514592,0.0018980558,0.98295534,0.003079863,0.0033205585,0.0017705733,0.0011426249,0.0058330595,0.0
SRR3501913,0.00023522122,0.0012502299,0.0016813796,0.99293005,0.00074748474,0.001993134,0.0011625425,0.0
SRR6444818,0.0002362354,0.0012481927,0.0016848504,0.99289274,0.0007550788,0.0020187686,0.0011640736,0.0
ERR1689221,0.0050000935,0.0036334568,0.009096714,0.0050869165,0.00084149075,0.00088847405,0.97545284,0.0
DRR050868,0.0002335048,0.0012590222,0.0016977732,0.99294204,0.0007385296,0.0019913053,0.001137808,0.0
ERR2739053,0.00023361862,0.0012592323,0.0016844099,0.9929697,0.00073747215,0.00196806,0.0011475391,0.0
ERR1263549,0.0076928544,0.0036454187,0.000725048,0.009488005,0.0012699543,0.97204745,0.005131303,0.0
ERR500246,0.00023323306,0.0012604282,0.0016863813,0.99297094,0.0007363157,0.0019682182,0.0011444512,0.0
SRR3362208,0.00025772303,0.0011714846,0.001597871,0.9926316,0.0008555679,0.002110165,0.0013755637,0.0
ERR2314515,0.0050000935,0.0036334568,0.009096714,0.0050869165,0.00084149075,0.00088847405,0.97545284,0.0
ERR1315019,0.00024387079,0.0012158743,0.0016223652,0.9928949,0.00078047573,0.0019857923,0.0012567078,0.0
SRR1426155,0.0076985015,0.0036571734,0.00072695344,0.009290536,0.001256294,0.97234225,0.005028368,0.0
SRR2442951,0.0018980558,0.98295534,0.003079863,0.0033205585,0.0017705733,0.0011426249,0.0058330595,0.0
ERR2002277,0.00023243295,0.0012641033,0.0016920846,0.9929742,0.0007331424,0.0019682436,0.0011357209,0.0
SRR5160338,0.0019211344,0.9828788,0.0030902117,0.0033368391,0.0017778925,0.001145523,0.005849543,0.0
SRR3615206,0.00023430053,0.0012554724,0.0016820737,0.99295676,0.00074112375,0.0019756856,0.0011546075,0.0
SRR5467944,0.00023246267,0.0012641032,0.0016921142,0.9929741,0.00073305314,0.001968303,0.0011358397,0.0
ERR1548810,0.0025429153,0.037591342,0.078646705,0.035610422,0.8053833,0.0066043963,0.03362083,0.0
SRR6408741,0.00023261107,0.0012636551,0.001691487,0.9929736,0.000733528,0.0019684192,0.0011367602,0.0
ERR1226387,0.0050000935,0.0036334568,0.009096714,0.0050869165,0.00084149075,0.00088847405,0.97545284,0.0
ERR996086,0.007696691,0.0036550085,0.0007271297,0.009294818,0.0012554454,0.9723436,0.005027288,0.0
SRR1461320,0.00027041972,0.0012394981,0.0018301972,0.98999393,0.0010480623,0.0041271285,0.0014907296,0.0
ERR1701290,0.0002323735,0.001264163,0.0016921443,0.9929743,0.0007330533,0.0019682439,0.0011356913,0.0
SRR5002093,0.0018980558,0.98295534,0.003079863,0.0033205585,0.0017705733,0.0011426249,0.0058330595,0.0
ERR1897089,0.0018980558,0.98295534,0.003079863,0.0033205585,0.0017705733,0.0011426249,0.0058330595,0.0
SRR8356336,0.00023860615,0.0012359216,0.0016808914,0.99286705,0.00076367654,0.0020270816,0.0011867548,0.0
ERR441639,0.00021675392,0.001187075,0.0019403447,0.9917333,0.00080913136,0.003012127,0.0011012004,0.0
ERR1428530,0.0050000935,0.0036334568,0.009096714,0.0050869165,0.00084149075,0.00088847405,0.97545284,0.0
SRR5109997,0.0018980558,0.98295534,0.003079863,0.0033205585,0.0017705733,0.0011426249,0.0058330595,0.0
SRR5178879,0.0018980558,0.98295534,0.003079863,0.0033205585,0.0017705733,0.0011426249,0.0058330595,0.0
SRR6480253,0.0018979969,0.98295534,0.0030798335,0.0033204993,0.0017705733,0.0011427724,0.005832971,0.0
SRR8605818,0.0050000935,0.0036334568,0.009096714,0.0050869165,0.00084149075,0.00088847405,0.97545284,0.0
ERR719453,0.00023382773,0.001256679,0.0016881642,0.9929457,0.0007410444,0.0019860931,0.0011485548,0.0
ERR878261,0.007697216,0.00365407,0.0007272173,0.009297011,0.0012556207,0.97234154,0.0050272862,0.0
SRR5165896,0.00023270039,0.0012628228,0.0016916959,0.99296594,0.0007349858,0.0019741012,0.001137772,0.0
ERR531933,0.00025349975,0.001181175,0.0015866259,0.9927727,0.00082392624,0.0020269572,0.0013551309,0.0
SRR6394173,0.00023290757,0.0012622519,0.0016904091,0.9929692,0.00073489326,0.0019706716,0.0011395813,0.0
DRR036085,0.0018980558,0.98295534,0.003079863,0.0033205585,0.0017705733,0.0011426249,0.0058330595,0.0
SRR8605170,0.0050000935,0.0036334568,0.009096714,0.0050869165,0.00084149075,0.00088847405,0.97545284,0.0
SRR630035,0.007879335,0.007841948,0.9407302,0.006737949,0.009433328,6.168039e-05,0.027315583,0.0
ERR719776,0.00023524853,0.0012521801,0.0016735989,0.9929613,0.00074396713,0.0019691691,0.0011646126,0.0
ERR561340,0.00023365139,0.0012580588,0.0016912435,0.99294114,0.000740724,0.001990811,0.0011443712,0.0
SRR5915631,0.0018980558,0.98295534,0.003079863,0.0033205585,0.0017705733,0.0011426249,0.0058330595,0.0
SRR6409231,0.00023249225,0.0012638643,0.0016916965,0.9929739,0.00073335005,0.0019683314,0.0011363743,0.0
ERR1691019,0.0050000935,0.0036334568,0.009096714,0.0050869165,0.00084149075,0.00088847405,0.97545284,0.0
SRR7610912,0.0018980558,0.98295534,0.003079863,0.0033204993,0.0017705733,0.0011426249,0.0058330595,0.0
DRR047512,0.00023379664,0.0012576237,0.0016853585,0.9929597,0.0007391662,0.0019748677,0.0011494705,0.0
SRR5823636,0.0069684144,0.005786911,0.0006181625,0.008061119,0.001656632,0.9720541,0.0048546246,0.0
SRR3884325,0.0018980558,0.98295534,0.003079863,0.0033205585,0.0017705733,0.0011426249,0.0058330595,0.0
SRR7584516,0.007530249,0.0037227664,0.0007258583,0.009488153,0.0012611052,0.97220814,0.0050636665,0.0
ERR525708,0.000254903,0.0011776922,0.0016032839,0.99269104,0.00083800993,0.0020808256,0.0013543282,0.0
ERR500577,0.00023394445,0.0012576188,0.0016819312,0.99296755,0.00073898485,0.001968554,0.0011513993,0.0
ERR1428352,0.0050000935,0.0036334568,0.009096714,0.0050869165,0.00084149075,0.00088847405,0.97545284,0.0
ERR720087,0.00023341551,0.0012592301,0.0016972077,0.99294287,0.0007384997,0.0019908883,0.0011379266,0.0
SRR5450607,0.80765915,0.014451967,0.04698055,0.007828301,0.0006906931,0.051802736,0.07058667,0.0
ERR1743343,0.0018980558,0.98295534,0.003079863,0.0033205585,0.0017705733,0.0011426249,0.0058330595,0.0
SRR5483784,0.0018980558,0.98295534,0.003079863,0.0033205585,0.0017705733,0.0011426249,0.0058330595,0.0
ERR1109542,0.00023243295,0.0012640439,0.0016921441,0.9929739,0.0007331424,0.001968452,0.00113581,0.0
ERR1298176,0.0050000935,0.0036334568,0.009096714,0.0050869165,0.00084149075,0.00088847405,0.97545284,0.0
ERR1726011,0.79513156,0.035043072,0.043709166,0.0051971897,0.00075707614,0.0430859,0.07707602,0.0
SRR3931535,0.00023355937,0.001258728,0.0016860774,0.992963,0.0007380976,0.0019732376,0.0011473024,0.0
SRR1949137,0.00023243295,0.0012641033,0.0016921143,0.99297416,0.0007331424,0.0019682436,0.0011357804,0.0
SRR996819,0.0002323735,0.001264163,0.0016921443,0.9929743,0.0007330533,0.0019682439,0.0011356913,0.0
ERR499764,0.00023293689,0.0012621009,0.0016889189,0.9929722,0.0007349514,0.001968229,0.0011406501,0.0
ERR2511106,0.0002328186,0.0012628483,0.0016902327,0.99297255,0.00073426944,0.0019685323,0.0011387201,0.0
ERR2738950,0.000232611,0.0012635655,0.001691308,0.99297374,0.00073358725,0.00196824,0.0011369382,0.0
SRR6145476,0.0018980558,0.98295534,0.003079863,0.0033205585,0.0017705733,0.0011426249,0.0058330595,0.0
SRR6309276,0.0002323735,0.001264163,0.0016921443,0.9929743,0.0007330533,0.0019682439,0.0011356913,0.0
ERR1019666,0.0002323735,0.001264163,0.0016921443,0.9929743,0.0007330533,0.0019682439,0.0011356913,0.0
ERR1691299,0.0050000935,0.0036334568,0.009096714,0.0050869165,0.00084149075,0.00088847405,0.97545284,0.0
SRR1573970,0.0018980558,0.98295534,0.003079863,0.0033205585,0.0017705733,0.0011426249,0.0058330595,0.0
DRR033153,0.0018980558,0.98295534,0.003079863,0.0033205585,0.0017705733,0.0011426249,0.0058330595,0.0
SRR2163510,0.00023584368,0.0012475711,0.0016803527,0.9929247,0.0007495004,0.0019938888,0.0011680939,0.0
SRR6398161,0.00024067191,0.001228432,0.0016452953,0.99290866,0.0007677589,0.0019879523,0.0012211453,0.0
ERR522668,0.00025219127,0.0012021315,0.0016600015,0.9926827,0.0008167964,0.002086169,0.0012999448,0.0
ERR1429240,0.0018980558,0.98295534,0.003079863,0.0033205585,0.0017705733,0.0011426249,0.0058330595,0.0
SRR3094861,0.00025557444,0.0011513344,0.0026966792,0.9765483,0.0013285291,0.016906584,0.0011129625,0.0
ERR2511488,0.0002418049,0.0012231818,0.0016563189,0.9928466,0.00077799906,0.0020301498,0.0012239254,0.0
SRR5179827,0.0018980558,0.98295534,0.003079863,0.0033205585,0.0017705733,0.0011426249,0.0058330595,0.0
SRR3647636,0.00023513059,0.001251442,0.0016774136,0.992947,0.00074518996,0.0019804211,0.0011634874,0.0
SRR7453375,0.0002325222,0.001264014,0.0016921143,0.9929742,0.0007331424,0.0019682436,0.0011357209,0.0
SRR3056841,0.0018980558,0.98295534,0.003079863,0.0033205585,0.0017705733,0.0011426249,0.0058330595,0.0
ERR498776,0.00025330478,0.0011831694,0.0016123422,0.99270535,0.0008309871,0.002079163,0.001335634,0.0
ERR2188036,0.0025429153,0.037591342,0.078646705,0.035610422,0.8053833,0.0066043963,0.03362083,0.0
SRR5083211,0.0076968065,0.0036549491,0.00072715885,0.009294875,0.0012555037,0.97234344,0.0050273454,0.0
SRR1949164,0.0002340039,0.0012574401,0.0016823474,0.9929654,0.00073922274,0.0019700113,0.0011515182,0.0
ERR522104,0.00023329275,0.0012608458,0.0016870669,0.99297047,0.00073613785,0.0019685172,0.0011436193,0.0
ERR525779,0.00023341112,0.0012597122,0.00168617,0.99296784,0.00073702825,0.0019701482,0.0011456985,0.0
ERR765701,0.0050000935,0.0036334568,0.009096714,0.0050869165,0.00084149075,0.00088847405,0.97545284,0.0
ERR1600428,0.00023278878,0.0012627586,0.0016900834,0.9929723,0.0007343882,0.00196871,0.0011389874,0.0
SRR7902122,0.0050000935,0.0036334568,0.009096714,0.0050869165,0.00084149075,0.00088847405,0.97545284,0.0
SRR952054,0.007879335,0.007841948,0.9407302,0.006737949,0.009433328,6.168039e-05,0.027315583,0.0
ERR328051,0.007932556,0.0036015282,0.0007472721,0.00990257,0.0013677932,0.9709639,0.0054843775,0.0
ERR368849,0.00023261226,0.00126268,0.0016954221,0.9929602,0.0007346621,0.001978989,0.001135368,0.0
SRR8611026,0.0050000935,0.0036334568,0.009096714,0.0050869165,0.00084149075,0.00088847405,0.97545284,0.0
SRR3951061,0.00023326479,0.001259487,0.0016935642,0.9929515,0.00073771994,0.0019831373,0.0011412782,0.0
SRR5720312,0.0018980558,0.98295534,0.003079863,0.0033205585,0.0017705733,0.0011426249,0.0058330595,0.0
ERR1226409,0.0050000935,0.0036334568,0.009096714,0.0050869165,0.00084149075,0.00088847405,0.97545284,0.0
SRR995739,0.0002323735,0.001264163,0.0016921443,0.9929743,0.0007330533,0.0019682439,0.0011356913,0.0
ERR1428801,0.0050000935,0.0036334568,0.009096714,0.0050869165,0.00084149075,0.00088847405,0.97545284,0.0
SRR5643999,0.0002323735,0.001264163,0.0016921443,0.9929743,0.0007330533,0.0019682439,0.0011356913,0.0
ERR1466940,0.00023818262,0.0012396026,0.0016586231,0.99293315,0.0007565451,0.001978867,0.0011950474,0.0
ERR1522026,0.007580359,0.0042110113,0.00068289915,0.008745879,0.0013926056,0.97250307,0.0048840954,0.0
ERR209338,0.00018340349,0.002501458,0.0031701028,0.8618642,0.0012131035,0.095564246,0.0016999245,0.033803582
ERR1897767,0.0044448175,0.17762172,0.00059944007,0.0013969748,0.0036912516,0.799812,0.012433697,0.0
SRR4785142,0.0018980558,0.98295534,0.003079863,0.0033205585,0.0017705733,0.0011426249,0.0058330595,0.0
SRR4414453,0.007879335,0.007841948,0.9407302,0.006737949,0.009433328,6.168039e-05,0.027315583,0.0
ERR499565,0.00023246267,0.0012641032,0.0016920547,0.99297416,0.0007331126,0.0019682434,0.0011358397,0.0
SRR920195,0.0002323735,0.001264163,0.0016921443,0.9929743,0.0007330533,0.0019682439,0.0011356913,0.0
SRR7901979,0.0012142956,0.3338362,0.10271329,0.0001257956,0.005829543,0.00019776821,0.24784416,0.30823898
ERR560661,0.00023376732,0.0012578638,0.0016853615,0.9929585,0.0007392568,0.001976418,0.0011489074,0.0
ERR2095544,0.00023255158,0.0012636551,0.001691487,0.99297374,0.0007334685,0.0019682704,0.0011368197,0.0
DRR068363,0.0002332629,0.00126028,0.001687185,0.99296725,0.00073664315,0.0019710448,0.0011443029,0.0
ERR1960675,0.00023237347,0.0012641033,0.0016921441,0.9929742,0.00073308294,0.0019682436,0.0011357804,0.0
SRR1980792,0.0018980558,0.98295534,0.003079863,0.0033205585,0.0017705733,0.0011426249,0.0058330595,0.0
ERR1523180,0.0076973885,0.0036548595,0.0007271585,0.0092949,0.0012555617,0.9723424,0.0050278115,0.0
ERR1759826,0.007879335,0.007841948,0.9407302,0.006737949,0.009433328,6.168039e-05,0.027315583,0.0
SRR6188402,0.0018980558,0.98295534,0.003079863,0.0033205585,0.0017705733,0.0011426249,0.0058330595,0.0
ERR1905762,0.0050000935,0.0036334568,0.009096714,0.0050869165,0.00084149075,0.00088847405,0.97545284,0.0
SRR8605706,0.0050000935,0.0036334568,0.009096714,0.0050869165,0.00084149075,0.00088847405,0.97545284,0.0
SRR500423,0.0018980558,0.98295534,0.003079863,0.0033205585,0.0017705733,0.0011426249,0.0058330595,0.0
SRR1286266,0.0018980558,0.98295534,0.003079863,0.0033205585,0.0017705733,0.0011426249,0.0058330595,0.0
ERR1971171,0.00024433713,0.0012082122,0.0016954886,0.99262273,0.00080457266,0.002203466,0.0012211504,0.0
ERR443743,0.0002323735,0.001264163,0.0016921443,0.9929743,0.0007330533,0.0019682439,0.0011356913,0.0
ERR1522589,0.007696748,0.0036548614,0.00072715885,0.009295021,0.0012554452,0.97234356,0.0050272867,0.0
SRR575283,0.007879335,0.007841948,0.9407302,0.006737949,0.009433328,6.168039e-05,0.027315583,0.0
ERR1512258,0.0076967487,0.0036548618,0.0007271589,0.009294905,0.0012554453,0.9723436,0.005027229,0.0
SRR5822335,0.007696864,0.0036548902,0.00072712946,0.009295049,0.001255445,0.9723433,0.0050272862,0.0
DRR047536,0.00023323357,0.0012601335,0.0016889132,0.9929633,0.0007368527,0.001973993,0.0011435613,0.0
ERR2169034,0.0018980558,0.98295534,0.003079863,0.0033205585,0.0017705733,0.0011426249,0.0058330595,0.0
ERR532060,0.00023560513,0.0012491146,0.0016757976,0.99294,0.0007475057,0.001984098,0.001167853,0.0
SRR6060198,0.0002324627,0.0012640735,0.0016920846,0.9929742,0.0007331424,0.0019682436,0.0011357209,0.0
DRR043873,0.00023258092,0.001263058,0.0016908593,0.9929726,0.0007339729,0.0019688916,0.0011380075,0.0
SRR5915403,0.0018980558,0.98295534,0.003079863,0.0033205585,0.0017705733,0.0011426249,0.0058330595,0.0
SRR1805129,0.007879335,0.007841948,0.9407302,0.006737949,0.009433328,6.168039e-05,0.027315583,0.0
SRR2141826,0.0018980558,0.98295534,0.003079863,0.0033205585,0.0017705733,0.0011426249,0.0058330595,0.0
SRR1239348,0.0018980558,0.98295534,0.003079863,0.0033205585,0.0017705733,0.0011426249,0.0058330595,0.0
ERR2511588,0.00024717383,0.0012041656,0.0016411735,0.99276406,0.00080495805,0.0020671177,0.0012713496,0.0
SRR5688015,0.0002325222,0.0012641033,0.0016921441,0.9929742,0.00073308294,0.0019682436,0.0011357209,0.0
SRR5180355,0.0018980558,0.98295534,0.003079863,0.0033205585,0.0017705733,0.0011426249,0.0058330595,0.0
ERR883433,0.00024083011,0.0012282127,0.0016642172,0.99284106,0.0007761469,0.0020390402,0.0012105453,0.0
ERR1594231,0.007879335,0.007841948,0.9407302,0.006737949,0.009433328,6.168039e-05,0.027315583,0.0
ERR487377,0.007696748,0.0036548614,0.00072715885,0.009295021,0.0012554452,0.97234356,0.0050272867,0.0
ERR1582314,0.0018980558,0.98295534,0.003079863,0.0033205585,0.0017705733,0.0011426249,0.0058330595,0.0
ERR986137,0.0077278,0.0036510148,0.00072925986,0.009289855,0.001260118,0.97228914,0.00505289,0.0
ERR1201831,0.0077058654,0.003651104,0.000727825,0.009314519,0.001257336,0.97230834,0.005035055,0.0
ERR499761,0.00023249228,0.0012639537,0.0016917859,0.992974,0.0007332312,0.0019682422,0.0011362258,0.0
ERR1263799,0.007696748,0.0036548614,0.00072715885,0.009295021,0.0012554452,0.97234356,0.0050272867,0.0
ERR2001824,0.007696748,0.0036548614,0.00072715885,0.009295021,0.0012554452,0.97234356,0.0050272867,0.0
DRR043849,0.00023436021,0.0012552058,0.0016837409,0.9929527,0.00074157055,0.0019778586,0.0011545788,0.0
ERR2511771,0.00023326286,0.0012603393,0.0016868575,0.9929688,0.0007364943,0.001969944,0.0011443326,0.0
SRR5914936,0.0018980558,0.98295534,0.003079863,0.0033205585,0.0017705733,0.0011426249,0.0058330595,0.0
SRR2168117,0.0018980558,0.98295534,0.003079863,0.0033205585,0.0017705733,0.0011426249,0.0058330595,0.0
SRR100500,0.0018980558,0.98295534,0.003079863,0.0033205585,0.0017705733,0.0011426249,0.0058330595,0.0
ERR1135237,0.007696748,0.0036548614,0.00072715885,0.009295021,0.0012554452,0.97234356,0.0050272867,0.0
ERR1912949,0.0002323735,0.001264163,0.0016921443,0.9929743,0.0007330533,0.0019682439,0.0011356913,0.0
ERR450969,0.0002323735,0.001264163,0.0016921443,0.9929743,0.0007330533,0.0019682439,0.0011356913,0.0
ERR1690673,0.0050000935,0.0036334568,0.009096714,0.0050869165,0.00084149075,0.00088847405,0.97545284,0.0
ERR1428350,0.0050000935,0.0036334568,0.009096714,0.0050869165,0.00084149075,0.00088847405,0.97545284,0.0
SRR1922963,0.0002324328,0.0012639834,0.0016918752,0.99297386,0.0007333204,0.0019683612,0.0011361663,0.0
ERR1760135,0.00023252203,0.001263805,0.0016917859,0.99297374,0.00073335017,0.00196851,0.0011362555,0.0
ERR1689867,0.0050000935,0.0036334568,0.009096714,0.0050869165,0.00084149075,0.00088847405,0.97545284,0.0
ERR1385400,0.00023652613,0.0012444392,0.0016757306,0.992913,0.00075380807,0.0020012218,0.0011751946,0.0
ERR499088,0.00024156504,0.0012246295,0.0016484241,0.9928664,0.00077605963,0.0020166605,0.0012262652,0.0
SRR6413925,0.00023272939,0.0012625807,0.0016908873,0.9929697,0.00073453726,0.0019707337,0.0011387797,0.0
SRR5156069,0.00024985554,0.0011926275,0.0015947099,0.9928241,0.00080826867,0.0020103825,0.0013201424,0.0
ERR2729934,0.7934585,0.037268806,0.043445326,0.005047474,0.0007614216,0.0424982,0.07752017,0.0
ERR1611423,0.0058892844,0.0020940013,0.008906484,0.010816619,0.0011087765,0.0006156621,0.9705692,0.0
ERR500592,0.00023939996,0.0012340295,0.0016542956,0.99289894,0.00076590735,0.00200074,0.0012066067,0.0
ERR2003248,0.00023261088,0.0012635054,0.0016911287,0.99297357,0.0007337059,0.0019682688,0.0011372947,0.0
SRR3633494,0.0018980558,0.98295534,0.003079863,0.0033205585,0.0017705733,0.0011426249,0.0058330595,0.0
DRR042811,0.00023403355,0.0012571719,0.0016819896,0.9929654,0.00073940086,0.0019700103,0.0011519638,0.0
SRR2087941,0.0018980558,0.98295534,0.003079863,0.0033205585,0.0017705733,0.0011426249,0.0058330595,0.0
ERR1263913,0.0076968367,0.0036549496,0.0007271589,0.009294788,0.0012554453,0.9723435,0.0050273165,0.0
ERR1690378,0.0050000935,0.0036334568,0.009096714,0.0050869165,0.00084149075,0.00088847405,0.97545284,0.0
SRR388072,0.0002323735,0.001264163,0.0016921443,0.9929743,0.0007330533,0.0019682439,0.0011356913,0.0
ERR209844,0.00024646719,0.0012100299,0.0016452065,0.99275523,0.00080569525,0.0020776468,0.0012597576,0.0
SRR3732541,0.00023335166,0.0012600692,0.0016857835,0.9929701,0.0007367011,0.0019684825,0.0011454904,0.0
ERR2662897,0.0002324627,0.001264133,0.0016919953,0.9929743,0.0007330532,0.0019682436,0.0011357804,0.0
SRR5155928,0.00023272939,0.0012628485,0.0016901139,0.9929729,0.00073426956,0.0019684136,0.0011387202,0.0
SRR1784996,0.007879335,0.007841948,0.9407302,0.006737949,0.009433328,6.168039e-05,0.027315583,0.0
ERR765990,0.0050000935,0.0036334568,0.009096714,0.0050869165,0.00084149075,0.00088847405,0.97545284,0.0
SRR5803358,0.007879335,0.007841948,0.9407302,0.006737949,0.009433328,6.168039e-05,0.027315583,0.0
ERR2168919,0.0018980558,0.98295534,0.003079863,0.0033205585,0.0017705733,0.0011426249,0.0058330595,0.0
SRR5720253,0.0018980558,0.98295534,0.003079863,0.0033205585,0.0017705733,0.0011426249,0.0058330595,0.0
SRR6408860,0.00023255155,0.0012635658,0.0016914868,0.9929734,0.00073361717,0.0019685677,0.0011368493,0.0
ERR1383721,0.00024382546,0.0012165993,0.0016553245,0.9927992,0.00079042517,0.002056872,0.0012377161,0.0
ERR719471,0.00023350285,0.0012584763,0.001692524,0.9929452,0.0007394158,0.0019883437,0.001142647,0.0
SRR3712411,0.0018980558,0.98295534,0.003079863,0.0033205585,0.0017705733,0.0011426249,0.0058330595,0.0
ERR2511035,0.0002333222,0.001260279,0.0016866482,0.99296844,0.0007366723,0.0019699426,0.0011447184,0.0
SRR5460250,0.0018980558,0.98295534,0.003079863,0.0033205585,0.0017705733,0.0011426249,0.0058330595,0.0
SRR7286111,0.0018980558,0.98295534,0.003079863,0.0033205585,0.0017705733,0.0011426249,0.0058330595,0.0
ERR720192,0.00023382594,0.00125777,0.0016832731,0.99296486,0.0007388971,0.0019710269,0.0011502416,0.0
ERR501244,0.0002324627,0.0012640735,0.0016920846,0.9929742,0.0007331424,0.0019682436,0.0011357209,0.0
SRR6411797,0.00023269978,0.0012629087,0.0016907693,0.9929717,0.0007342105,0.001969307,0.0011383937,0.0
ERR1383430,0.00023457012,0.0012534898,0.001687382,0.9929332,0.00074428273,0.0019934892,0.0011536055,0.0
ERR2599188,0.0050000935,0.0036334568,0.009096714,0.0050869165,0.00084149075,0.00088847405,0.97545284,0.0
SRR1231580,0.007879335,0.007841948,0.9407302,0.006737949,0.009433328,6.168039e-05,0.027315583,0.0
ERR1384284,0.0002367031,0.0012437472,0.0016733106,0.99291795,0.0007536546,0.0019968068,0.0011778938,0.0
ERR220372,0.0018980558,0.98295534,0.003079863,0.0033205585,0.0017705733,0.0011426249,0.0058330595,0.0
SRR1770760,0.007879335,0.007841948,0.9407302,0.006737949,0.009433328,6.168039e-05,0.027315583,0.0
SRR7454016,0.00023246267,0.0012641032,0.0016921142,0.99297416,0.00073314237,0.0019682434,0.0011357802,0.0
SRR5176061,0.0018980558,0.98295534,0.003079863,0.0033205585,0.0017705733,0.0011426249,0.0058330595,0.0
ERR1385073,0.00025910808,0.0011753688,0.0016571558,0.9925462,0.00085714133,0.0021604137,0.0013445786,0.0
SRR6757643,0.0002323735,0.001264163,0.0016921443,0.9929743,0.0007330533,0.0019682439,0.0011356913,0.0
SRR6008361,0.0018980558,0.98295534,0.003079863,0.0033205585,0.0017705733,0.0011426249,0.0058330595,0.0
SRR975530,0.007879335,0.007841948,0.9407302,0.006737949,0.009433328,6.168039e-05,0.027315583,0.0
ERR1971147,0.00024239738,0.0012209095,0.0016512764,0.9928403,0.0007814713,0.0020322418,0.0012314381,0.0
SRR6408924,0.0002331445,0.0012608483,0.0016883493,0.99296796,0.0007360501,0.0019709307,0.0011427293,0.0
ERR2013497,0.0025429155,0.037591346,0.07864671,0.0356104,0.8053834,0.006604397,0.033620834,0.0
ERR1512353,0.0018980558,0.98295534,0.003079863,0.0033205585,0.0017705733,0.0011426249,0.0058330595,0.0
ERR866498,0.00023492794,0.0012516204,0.0016928911,0.99291825,0.0007461892,0.0020029852,0.0011531636,0.0
ERR209773,0.00022810262,0.0011622258,0.0018944504,0.9915394,0.00086345273,0.0031553353,0.0011570505,0.0
SRR7556712,0.0076967487,0.0036550374,0.0007271589,0.009294759,0.0012555039,0.9723435,0.0050273165,0.0
SRR384891,0.00023308565,0.0012607328,0.0016910607,0.9929621,0.00073634955,0.0019751897,0.0011414831,0.0
ERR1523230,0.007696748,0.0036548614,0.00072715885,0.009295021,0.0012554452,0.97234356,0.0050272867,0.0
ERR2020014,0.007704815,0.0036532395,0.0007288085,0.00928615,0.0012586247,0.9723365,0.005031892,0.0
SRR6746087,0.0018980558,0.98295534,0.003079863,0.0033205585,0.0017705733,0.0011426249,0.0058330595,0.0
ERR1913231,0.00023255167,0.0012638341,0.0016915471,0.99297386,0.0007334093,0.001968301,0.0011365524,0.0
SRR6409017,0.00023293706,0.0012615069,0.0016901991,0.99296683,0.0007354874,0.0019723056,0.0011407104,0.0
SRR4341469,0.0018980558,0.98295534,0.003079863,0.0033205585,0.0017705733,0.0011426249,0.0058330595,0.0
ERR1467060,0.00023237347,0.0012641033,0.0016921441,0.9929742,0.0007330532,0.0019682436,0.00113581,0.0
ERR1583237,0.0018980558,0.98295534,0.003079863,0.0033205585,0.0017705733,0.0011426249,0.0058330595,0.0
SRR1221293,0.007879335,0.007841948,0.9407302,0.006737949,0.009433328,6.168039e-05,0.027315583,0.0
SRR6457467,0.0018980558,0.98295534,0.003079863,0.0033205585,0.0017705733,0.0011426249,0.0058330595,0.0
ERR522285,0.00023949223,0.0012320228,0.0016699319,0.9928731,0.0007666012,0.002018076,0.0012008222,0.0
SRR6444165,0.00024342103,0.0012257011,0.0016642694,0.9927702,0.0007948065,0.0020809465,0.0012207339,0.0
SRR1704243,0.0002323735,0.001264163,0.0016921443,0.9929743,0.0007330533,0.0019682439,0.0011356913,0.0
ERR1298274,0.0050000935,0.0036334568,0.009096714,0.0050869165,0.00084149075,0.00088847405,0.97545284,0.0
ERR299250,0.8076591,0.0144517785,0.04698057,0.007828304,0.0006906934,0.05180284,0.07058664,0.0
ERR2442766,0.007696748,0.0036548614,0.00072715885,0.009295021,0.0012554452,0.97234356,0.0050272867,0.0
SRR6409186,0.00023622888,0.0012466413,0.0016787361,0.99292433,0.00075044757,0.0019918836,0.001171656,0.0
ERR1429275,0.0018980558,0.98295534,0.003079863,0.0033205585,0.0017705733,0.0011426249,0.0058330595,0.0
ERR923661,0.0050000935,0.0036334568,0.009096714,0.0050869165,0.00084149075,0.00088847405,0.97545284,0.0
ERR1201957,0.80719346,0.01583924,0.04664959,0.0075107585,0.00069739413,0.050855853,0.07125373,0.0
SRR3096230,0.0018980548,0.982955,0.0030799205,0.0033205568,0.0017706904,0.0011427128,0.0058330274,0.0
DRR030597,0.00023278869,0.001262669,0.001689934,0.99297243,0.0007344177,0.001968531,0.0011392547,0.0
ERR106980,0.00023397447,0.0012569658,0.0016841938,0.99295926,0.00073984836,0.0019744162,0.0011513412,0.0
SRR6367254,0.00023442667,0.0012554812,0.0017018466,0.99292076,0.0007426337,0.0020037962,0.0011410193,0.0
SRR882181,0.0018980558,0.98295534,0.003079863,0.0033205585,0.0017705733,0.0011426249,0.0058330595,0.0
SRR6511300,0.0018980558,0.98295534,0.003079863,0.0033205585,0.0017705733,0.0011426249,0.0058330595,0.0
ERR1311548,0.00023865669,0.0012374219,0.0016531675,0.99292904,0.00075966236,0.0019809934,0.0012010761,0.0
SRR2010419,0.00023252208,0.0012634186,0.0016931844,0.99296945,0.000733856,0.0019713363,0.001136226,0.0
SRR6393989,0.00023252224,0.0012640441,0.0016922039,0.99297357,0.0007332021,0.0019687796,0.0011356914,0.0
SRR8610003,0.0050000935,0.0036334568,0.009096714,0.0050869165,0.00084149075,0.00088847405,0.97545284,0.0
ERR675303,0.007696748,0.0036548614,0.00072715885,0.009295021,0.0012554452,0.97234356,0.0050272867,0.0
ERR309697,0.007696778,0.0036549203,0.0007271882,0.009294846,0.0012554453,0.9723435,0.0050272876,0.0
SRR3183726,0.0018980558,0.98295534,0.003079863,0.0033205585,0.0017705733,0.0011426249,0.0058330595,0.0
ERR1226441,0.0050000935,0.0036334568,0.009096714,0.0050869165,0.00084149075,0.00088847405,0.97545284,0.0
ERR1310152,0.00024684955,0.0012054882,0.0016476761,0.9927605,0.00080351013,0.0020710975,0.0012649404,0.0
ERR2188038,0.0025429153,0.037591342,0.078646705,0.035610422,0.8053833,0.0066043963,0.03362083,0.0
SRR6408559,0.00023249225,0.0012638049,0.001691756,0.99297404,0.00073329057,0.0019682718,0.0011363148,0.0
ERR1298496,0.0050000935,0.0036334568,0.009096714,0.0050869165,0.00084149075,0.00088847405,0.97545284,0.0
ERR1616396,0.0077691544,0.003694207,0.0007285321,0.009222704,0.001284413,0.9720765,0.005224461,0.0
SRR8609972,0.0050000935,0.0036334568,0.009096714,0.0050869165,0.00084149075,0.00088847405,0.97545284,0.0
ERR1689327,0.0050000935,0.0036334568,0.009096714,0.0050869165,0.00084149075,0.00088847405,0.97545284,0.0
ERR1906870,0.0018984076,0.9829544,0.0030799776,0.0033205547,0.0017708073,0.0011427711,0.005833083,0.0
SRR6264285,0.00023302562,0.0012614735,0.0016879337,0.99297166,0.0007354853,0.0019683437,0.0011421052,0.0
SRR8356256,0.00023812294,0.0012392149,0.0016562721,0.9929346,0.00075713935,0.0019788058,0.00119579,0.0
SRR6931635,0.0002323735,0.001264163,0.0016921443,0.9929743,0.0007330533,0.0019682439,0.0011356913,0.0
ERR1811331,0.0002456599,0.0010902178,0.0022924396,0.98407423,0.0014250115,0.009662623,0.0012097955,0.0
ERR500520,0.00023430008,0.0012561245,0.0016795124,0.9929663,0.000740349,0.001968335,0.0011550812,0.0
SRR2981457,0.0007579306,0.0014857424,0.0016089183,0.9830122,0.0020582634,0.0024206575,0.008656331,0.0
SRR3633033,0.0018980558,0.98295534,0.003079863,0.0033205585,0.0017705733,0.0011426249,0.0058330595,0.0
SRR6764735,0.0050000935,0.0036334568,0.009096714,0.0050869165,0.00084149075,0.00088847405,0.97545284,0.0
ERR1960661,0.00023243293,0.0012641329,0.0016920547,0.99297416,0.00073314237,0.0019682434,0.0011357802,0.0
ERR1297698,0.00029711978,0.0011609708,0.0018387168,0.9917696,0.0009995191,0.002490382,0.0014437268,0.0
DRR043249,0.00023243288,0.0012639839,0.0016920245,0.9929739,0.0007332017,0.0019683917,0.001136018,0.0
ERR2073279,0.0050000935,0.0036334568,0.009096714,0.0050869165,0.00084149075,0.00088847405,0.97545284,0.0
ERR487834,0.0076968917,0.0036551235,0.00072715856,0.009294696,0.0012555912,0.9723431,0.0050274315,0.0
ERR499550,0.00023258108,0.0012634754,0.0016910688,0.9929735,0.0007337057,0.001968298,0.0011374134,0.0
SRR6444696,0.00023696796,0.0012433754,0.0016659142,0.9929321,0.0007534076,0.0019850936,0.0011831444,0.0
SRR5915010,0.0018980558,0.98295534,0.003079863,0.0033205585,0.0017705733,0.0011426249,0.0058330595,0.0
SRR882150,0.0018980558,0.98295534,0.003079863,0.0033205585,0.0017705733,0.0011426249,0.0058330595,0.0
SRR921036,0.0002323735,0.001264163,0.0016921443,0.9929743,0.0007330533,0.0019682439,0.0011356913,0.0
ERR1511934,0.0077026067,0.0036564604,0.00072653557,0.009295678,0.0012575984,0.97232723,0.0050339373,0.0
SRR3624393,0.0012142956,0.3338362,0.10271329,0.0001257956,0.005829543,0.00019776821,0.24784416,0.30823898
ERR924128,0.016476365,0.0013164763,0.0076408824,0.045518894,0.012441613,0.0010030973,0.9156026,0.0
SRR2984157,0.0018980558,0.98295534,0.003079863,0.0033205585,0.0017705733,0.0011426249,0.0058330595,0.0
SRR4414643,0.007879335,0.007841948,0.9407302,0.006737949,0.009433328,6.168039e-05,0.027315583,0.0
SRR7449224,0.00023246265,0.0012640733,0.0016920246,0.99297416,0.0007331125,0.0019682432,0.0011359288,0.0
ERR1466862,0.00023706804,0.0012460796,0.0017011194,0.9928676,0.00075495907,0.002027155,0.0011659167,0.0
ERR2262465,0.007834879,0.0037133344,0.0007244045,0.009210093,0.0012992483,0.9720152,0.005202821,0.0
ERR531615,0.0002369434,0.0012426293,0.0016804659,0.9928976,0.0007558036,0.0020113715,0.0011751393,0.0
SRR6038411,0.00024126936,0.0012023613,0.0017016748,0.99254704,0.00080714596,0.0022770094,0.0012235082,0.0
ERR579394,0.0027604257,0.0058863736,0.00087866513,0.021991525,0.0008885831,0.96067727,0.0069171335,0.0
ERR983872,0.00023290757,0.0012624601,0.0016896358,0.9929723,0.0007345958,0.0019685596,0.0011395515,0.0
DRR049494,0.0002323735,0.001264163,0.0016921443,0.9929743,0.0007330533,0.0019682439,0.0011356913,0.0
ERR1467070,0.00023246273,0.0012641035,0.0016921443,0.99297404,0.0007331128,0.0019684522,0.0011356615,0.0
ERR2511679,0.00024209694,0.0012221434,0.0016425117,0.992869,0.000777952,0.0020120516,0.001234159,0.0
SRR6054521,0.00024363359,0.0012167107,0.0016237381,0.9928972,0.0007794074,0.0019848167,0.0012544512,0.0
SRR5915159,0.0018980558,0.98295534,0.003079863,0.0033205585,0.0017705733,0.0011426249,0.0058330595,0.0
SRR2145595,0.00023293692,0.0012621903,0.0016889785,0.9929723,0.00073489203,0.00196814,0.001140561,0.0
SRR8605549,0.0050000935,0.0036334568,0.009096714,0.0050869165,0.00084149075,0.00088847405,0.97545284,0.0
SRR994525,0.00023246267,0.0012640734,0.0016920844,0.9929741,0.00073314237,0.0019682434,0.0011358099,0.0
SRR3951178,0.00023252208,0.001264073,0.0016920243,0.9929738,0.00073323137,0.001968332,0.0011359286,0.0
SRR4826665,0.0018980555,0.9829552,0.003079774,0.0033205873,0.0017705731,0.0011426838,0.0058330884,0.0
ERR1310758,0.005923499,0.0048341807,0.00093882263,0.018408889,0.002091326,0.9614036,0.0063996706,0.0
SRR5175952,0.0018980558,0.98295534,0.003079863,0.0033205585,0.0017705733,0.0011426249,0.0058330595,0.0
SRR5176133,0.0018980558,0.98295534,0.003079863,0.0033205585,0.0017705733,0.0011426249,0.0058330595,0.0
ERR1583417,0.0018980558,0.98295534,0.003079863,0.0033205585,0.0017705733,0.0011426249,0.0058330595,0.0
ERR2531931,0.00024357883,0.0012166748,0.0016415844,0.9928542,0.0007824561,0.0020144773,0.0012470403,0.0
ERR719987,0.0002473691,0.0012123674,0.0016591309,0.9927021,0.00081494695,0.002113449,0.0012506164,0.0
SRR3094885,0.00026428702,0.0015049876,0.0024943056,0.9732522,0.00144884,0.018834474,0.0014479161,0.00075304514
ERR1310268,0.00023332272,0.0012596274,0.0016887045,0.9929595,0.0007375366,0.0019771156,0.0011441559,0.0
ERR2495219,0.0050000935,0.0036334568,0.009096714,0.0050869165,0.00084149075,0.00088847405,0.97545284,0.0
ERR1135340,0.0076985746,0.003654017,0.00072745275,0.009295269,0.0012560913,0.9723405,0.005028026,0.0
ERR695624,0.00023441897,0.0012548153,0.0016815643,0.9929551,0.000741836,0.0019760975,0.0011561814,0.0
SRR2154974,0.00023287749,0.0012621013,0.001689098,0.9929717,0.0007348922,0.0019687652,0.0011405613,0.0
ERR1201166,0.0076928283,0.003652716,0.0007261441,0.009348582,0.0012595421,0.97226167,0.005058465,0.0
SRR3884188,0.0018980558,0.98295534,0.003079863,0.0033205585,0.0017705733,0.0011426249,0.0058330595,0.0
SRR1747800,0.0018980558,0.98295534,0.003079863,0.0033205585,0.0017705733,0.0011426249,0.0058330595,0.0
SRR3732486,0.0002362264,0.0012471041,0.0016684568,0.99294794,0.00074895256,0.001975682,0.0011755996,0.0
DRR047549,0.00023370839,0.0012580156,0.0016882806,0.9929557,0.0007389016,0.0019781182,0.0011473038,0.0
ERR1896985,0.0018980558,0.98295534,0.003079863,0.0033205585,0.0017705733,0.0011426249,0.0058330595,0.0
SRR5869820,0.0002323735,0.001264163,0.0016921443,0.9929743,0.0007330533,0.0019682439,0.0011356913,0.0
SRR8609482,0.0050000935,0.0036334568,0.009096714,0.0050869165,0.00084149075,0.00088847405,0.97545284,0.0
SRR4415030,0.007879335,0.007841948,0.9407302,0.006737949,0.009433328,6.168039e-05,0.027315583,0.0
SRR5097533,0.0018980844,0.982955,0.0030799205,0.0033205862,0.0017706314,0.0011426244,0.005833145,0.0
SRR5868767,0.0002323735,0.001264163,0.0016921443,0.9929743,0.0007330533,0.0019682439,0.0011356913,0.0
ERR321981,0.0076975087,0.003654861,0.000727188,0.009294698,0.0012554743,0.9723427,0.005027462,0.0
ERR1466898,0.00023379734,0.0012570623,0.0016879811,0.99295205,0.00073985255,0.0019806442,0.0011485815,0.0
ERR488002,0.007696748,0.0036548614,0.00072715885,0.009295021,0.0012554452,0.97234356,0.0050272867,0.0
SRR2098395,0.0018980558,0.98295534,0.003079863,0.0033205585,0.0017705733,0.0011426249,0.0058330595,0.0
SRR6408713,0.00023373749,0.0012577147,0.0016864615,0.99295825,0.0007391078,0.001975971,0.0011487284,0.0
SRR575276,0.007879335,0.007841948,0.9407302,0.006737949,0.009433328,6.168039e-05,0.027315583,0.0
DRR047872,0.00023347072,0.0012594748,0.0016870335,0.992964,0.0007374748,0.0019729154,0.0011456693,0.0
SRR3176132,0.0018980558,0.98295534,0.003079863,0.0033205585,0.0017705733,0.0011426249,0.0058330595,0.0
SRR5001964,0.0018980558,0.98295534,0.003079863,0.0033205585,0.0017705733,0.0011426249,0.0058330595,0.0
SRR605326,0.007879335,0.007841948,0.9407302,0.006737949,0.009433328,6.168039e-05,0.027315583,0.0
SRR7453458,0.00023839528,0.0012376329,0.0016755188,0.9928894,0.00076042593,0.0020094803,0.0011890912,0.0
SRR2168187,0.0018980558,0.98295534,0.003079863,0.0033205585,0.0017705733,0.0011426249,0.0058330595,0.0
ERR441838,0.0002324627,0.0012641033,0.0016921143,0.99297416,0.0007330532,0.0019682436,0.0011357804,0.0
SRR5177351,0.0018980558,0.98295534,0.003079863,0.0033205585,0.0017705733,0.0011426249,0.0058330595,0.0
SRR5178743,0.0006058813,0.8891181,0.003249914,0.009808988,0.001129836,0.0017293992,0.0036200886,0.09073789
ERR1428660,0.0050000944,0.0036334572,0.009096716,0.005086917,0.00084149087,0.0008883852,0.97545296,0.0
SRR3361534,0.00023785752,0.0012397323,0.0016621472,0.9929232,0.0007570871,0.0019886696,0.0011913399,0.0
SRR2984161,0.0018980558,0.98295534,0.003079863,0.0033205585,0.0017705733,0.0011426249,0.0058330595,0.0
ERR1109483,0.0002325222,0.0012641033,0.0016920846,0.9929742,0.00073308294,0.0019682436,0.0011357804,0.0
SRR995049,0.0002325222,0.0012641033,0.0016920846,0.9929742,0.00073308294,0.0019682436,0.0011357804,0.0
SRR6746032,0.0018980558,0.98295534,0.003079863,0.0033205585,0.0017705733,0.0011426249,0.0058330595,0.0
SRR5595859,0.0018980558,0.98295534,0.003079863,0.0033205585,0.0017705733,0.0011426249,0.0058330595,0.0
SRR5983276,0.00024002187,0.0012303872,0.0016525819,0.9928934,0.000767951,0.0020024427,0.0012132853,0.0
ERR1811298,0.00023326356,0.0012597779,0.0016890042,0.99295986,0.00073741865,0.0019770293,0.0011436221,0.0
ERR107048,0.00023664637,0.0012440889,0.0016833838,0.9929037,0.0007536336,0.0020064078,0.0011721372,0.0
SRR5699206,0.0002327293,0.0012627885,0.001690143,0.9929723,0.00073435856,0.0019687996,0.001138928,0.0
SRR062241,0.0018980558,0.98295534,0.003079863,0.0033205585,0.0017705733,0.0011426249,0.0058330595,0.0
ERR2511235,0.00024744292,0.0012036968,0.0016472203,0.9927527,0.00080576574,0.0020741783,0.0012690075,0.0
ERR1310955,0.00023290757,0.0012621627,0.0016898143,0.99296767,0.00073536916,0.001971921,0.0011401464,0.0
ERR1384077,0.00023438926,0.0012553211,0.0016803449,0.9929594,0.00074130064,0.0019734208,0.0011557948,0.0
ERR1523097,0.007696748,0.0036549491,0.00072715885,0.009294904,0.001255533,0.97234344,0.0050272574,0.0
ERR1589286,0.007879335,0.007841948,0.9407302,0.006737949,0.009433328,6.168039e-05,0.027315583,0.0
SRR1461124,0.0002337371,0.0012580695,0.0016842575,0.9929641,0.00073863065,0.0019719226,0.0011493214,0.0
SRR6457210,0.0018980558,0.98295534,0.003079863,0.0033205585,0.0017705733,0.0011426249,0.0058330595,0.0
ERR539131,0.007879335,0.007841948,0.9407302,0.006737949,0.009433328,6.168039e-05,0.027315583,0.0
ERR567215,0.007696748,0.0036548614,0.00072715885,0.009295021,0.0012554452,0.97234356,0.0050272867,0.0
ERR1226601,0.0050000935,0.0036334568,0.009096714,0.0050869165,0.00084149075,0.00088847405,0.97545284,0.0
SRR5827487,0.0018980558,0.98295534,0.003079863,0.0033205585,0.0017705733,0.0011426249,0.0058330595,0.0
SRR943517,0.007879335,0.007841948,0.9407302,0.006737949,0.009433328,6.168039e-05,0.027315583,0.0
SRR3951011,0.00023243295,0.0012641033,0.0016921143,0.99297416,0.0007331424,0.0019682436,0.00113581,0.0
SRR2657963,0.0002344761,0.0012423396,0.0016952,0.9928437,0.0007546781,0.002063913,0.0011655987,0.0
SRR6056059,0.0018980558,0.98295534,0.003079863,0.0033205585,0.0017705733,0.0011426249,0.0058330595,0.0
SRR6457191,0.0018980558,0.98295534,0.003079863,0.0033205585,0.0017705733,0.0011426249,0.0058330595,0.0
ERR1383142,0.00023581409,0.0012483454,0.0016777066,0.99292773,0.0007494117,0.0019929681,0.0011679758,0.0
SRR4826504,0.0018980558,0.98295534,0.003079863,0.0033205585,0.0017705733,0.0011426249,0.0058330595,0.0
SRR1129664,0.007879335,0.007841948,0.9407302,0.006737949,0.009433328,6.168039e-05,0.027315583,0.0
SRR5165975,0.00027519552,0.0011168931,0.0014936001,0.9925076,0.00092421466,0.0020893218,0.0015932091,0.0
ERR675250,0.0076967496,0.003654833,0.00072715903,0.009294907,0.0012554454,0.9723436,0.005027288,0.0
SRR8610907,0.0050000935,0.0036334568,0.009096714,0.0050869165,0.00084149075,0.00088847405,0.97545284,0.0
SRR7704510,0.00023237347,0.0012641033,0.0016921441,0.9929742,0.00073308294,0.0019682436,0.0011357804,0.0
ERR2806304,0.00023246267,0.0012641032,0.0016920547,0.99297416,0.00073314237,0.0019682434,0.0011358397,0.0
SRR1805177,0.007879335,0.007841948,0.9407302,0.006737949,0.009433328,6.168039e-05,0.027315583,0.0
ERR1428683,0.0050000935,0.0036334568,0.009096714,0.0050869165,0.00084149075,0.00088847405,0.97545284,0.0
SRR1010974,0.0018980558,0.98295534,0.003079863,0.0033205585,0.0017705733,0.0011426249,0.0058330595,0.0
ERR1310266,0.0002330256,0.0012613544,0.0016880821,0.9929707,0.0007356339,0.001968998,0.0011421943,0.0
ERR1523409,0.0076994747,0.003729895,0.0007226871,0.00918612,0.0012715637,0.97236973,0.0050205267,0.0
ERR1366480,0.007696983,0.0036549496,0.00072712963,0.00929473,0.001255416,0.9723433,0.005027551,0.0
SRR8609822,0.0050000935,0.0036334568,0.009096714,0.0050869165,0.00084149075,0.00088847405,0.97545284,0.0
ERR441834,0.0002324627,0.0012641033,0.0016921143,0.99297416,0.0007330532,0.0019682436,0.0011357804,0.0
ERR1263515,0.0076970956,0.0036548595,0.0007271878,0.009294988,0.0012555617,0.9723425,0.0050277533,0.0
ERR2013402,0.0025429153,0.037591342,0.078646705,0.035610422,0.8053833,0.0066043963,0.03362083,0.0
SRR3037260,9.35358e-05,0.0037418306,0.0042660832,0.86286527,0.00063961744,0.07292989,0.0011304915,0.05433333
SRR5180200,0.0018980558,0.98295534,0.003079863,0.0033205585,0.0017705733,0.0011426249,0.0058330595,0.0
ERR522156,0.00023246265,0.0012640435,0.0016919652,0.9929741,0.00073320174,0.0019682432,0.0011359288,0.0
SRR5180257,0.0018980558,0.98295534,0.003079863,0.0033205585,0.0017705733,0.0011426249,0.0058330595,0.0
ERR1582156,0.0018980558,0.98295534,0.003079863,0.0033205585,0.0017705733,0.0011426249,0.0058330595,0.0
SRR1632788,0.00023246267,0.0012641627,0.0016921142,0.9929741,0.0007330829,0.0019682434,0.0011357802,0.0
ERR498694,0.00023246265,0.001264103,0.0016921734,0.99297404,0.0007331125,0.0019682432,0.0011357801,0.0
SRR5823458,0.0018980558,0.98295534,0.003079863,0.0033205585,0.0017705733,0.0011426249,0.0058330595,0.0
SRR7584794,0.007697118,0.003672721,0.00072546455,0.009273288,0.0012604028,0.97234327,0.005027728,0.0
SRR5451642,0.0018980558,0.98295534,0.003079863,0.0033205585,0.0017705733,0.0011426249,0.0058330595,0.0
ERR2511018,0.0002445237,0.0012126258,0.0016234863,0.99287164,0.0007852298,0.0019998483,0.0012626785,0.0
DRR044050,0.00023566416,0.0012494394,0.0016754969,0.9929443,0.00074696884,0.0019799003,0.0011682672,0.0
ERR1897508,0.0018980558,0.98295534,0.003079863,0.0033205585,0.0017705733,0.0011426249,0.0058330595,0.0
SRR3742066,0.0018980558,0.98295534,0.003079863,0.0033205585,0.0017705733,0.0011426249,0.0058330595,0.0
SRR1617774,0.00034604315,0.0014455689,0.0028039964,0.91037756,0.0020793139,0.08118036,0.0017671721,0.0
ERR923629,0.0050000935,0.0036334568,0.009096714,0.0050869165,0.00084149075,0.00088847405,0.97545284,0.0
ERR2511790,0.00024395008,0.0012183823,0.0016645831,0.992777,0.0007927337,0.0020739327,0.0012294466,0.0
ERR1691782,0.0050000935,0.0036334568,0.009096714,0.0050869165,0.00084149075,0.00088847405,0.97545284,0.0
SRR5520115,0.00023246265,0.001264103,0.0016921139,0.99297404,0.00073314225,0.0019683028,0.0011358396,0.0
SRR5176181,0.0018980558,0.98295534,0.003079863,0.0033205585,0.0017705733,0.0011426249,0.0058330595,0.0
SRR5915286,0.0018980558,0.98295534,0.003079863,0.0033205585,0.0017705733,0.0011426249,0.0058330595,0.0
SRR996741,0.0002323735,0.001264163,0.0016921443,0.9929743,0.0007330533,0.0019682439,0.0011356913,0.0
SRR6444099,0.00025950506,0.0012197095,0.0016778591,0.9923839,0.0009045495,0.0022806937,0.0012738177,0.0
SRR2037078,0.007879335,0.007841948,0.9407302,0.006737949,0.009433328,6.168039e-05,0.027315583,0.0
SRR5869583,0.0002323735,0.001264163,0.0016921443,0.9929743,0.0007330533,0.0019682439,0.0011356913,0.0
ERR1384597,0.00023246267,0.0012640437,0.0016920844,0.99297416,0.00073314237,0.0019682434,0.0011358694,0.0
SRR2145549,8.574515e-05,0.004942417,0.0043115616,0.81022656,0.00055393577,0.08640337,0.0011681914,0.09230822
SRR5150215,0.0018980558,0.98295534,0.003079863,0.0033205585,0.0017705733,0.0011426249,0.0058330595,0.0
SRR6411861,0.00023341127,0.0012597427,0.0016868552,0.99296606,0.0007370882,0.001971458,0.0011454315,0.0
SRR5570786,0.0018980558,0.98295534,0.003079863,0.0033205585,0.0017705733,0.0011426249,0.0058330595,0.0
SRR896477,0.0018980558,0.98295534,0.003079863,0.0033205585,0.0017705733,0.0011426249,0.0058330595,0.0
SRR4786253,0.0018980558,0.98295534,0.003079863,0.0033205585,0.0017705733,0.0011426249,0.0058330595,0.0
SRR7453838,0.00023252208,0.001263954,0.0016918755,0.99297404,0.0007332611,0.0019682427,0.0011360772,0.0
SRR950903,0.0018980558,0.98295534,0.003079863,0.0033205585,0.0017705733,0.0011426249,0.0058330595,0.0
ERR538912,0.007879335,0.007841948,0.9407302,0.006737949,0.009433328,6.168039e-05,0.027315583,0.0
ERR1314345,0.0018980558,0.98295534,0.003079863,0.0033205585,0.0017705733,0.0011426249,0.0058330595,0.0
ERR1385395,0.00024913173,0.0011981343,0.0016370367,0.9927345,0.0008142209,0.0020796568,0.0012874136,0.0
SRR3660144,0.0018980558,0.98295534,0.003079863,0.0033205585,0.0017705733,0.0011426249,0.0058330595,0.0
SRR1923903,0.0002323735,0.001264163,0.0016921443,0.9929743,0.0007330533,0.0019682439,0.0011356913,0.0
ERR1924335,0.80751395,0.014923482,0.046864655,0.00771563,0.00069304026,0.051469438,0.0708198,0.0
ERR2001803,0.007696748,0.0036548614,0.00072715885,0.009295021,0.0012554452,0.97234356,0.005027228,0.0
SRR6309295,0.00024669184,0.0010117617,0.0029729896,0.95065767,0.0023133182,0.041810323,0.0009872947,0.0
SRR1123454,0.0018980558,0.98295534,0.003079863,0.0033205585,0.0017705733,0.0011426249,0.0058330595,0.0
SRR5915335,0.0018980558,0.98295534,0.003079863,0.0033205585,0.0017705733,0.0011426249,0.0058330595,0.0
ERR1522349,0.0077046775,0.0037385214,0.0007192235,0.009209963,0.0012802272,0.97228676,0.0050605736,0.0
SRR1302153,0.0018980558,0.98295534,0.003079863,0.0033205585,0.0017705733,0.0011426249,0.0058330595,0.0
SRR5768307,0.00018965652,0.0009470102,0.002872487,0.9781089,0.0013469786,0.015334036,0.0012010002,0.0
SRR1660244,0.00023237347,0.0012641033,0.0016921441,0.9929742,0.00073308294,0.0019682436,0.0011357804,0.0
SRR5196437,0.00023237347,0.0012641628,0.0016921441,0.9929742,0.0007330532,0.0019682436,0.00113581,0.0
ERR1689678,0.0050000935,0.0036334568,0.009096714,0.0050869165,0.00084149075,0.00088847405,0.97545284,0.0
ERR500098,0.00023560412,0.0012507453,0.0016710314,0.9929601,0.0007453311,0.0019688306,0.0011683537,0.0
ERR924374,0.0050000935,0.0036334568,0.009096714,0.0050869165,0.00084149075,0.00088847405,0.97545284,0.0
DRR043210,0.00023314425,0.0012605197,0.0016881988,0.99296665,0.000736436,0.0019716425,0.0011434717,0.0
SRR1029465,0.007879335,0.007841948,0.9407302,0.006737949,0.009433328,6.168039e-05,0.027315583,0.0
DRR043746,0.00023255173,0.0012638344,0.0016917557,0.99297374,0.00073326076,0.0019684203,0.0011363742,0.0
ERR1677124,0.0050000935,0.0036334568,0.009096714,0.0050869165,0.00084149075,0.00088847405,0.97545284,0.0
SRR6874541,0.0004491508,0.0046764016,0.001298666,0.75637066,0.006936252,0.147427,0.0019384027,0.08090347
ERR2495456,0.0050000935,0.0036334568,0.009096714,0.0050869165,0.00084149075,0.00088847405,0.97545284,0.0
ERR1583286,0.0018980558,0.98295534,0.003079863,0.0033205585,0.0017705733,0.0011426249,0.0058330595,0.0
ERR1593344,0.007879335,0.007841948,0.9407302,0.006737949,0.009433328,6.168039e-05,0.027315583,0.0
SRR6745956,0.0018980558,0.98295534,0.003079863,0.0033205585,0.0017705733,0.0011426249,0.0058330595,0.0
ERR2182603,0.00023400396,0.0012573214,0.001682556,0.99296385,0.0007394311,0.001971291,0.0011514887,0.0
SRR062176,0.0018980558,0.98295534,0.003079863,0.0033205585,0.0017705733,0.0011426249,0.0058330595,0.0
SRR6264533,0.0002327591,0.0012628781,0.0016902921,0.9929728,0.0007342397,0.001968324,0.0011386903,0.0
SRR6264484,0.0002325222,0.0012641033,0.0016920846,0.9929742,0.00073308294,0.0019682436,0.0011357804,0.0
ERR441705,0.0002474609,0.0011478487,0.0017810584,0.9915476,0.0009353315,0.003067879,0.0012727538,0.0
SRR5082841,0.007867792,0.0037473496,0.00070718303,0.009304265,0.00133566,0.97177494,0.0052627334,0.0
ERR443722,0.0002323735,0.001264163,0.0016921443,0.9929743,0.0007330533,0.0019682439,0.0011356913,0.0
ERR924262,0.0050000935,0.0036334568,0.009096714,0.0050869165,0.00084149075,0.00088847405,0.97545284,0.0
ERR1689107,0.0050000935,0.0036334568,0.009096714,0.0050869165,0.00084149075,0.00088847405,0.97545284,0.0
SRR944459,0.007879335,0.007841948,0.9407302,0.006737949,0.009433328,6.168039e-05,0.027315583,0.0
SRR6754357,0.0018980558,0.98295534,0.003079863,0.0033205585,0.0017705733,0.0011426249,0.0058330595,0.0
SRR3095206,0.00023430039,0.001255323,0.0016812696,0.9929571,0.00074139104,0.0019753275,0.0011552612,0.0
SRR6367344,0.00024305671,0.0012278068,0.0017312028,0.99273205,0.00078268367,0.0021159707,0.0011672137,0.0
ERR1809138,0.0002390214,0.001235053,0.0016720791,0.99286145,0.0007679559,0.0020311465,0.0011933818,0.0
ERR1535947,0.0018980558,0.98295534,0.003079863,0.0033205585,0.0017705733,0.0011426249,0.0058330595,0.0
SRR1129827,0.007879335,0.007841948,0.9407302,0.006737949,0.009433328,6.168039e-05,0.027315583,0.0
ERR2003223,0.000232611,0.0012635655,0.0016912485,0.99297374,0.00073358725,0.0019682697,0.001137087,0.0
SRR6054490,0.00026027503,0.0011564014,0.0015330182,0.9927544,0.0008497442,0.0020067699,0.0014394214,0.0
SRR8610231,0.009601012,0.0010337553,0.007895834,0.037516907,0.0033411947,0.00045960612,0.9401517,0.0
DRR048132,0.0002325222,0.0012641033,0.0016920846,0.9929742,0.00073308294,0.0019682436,0.0011357804,0.0
SRR5431566,0.00026692078,0.001181827,0.0016473548,0.9923198,0.00092918176,0.0022903439,0.0013645525,0.0
SRR6746467,0.0018980558,0.98295534,0.003079863,0.0033204993,0.0017705733,0.0011426249,0.0058330595,0.0
ERR1103238,0.0018980558,0.98295534,0.003079863,0.0033205585,0.0017705733,0.0011426249,0.0058330595,0.0
ERR1428905,0.0050000935,0.0036334568,0.009096714,0.0050869165,0.00084149075,0.00088847405,0.97545284,0.0
SRR1980852,0.0018980558,0.98295534,0.003079863,0.0033205585,0.0017705733,0.0011426249,0.0058330595,0.0
SRR2061248,0.0018980558,0.98295534,0.003079863,0.0033205585,0.0017705733,0.0011426249,0.0058330595,0.0
ERR1594113,0.007879335,0.007841948,0.9407302,0.006737949,0.009433328,6.168039e-05,0.027315583,0.0
ERR576335,0.0075761774,0.003770821,0.000723513,0.0093729505,0.0012707467,0.9721298,0.005156012,0.0
SRR5699201,0.00023284809,0.0012625495,0.001689636,0.9929728,0.00073444715,0.0019682923,0.0011394625,0.0
ERR1384453,0.00024695622,0.0011991787,0.001702014,0.99246144,0.0008333992,0.00232745,0.0012294869,0.0
SRR1622875,0.0002323735,0.001264163,0.0016921443,0.9929743,0.0007330533,0.0019682439,0.0011356913,0.0
ERR1309776,0.00023703322,0.0012825914,0.0016783011,0.9928271,0.00077788427,0.0020544368,0.0011426263,0.0
ERR526081,0.00024369663,0.0012224392,0.0016913314,0.99273854,0.0007934939,0.002105464,0.0012050386,0.0
DRR067969,0.00023572447,0.0012498602,0.0016743427,0.9929358,0.0007489643,0.0019868077,0.0011685389,0.0
ERR441507,0.0002324627,0.0012641033,0.0016921143,0.9929742,0.0007331127,0.0019682436,0.0011357804,0.0
SRR2297168,0.0018980558,0.98295534,0.003079863,0.0033205585,0.0017705733,0.0011426249,0.0058330595,0.0
SRR6365011,0.00787958,0.007843486,0.9407341,0.0067389696,0.009432659,6.169586e-05,0.02730959,0.0
ERR494380,0.000232611,0.0012633572,0.0016916946,0.9929715,0.00073379546,0.0019699354,0.0011371465,0.0
SRR3624467,0.0018980558,0.98295534,0.003079863,0.0033205585,0.0017705733,0.0011426249,0.0058330595,0.0
SRR3884111,0.0018980558,0.98295534,0.003079863,0.0033205585,0.0017705733,0.0011426249,0.0058330595,0.0
SRR4414751,0.007879335,0.007841948,0.9407302,0.006737949,0.009433328,6.168039e-05,0.027315583,0.0
ERR531932,0.00024145842,0.0012261793,0.001676051,0.99281,0.0007798173,0.0020598026,0.0012066675,0.0
SRR8609840,0.0050000935,0.0036334568,0.009096714,0.0050869165,0.00084149075,0.00088847405,0.97545284,0.0
SRR1351667,0.0018980558,0.98295534,0.003079863,0.0033205585,0.0017705733,0.0011426249,0.0058330595,0.0
SRR5155966,0.0002344187,0.0012556764,0.0016791231,0.99296474,0.00074076426,0.0019691945,0.0011560611,0.0
ERR1616427,0.0076967203,0.003654862,0.00072715903,0.009294964,0.0012554454,0.9723436,0.0050272294,0.0
ERR2011851,0.0015133315,0.00017910599,0.003837305,0.48957866,0.0080378475,0.49636203,0.0004917707,0.0
SRR1426363,0.0076967496,0.003654862,0.00072715903,0.009294907,0.0012554454,0.9723436,0.0050272294,0.0
ERR430954,0.0018980558,0.98295534,0.003079863,0.0033205585,0.0017705733,0.0011426249,0.0058330595,0.0
ERR1523334,0.003754139,0.35452384,0.0005028546,0.0031055808,0.0019240379,0.48765972,0.0076797307,0.14085007
ERR1263784,0.008192893,0.0035287188,0.0007731415,0.009830055,0.0013227462,0.9712969,0.005055649,0.0
ERR1678191,0.0050000935,0.0036334568,0.009096714,0.0050869165,0.00084149075,0.00088847405,0.97545284,0.0
ERR2043123,0.007879335,0.007841948,0.9407302,0.006737949,0.009433328,6.168039e-05,0.027315583,0.0
ERR3256956,0.0018980558,0.98295534,0.003079863,0.0033205585,0.0017705733,0.0011426249,0.0058330595,0.0
SRR5915470,0.0018980558,0.98295534,0.003079863,0.0033205585,0.0017705733,0.0011426249,0.0058330595,0.0
ERR1582209,0.0018980558,0.98295534,0.003079863,0.0033205585,0.0017705733,0.0011426249,0.0058330595,0.0
ERR3506586,0.0077004954,0.0036554912,0.00072709733,0.009294574,0.0012562016,0.9723341,0.0050319824,0.0
SRR6264426,0.00023264074,0.0012628516,0.0016923193,0.9929685,0.00073436066,0.001971988,0.0011374142,0.0
SRR5800734,0.0018980558,0.98295534,0.003079863,0.0033205585,0.0017705733,0.0011426249,0.0058330595,0.0
ERR2729895,0.8058203,0.01893525,0.04602848,0.0069266404,0.00071110827,0.049044188,0.07253397,0.0
ERR2538464,0.0002323735,0.001264163,0.0016921443,0.9929743,0.0007330533,0.0019682439,0.0011356913,0.0
ERR695326,0.0076967487,0.0036548325,0.0007271882,0.009294876,0.0012555039,0.9723435,0.0050272876,0.0
ERR1593433,0.007879335,0.007841948,0.9407302,0.006737949,0.009433328,6.168039e-05,0.027315583,0.0
SRR6932527,0.0002323735,0.001264163,0.0016921443,0.9929743,0.0007330533,0.0019682439,0.0011356913,0.0
ERR522609,0.0002360789,0.00124717,0.0016723024,0.9929396,0.0007491943,0.0019822954,0.0011733451,0.0
SRR3884288,0.0018980558,0.98295534,0.003079863,0.0033205585,0.0017705733,0.0011426249,0.0058330595,0.0
ERR500902,0.00023237347,0.0012641033,0.0016921441,0.9929742,0.00073308294,0.0019682436,0.0011357804,0.0
ERR1691837,0.0050000935,0.0036334568,0.009096714,0.0050869165,0.00084149075,0.00088847405,0.97545284,0.0
ERR006979,0.0002323735,0.001264163,0.0016921443,0.9929743,0.0007330533,0.0019682439,0.0011356913,0.0
SRR5590526,0.0018980558,0.98295534,0.003079863,0.0033205585,0.0017705733,0.0011426249,0.0058330595,0.0
SRR1346076,0.0018980558,0.98295534,0.003079863,0.0033205585,0.0017705733,0.0011426249,0.0058330595,0.0
ERR1582420,0.0018980558,0.98295534,0.003079863,0.0033205585,0.0017705733,0.0011426249,0.0058330595,0.0
SRR950743,0.007879335,0.007841948,0.9407302,0.006737949,0.009433328,6.168039e-05,0.027315583,0.0
SRR7081027,0.0018980558,0.98295534,0.003079863,0.0033205585,0.0017705733,0.0011426249,0.0058330595,0.0
ERR1522766,0.0046654814,0.18336938,0.00061461725,0.0011904974,0.0038836044,0.79289824,0.013378144,0.0
ERR2002082,0.0002325222,0.0012641033,0.0016920846,0.9929742,0.00073308294,0.0019682436,0.0011357804,0.0
SRR1145723,0.0018980558,0.98295534,0.003079863,0.0033205585,0.0017705733,0.0011426249,0.0058330595,0.0
SRR6764724,0.0050000935,0.0036334568,0.009096714,0.0050869165,0.00084149075,0.00088847405,0.97545284,0.0
SRR1617699,0.00023340923,0.0012532176,0.0016910345,0.99291986,0.0007431498,0.0020073135,0.0011519952,0.0
ERR522530,0.00025335883,0.0011942275,0.0016806918,0.99262774,0.000826933,0.0021280774,0.0012888913,0.0
DRR014336,0.00023755991,0.0012418432,0.0016598558,0.99294215,0.0007539932,0.0019753135,0.0011892272,0.0
SRR1631163,0.0018980558,0.98295534,0.003079863,0.0033205585,0.0017705733,0.0011426249,0.0058330595,0.0
SRR4415578,0.007879335,0.007841948,0.9407302,0.006737949,0.009433328,6.168039e-05,0.027315583,0.0
SRR3581206,0.00023329309,0.0012602229,0.0016882293,0.99296385,0.00073685276,0.0019739338,0.0011435614,0.0
SRR3381582,0.00023468545,0.0012539461,0.001678462,0.992958,0.00074248645,0.0019732318,0.0011592093,0.0
SRR6414395,0.00023255186,0.0012641029,0.0016921137,0.9929739,0.0007331422,0.001968243,0.0011358692,0.0
SRR8609586,0.0050000935,0.0036334568,0.009096714,0.0050869165,0.00084149075,0.00088847405,0.97545284,0.0
ERR1297661,0.00025816172,0.0011845102,0.0017053544,0.9924858,0.00085871486,0.0022198637,0.0012875072,0.0
SRR5240867,0.0018980558,0.98295534,0.003079863,0.0033205585,0.0017705733,0.0011426249,0.0058330595,0.0
SRR2980441,0.00055760774,0.0009170764,0.0011049348,0.98828703,0.0017566934,0.0020532669,0.0053234035,0.0
SRR5083181,0.0077025564,0.003657195,0.0007272741,0.009289608,0.0012569356,0.9723333,0.0050332197,0.0
ERR719163,0.0002349562,0.0012509879,0.0016894002,0.99292153,0.0007466009,0.0020000576,0.0011564877,0.0
ERR2043056,0.007879335,0.007841948,0.9407302,0.006737949,0.009433328,6.168039e-05,0.027315583,0.0
ERR1583398,0.0018980558,0.98295534,0.003079863,0.0033205585,0.0017705733,0.0011426249,0.0058330595,0.0
ERR1582798,0.0018980558,0.98295534,0.003079863,0.0033205585,0.0017705733,0.0011426249,0.0058330595,0.0
ERR1523414,0.003754139,0.35452384,0.0005028546,0.0031055808,0.0019240379,0.48765972,0.0076797307,0.14085007
SRR921107,0.0002323735,0.001264163,0.0016921443,0.9929743,0.0007330533,0.0019682439,0.0011356913,0.0
SRR6038446,0.00023246267,0.0012641032,0.0016921142,0.99297416,0.00073314237,0.0019682434,0.0011357802,0.0
SRR3419403,0.00023409276,0.0012569919,0.0016815712,0.99296486,0.00073972717,0.001970127,0.0011527061,0.0
SRR5870044,0.0002323735,0.001264163,0.0016921443,0.9929743,0.0007330533,0.0019682439,0.0011356913,0.0
ERR1691032,0.0050000935,0.0036334568,0.009096714,0.0050869165,0.00084149075,0.00088847405,0.97545284,0.0
SRR5180177,0.0018980558,0.98295534,0.003079863,0.0033205585,0.0017705733,0.0011426249,0.0058330595,0.0
SRR1660108,0.00023415219,0.0012563966,0.0016821955,0.9929606,0.00074029213,0.0019732497,0.0011531817,0.0
SRR6874317,0.0003144145,0.0046670735,0.0013806522,0.82415736,0.005277097,0.10262635,0.0023684502,0.05920863
ERR1226171,0.0050000935,0.0036334568,0.009096714,0.0050869165,0.00084149075,0.00088847405,0.97545284,0.0
SRR5915600,0.0018980558,0.98295534,0.003079863,0.0033205585,0.0017705733,0.0011426249,0.0058330595,0.0
ERR833476,0.0018980558,0.98295534,0.003079863,0.0033205585,0.0017705733,0.0011426249,0.0058330595,0.0
SRR6408685,0.00023269975,0.0012629383,0.0016905906,0.99297243,0.00073415093,0.0019688904,0.001138334,0.0
SRR388039,0.00023296638,0.0012614451,0.001688917,0.9929687,0.000735605,0.001970785,0.001141571,0.0
ERR756422,0.0076967496,0.0036548914,0.00072715903,0.009294994,0.0012554454,0.97234356,0.005027288,0.0
ERR1398107,0.0002461159,0.001210325,0.0016620184,0.99274355,0.0008026204,0.0020885202,0.0012468484,0.0
DRR041994,0.0002385713,0.0012367874,0.0016687498,0.9928986,0.0007607156,0.0020025594,0.001193957,0.0
SRR1767148,0.007879335,0.007841948,0.9407302,0.006737949,0.009433328,6.168039e-05,0.027315583,0.0
SRR1271679,0.0018980558,0.98295534,0.003079863,0.0033205585,0.0017705733,0.0011426249,0.0058330595,0.0
SRR5180978,0.0018980558,0.98295534,0.003079863,0.0033205585,0.0017705733,0.0011426249,0.0058330595,0.0
SRR5178775,0.00054897746,0.030458486,0.0039890492,0.5742681,0.3727949,0.017280241,0.0006603219,0.0
ERR2624749,0.00023252217,0.0012641032,0.0016921439,0.9929741,0.0007330829,0.0019682434,0.0011358099,0.0
SRR2016366,0.0076968065,0.0036549785,0.0007271295,0.009294934,0.0012555623,0.97234297,0.0050275503,0.0
SRR7453282,0.00023249212,0.0012635066,0.0016917847,0.99297243,0.0007336471,0.0019693712,0.0011367603,0.0
SRR5180020,0.0018980558,0.98295534,0.003079863,0.0033205585,0.0017705733,0.0011426249,0.0058330595,0.0
SRR7453601,0.0002324627,0.0012640439,0.0016919953,0.9929743,0.0007331424,0.0019682436,0.0011358695,0.0
SRR6663518,0.0018980558,0.98295534,0.003079863,0.0033205585,0.0017705733,0.0011426249,0.0058330595,0.0
SRR1600323,0.0018980558,0.98295534,0.003079863,0.0033205585,0.0017705733,0.0011426249,0.0058330595,0.0
DRR043992,0.0002345078,0.0012549915,0.0016798361,0.99295974,0.00074156694,0.001972465,0.0011568932,0.0
ERR1310160,0.00023969311,0.001233383,0.0016449271,0.99293596,0.00076184876,0.0019722113,0.0012119983,0.0
SRR5331939,0.0018980558,0.98295534,0.003079863,0.0033205585,0.0017705733,0.0011426249,0.0058330595,0.0
SRR5082985,0.0080007715,0.0037817545,0.00067103433,0.010175584,0.0014945618,0.9699662,0.005910105,0.0
SRR5306420,0.0018980558,0.98295534,0.003079863,0.0033205585,0.0017705733,0.0011426249,0.0058330595,0.0
ERR1548764,0.0025429158,0.037591323,0.07864664,0.035610516,0.8053834,0.006604341,0.033620864,0.0
SRR1922845,0.0002324329,0.0012640138,0.0016920544,0.9929738,0.000733172,0.0019685407,0.0011359883,0.0
SRR6670918,0.0076967487,0.0036548618,0.0007271589,0.009294963,0.0012554453,0.9723435,0.0050272876,0.0
ERR2187956,0.0025429153,0.037591342,0.078646705,0.035610422,0.8053833,0.0066043963,0.03362083,0.0
ERR499438,0.00023264048,0.0012632072,0.0016909195,0.99297243,0.00073397317,0.0019690706,0.0011377997,0.0
SRR2657981,0.00023706032,0.001242202,0.0016759896,0.99290663,0.00075544015,0.0020039775,0.0011786687,0.0
ERR2511676,0.00023246263,0.0012640732,0.0016920542,0.9929739,0.0007331422,0.0019683917,0.0011358989,0.0
ERR1582540,0.0018980558,0.98295534,0.003079863,0.0033205585,0.0017705733,0.0011426249,0.0058330595,0.0
ERR1314134,0.00024530521,0.0012107037,0.0016528955,0.99279386,0.00079328637,0.0020515164,0.0012524008,0.0
SRR6444398,0.0002346607,0.0012539728,0.0016878378,0.99292433,0.0007460717,0.0020003123,0.0011528685,0.0
SRR1624801,0.0002323735,0.001264163,0.0016921443,0.9929743,0.0007330533,0.0019682439,0.0011356913,0.0
SRR3063271,0.007879335,0.007841948,0.9407302,0.006737949,0.009433328,6.168039e-05,0.027315583,0.0
ERR2560667,0.0076978575,0.0036557382,0.0007270999,0.009292703,0.0012558253,0.9723424,0.005028456,0.0
SRR8611161,0.010096769,0.007976281,0.008443974,0.0042714938,0.005329102,0.003362551,0.9605198,0.0
ERR501322,0.00023243293,0.0012641032,0.0016921142,0.99297416,0.00073314237,0.0019682434,0.0011358099,0.0
ERR1298028,0.0050000935,0.0036334568,0.009096714,0.0050869165,0.00084149075,0.00088847405,0.97545284,0.0
SRR1145274,0.00023451565,0.0012554798,0.001702886,0.99292004,0.0007426627,0.0020033182,0.0011410478,0.0
ERR1311420,0.00023302612,0.001261506,0.0016890081,0.9929676,0.00073587353,0.0019715605,0.0011414533,0.0
SRR4125126,0.007696748,0.0036548614,0.00072715885,0.009295021,0.0012554452,0.97234356,0.0050272867,0.0
ERR2854564,0.007696982,0.0036550078,0.00072715885,0.009294582,0.0012554452,0.9723433,0.005027521,0.0
SRR7448808,0.00023249234,0.0012640135,0.0016918755,0.99297404,0.0007332611,0.0019683023,0.0011360772,0.0
ERR1135216,0.00023612469,0.0012522818,0.0017186415,0.99286914,0.00074808515,0.0020403457,0.00113532,0.0
ERR1583165,0.0018980558,0.98295534,0.003079863,0.0033205585,0.0017705733,0.0011426249,0.0058330595,0.0
SRR388096,0.0002323735,0.0012641035,0.0016920848,0.9929743,0.00073308306,0.0019682439,0.0011358103,0.0
ERR107045,0.00025511795,0.0011792402,0.0016165003,0.99265665,0.0008421063,0.0021054442,0.0013449375,0.0
SRR2297183,0.0018980558,0.98295534,0.003079863,0.0033205585,0.0017705733,0.0011426249,0.0058330595,0.0
ERR498613,0.00023264044,0.0012632664,0.0016907109,0.99297327,0.0007339135,0.0019683267,0.0011378886,0.0
ERR1382669,0.0002354599,0.0012493117,0.0016830505,0.99291956,0.00074924197,0.0020005764,0.001162784,0.0
SRR2027391,0.0018980558,0.98295534,0.003079863,0.0033205585,0.0017705733,0.0011426249,0.0058330595,0.0
ERR1135361,0.00770345,0.003655078,0.0007280691,0.009290247,0.0012567671,0.97233665,0.0050297044,0.0
ERR923558,0.0050000935,0.0036334568,0.009096714,0.0050869165,0.00084149075,0.00088847405,0.97545284,0.0
SRR1060347,0.0002324627,0.0012641033,0.0016921143,0.99297416,0.0007331127,0.001968333,0.0011357804,0.0
ERR1226344,0.0050000935,0.0036334568,0.009096714,0.0050869165,0.00084149075,0.00088847405,0.97545284,0.0
ERR1691155,0.0050000935,0.0036334568,0.009096714,0.0050869165,0.00084149075,0.00088847405,0.97545284,0.0
ERR719691,0.00024601613,0.001207894,0.0016430618,0.99278677,0.00079842226,0.0020555374,0.0012623197,0.0
ERR983883,0.00025742533,0.0012207999,0.0017036768,0.99197036,0.00088339567,0.002593854,0.0013705259,0.0
SRR2061334,0.0018980558,0.98295534,0.003079863,0.0033205585,0.0017705733,0.0011426249,0.0058330595,0.0
ERR866539,0.00023326262,0.0012599216,0.0016870045,0.99296606,0.00073696946,0.0019718455,0.0011449857,0.0
ERR695296,0.007697685,0.0036550956,0.00072718813,0.009293674,0.0012555915,0.9723426,0.005028136,0.0
SRR886330,0.007879335,0.007841948,0.9407302,0.006737949,0.009433328,6.168039e-05,0.027315583,0.0
ERR1690040,0.0050000935,0.0036334568,0.009096714,0.0050869165,0.00084149075,0.00088847405,0.97545284,0.0
SRR5097538,0.0018994279,0.98294985,0.0030805778,0.0033219496,0.0017709439,0.0011427051,0.0058345506,0.0
ERR1582212,0.0018980558,0.98295534,0.003079863,0.0033205585,0.0017705733,0.0011426249,0.0058330595,0.0
ERR2538486,0.0002323735,0.001264163,0.0016921443,0.9929743,0.0007330533,0.0019682439,0.0011356913,0.0
DRR018717,0.00023920652,0.0012370803,0.0017016621,0.99283874,0.00076416996,0.0020434281,0.0011756575,0.0
SRR5590547,0.0018980558,0.98295534,0.003079863,0.0033205585,0.0017705733,0.0011426249,0.0058330595,0.0
SRR2500941,0.00029710503,0.79750514,0.00641325,0.18287578,0.011931014,0.0008212162,0.00015642594,0.0
SRR6480261,0.0010561942,0.78611565,0.02715939,0.0016904769,0.0042941566,0.000820428,0.018049506,0.16081415
ERR1256247,0.0009387143,0.0011443073,0.0048196106,0.214227,0.004543956,0.7734124,0.0009139323,0.0
DRR048018,0.00023284793,0.0012622214,0.0016897835,0.99297094,0.00073480356,0.0019694509,0.0011399376,0.0
SRR5110002,0.0018980558,0.98295534,0.003079863,0.0033205585,0.0017705733,0.0011426249,0.0058330595,0.0
SRR5699157,0.0002324627,0.0012640439,0.0016921143,0.9929742,0.0007331127,0.0019682436,0.00113581,0.0
SRR5002210,0.001897997,0.98295546,0.0030798633,0.0033204998,0.0017705736,0.001142625,0.0058330013,0.0
SRR6264225,0.00023344226,0.0012590354,0.0016906717,0.992954,0.0007380737,0.0019810467,0.0011436231,0.0
SRR5896018,0.0018980558,0.98295534,0.003079863,0.0033205585,0.0017705733,0.0011426249,0.0058330595,0.0
SRR5568759,0.0018980558,0.98295534,0.003079863,0.0033205585,0.0017705733,0.0011426249,0.0058330595,0.0
ERR1533751,0.007696748,0.0036549491,0.00072715885,0.009294875,0.0012554158,0.97234356,0.0050272867,0.0
SRR5406970,0.0018980558,0.98295534,0.003079863,0.0033205585,0.0017705733,0.0011426249,0.0058330595,0.0
ERR500081,0.00031596285,0.001062595,0.0012357539,0.9917596,0.0012194181,0.0022289667,0.0021777318,0.0
SRR1704611,0.0018980558,0.98295534,0.003079863,0.0033205585,0.0017705733,0.0011426249,0.0058330595,0.0
ERR2598707,0.0077504506,0.0036639115,0.0007271356,0.009263474,0.0012724799,0.97222835,0.0050941664,0.0
SRR7453414,0.00023290784,0.0012618667,0.001691839,0.99296516,0.0007352808,0.0019736784,0.001139315,0.0
SRR8609958,0.0050000935,0.0036334568,0.009096714,0.0050869165,0.00084149075,0.00088847405,0.97545284,0.0
SRR2098536,0.0018980558,0.98295534,0.003079863,0.0033205585,0.0017705733,0.0011426249,0.0058330595,0.0
ERR532242,0.00023323343,0.0012601624,0.0016879307,0.992965,0.0007368225,0.0019729806,0.0011438581,0.0
ERR1529637,0.00022915003,0.0025559661,0.0012898444,0.990232,0.0015743969,0.0030045803,0.0009395479,0.00017446278
SRR6761100,0.0018980558,0.98295534,0.003079863,0.0033205585,0.0017705733,0.0011426249,0.0058330595,0.0
SRR8609856,0.0050000935,0.0036334568,0.009096714,0.0050869165,0.00084149075,0.00088847405,0.97545284,0.0
ERR2806319,0.00023246267,0.0012641032,0.0016919952,0.99297416,0.00073314237,0.0019682434,0.0011358397,0.0
ERR924234,0.0050000935,0.0036334568,0.009096714,0.0050869165,0.00084149075,0.00088847405,0.97545284,0.0
SRR6746515,0.0018980558,0.98295534,0.003079863,0.0033205585,0.0017705733,0.0011426249,0.0058330595,0.0
ERR1297909,0.0050000935,0.0036334568,0.009096714,0.0050869165,0.00084149075,0.00088847405,0.97545284,0.0
SRR5465813,0.0018980558,0.98295534,0.003079863,0.0033204993,0.0017705733,0.0011426249,0.0058330595,0.0
ERR1313647,0.00023320448,0.0012597505,0.0016902268,0.9929578,0.00073741993,0.0019789066,0.0011427912,0.0
SRR5483769,0.0018980558,0.98295534,0.003079863,0.0033205585,0.0017705733,0.0011426249,0.0058330595,0.0
ERR2836038,0.007909039,0.0038562666,0.00070183945,0.009099844,0.0013686294,0.97176796,0.00529643,0.0
ERR1383460,0.00024162121,0.0012236014,0.0016431967,0.9928843,0.00077414553,0.002002357,0.0012308584,0.0
ERR1522231,0.0076967487,0.0036548325,0.00072712963,0.009294905,0.0012554453,0.9723436,0.0050272876,0.0
DRR042846,0.00023335166,0.001259861,0.0016861702,0.9929686,0.00073687965,0.0019695535,0.0011455499,0.0
SRR2126818,0.0018980558,0.98295534,0.003079863,0.0033205585,0.0017705733,0.0011426249,0.0058330595,0.0
ERR894680,0.004962792,0.0038351708,0.009923746,0.0048068133,0.0008842363,0.00084188266,0.97474533,0.0
SRR3742098,0.0018980558,0.98295534,0.003079863,0.0033205585,0.0017705733,0.0011426249,0.0058330595,0.0
SRR6287220,0.0018980558,0.98295534,0.003079863,0.0033205585,0.0017705733,0.0011426249,0.0058330595,0.0
SRR6287230,0.0018980558,0.98295534,0.003079863,0.0033205585,0.0017705733,0.0011426249,0.0058330595,0.0
ERR1263204,0.0076960186,0.0036550676,0.00072721764,0.009295727,0.0012554455,0.9723429,0.005027611,0.0
SRR8610651,0.0050000935,0.0036334568,0.009096714,0.0050869165,0.00084149075,0.00088847405,0.97545284,0.0
ERR107025,0.00023536796,0.0012501004,0.0016781529,0.9929415,0.0007464671,0.001983004,0.0011654178,0.0
SRR1299258,0.0002340097,0.0012564004,0.0016965778,0.9929297,0.00074176944,0.0019992704,0.0011423255,0.0
SRR1631785,0.0018980558,0.98295534,0.003079863,0.0033205585,0.0017705733,0.0011426249,0.0058330595,0.0
SRR980693,0.007879335,0.007841948,0.9407302,0.006737949,0.009433328,6.168039e-05,0.027315583,0.0
SRR1258341,0.0018980558,0.98295534,0.003079863,0.0033205585,0.0017705733,0.0011426249,0.0058330595,0.0
ERR498878,0.00025215227,0.0011889132,0.001614857,0.9927062,0.000829881,0.002085438,0.0013225578,0.0
SRR6931968,0.0076952404,0.003656216,0.0007270724,0.009294981,0.0012557112,0.97234374,0.005027121,0.0
SRR6054488,0.00023296644,0.0012616239,0.0016887092,0.99297065,0.00073536724,0.0019693577,0.0011413333,0.0
SRR920176,0.0002323735,0.001264163,0.0016921443,0.9929743,0.0007330533,0.0019682439,0.0011356913,0.0
ERR675578,0.007696748,0.0036548614,0.00072715885,0.009295021,0.0012554452,0.97234356,0.0050272867,0.0
SRR8608383,0.0050000935,0.0036334568,0.009096714,0.0050869165,0.00084149075,0.00088847405,0.97545284,0.0
SRR1631392,0.0002323735,0.001264163,0.0016921443,0.9929743,0.0007330533,0.0019682439,0.0011356913,0.0
ERR2495406,0.0050000935,0.0036334568,0.009096714,0.0050869165,0.00084149075,0.00088847405,0.97545284,0.0
SRR6457494,0.0018980558,0.98295534,0.003079863,0.0033205585,0.0017705733,0.0011426249,0.0058330595,0.0
SRR6754367,0.0018980558,0.98295534,0.003079863,0.0033205585,0.0017705733,0.0011426249,0.0058330595,0.0
ERR1311424,0.00023551608,0.0012494726,0.0016758882,0.99294025,0.0007473873,0.0019841294,0.0011673484,0.0
ERR1905818,0.0050000935,0.0036334568,0.009096714,0.0050869165,0.00084149075,0.00088847405,0.97545284,0.0
SRR6436930,0.00023676005,0.0012449534,0.0016661542,0.9929433,0.0007510588,0.0019771843,0.0011806474,0.0
ERR1428806,0.0050000935,0.0036334568,0.009096714,0.0050869165,0.00084149075,0.00088847405,0.97545284,0.0
SRR6866473,0.0002769882,0.0012493923,0.0016962329,0.99195015,0.0010467238,0.0024760542,0.0013044627,0.0
SRR5640757,0.0018980558,0.98295534,0.003079863,0.0033205585,0.0017705733,0.0011426249,0.0058330595,0.0
SRR6409235,0.0002324627,0.0012641628,0.0016920251,0.9929742,0.0007331127,0.0019682436,0.0011357209,0.0
SRR2984191,0.0018980558,0.98295534,0.003079863,0.0033205585,0.0017705733,0.0011426249,0.0058330595,0.0
ERR2011850,0.00023685484,0.0012437928,0.0016780316,0.99289775,0.0007565197,0.0020122102,0.001174875,0.0
ERR499652,0.00023252217,0.0012640734,0.0016921439,0.9929741,0.0007330829,0.0019682434,0.0011357802,0.0
ERR1897765,0.007696623,0.0036594993,0.00072672154,0.00928837,0.001256591,0.9723466,0.0050255437,0.0
ERR1689904,0.0050000935,0.0036334568,0.009096714,0.0050869165,0.00084149075,0.00088847405,0.97545284,0.0
SRR7651506,0.0018980558,0.98295534,0.003079863,0.0033205585,0.0017705733,0.0011426249,0.0058330595,0.0
ERR1314278,0.0002324627,0.0012641033,0.0016921143,0.99297416,0.0007330532,0.0019682436,0.0011357804,0.0
ERR309098,0.007667326,0.0036837186,0.000726188,0.009354745,0.0012611784,0.9721942,0.005112664,0.0
ERR2495362,0.0050000935,0.0036334568,0.009096714,0.0050869165,0.00084149075,0.00088847405,0.97545284,0.0
ERR1135301,0.0077864667,0.0036078754,0.00072922994,0.009575953,0.0012867678,0.9718734,0.0051401895,0.0
ERR2231381,0.007696748,0.0036548614,0.00072715885,0.009295021,0.0012554452,0.97234356,0.0050272867,0.0
ERR1689362,0.0050000935,0.0036334568,0.009096714,0.0050869165,0.00084149075,0.00088847405,0.97545284,0.0
SRR2920465,0.0018980558,0.98295534,0.003079863,0.0033205585,0.0017705733,0.0011426249,0.0058330595,0.0
SRR6411536,0.0002323735,0.001264163,0.0016921443,0.9929743,0.0007330533,0.0019682439,0.0011356913,0.0
ERR720037,0.00023881081,0.0012358734,0.0016669465,0.9928795,0.00076536054,0.0020180093,0.001195452,0.0
SRR1631002,0.0002323735,0.001264163,0.0016921443,0.9929743,0.0007330533,0.0019682439,0.0011356913,0.0
SRR8610847,0.0050000935,0.0036334568,0.009096714,0.0050869165,0.00084149075,0.00088847405,0.97545284,0.0
ERR756585,0.007698322,0.0036528662,0.0007272753,0.009302627,0.0012560297,0.97233677,0.0050261985,0.0
SRR7663446,0.001902493,0.98293746,0.0030822384,0.003325051,0.0017717704,0.0011429227,0.005837995,0.0
SRR6757653,0.0002323735,0.001264163,0.0016921443,0.9929743,0.0007330533,0.0019682439,0.0011356913,0.0
SRR1617948,0.00025505418,0.0011938416,0.0016909236,0.99259144,0.0008323165,0.0021425325,0.0012939182,0.0
SRR7081337,0.0018980558,0.98295534,0.003079863,0.0033205585,0.0017705733,0.0011426249,0.0058330595,0.0
SRR5915477,0.00037446618,0.28140873,0.110621095,0.008204192,0.04374656,0.00039935112,0.004338622,0.550907
ERR488072,0.0076968633,0.0036550655,0.0007271587,0.009294843,0.0012555327,0.9723432,0.0050274613,0.0
SRR1602663,0.0018980558,0.98295534,0.003079863,0.0033205585,0.0017705733,0.0011426249,0.0058330595,0.0
ERR1522471,0.0076967496,0.0036549207,0.0007271297,0.009294818,0.0012554454,0.9723436,0.0050273174,0.0
SRR8356320,0.0003201231,0.0011375877,0.0017595175,0.991278,0.0012006847,0.0027200056,0.0015841128,0.0
SRR6511304,0.0018980558,0.98295534,0.003079863,0.0033205585,0.0017705733,0.0011426249,0.0058330595,0.0
ERR1263430,0.0077015283,0.0036513803,0.00072724174,0.009307552,0.0012568717,0.97232574,0.005029596,0.0
ERR2538433,0.0002323735,0.001264163,0.0016921443,0.9929743,0.0007330533,0.0019682439,0.0011356913,0.0
ERR1522005,0.007282941,0.005602091,0.0006041132,0.0077456306,0.0016945353,0.972468,0.0046026595,0.0
ERR1314704,0.00024945918,0.0011932156,0.0017864322,0.99209416,0.0008648374,0.0026433272,0.0011685552,0.0
SRR5869078,0.0002323735,0.001264163,0.0016921443,0.9929743,0.0007330533,0.0019682439,0.0011356913,0.0
ERR499429,0.00023255155,0.0012636253,0.0016912488,0.992974,0.00073352794,0.001968181,0.0011369386,0.0
ERR1310283,0.0002390119,0.0012364613,0.0016500328,0.99293864,0.00075906207,0.0019729189,0.0012039526,0.0
ERR525934,0.00023261104,0.0012636848,0.0016913976,0.99297374,0.00073352794,0.0019682404,0.0011368493,0.0
SRR7454049,0.0002323735,0.001264163,0.0016921443,0.9929743,0.0007330533,0.0019682439,0.0011356913,0.0
SRR8605369,0.0050000935,0.0036334568,0.009096714,0.0050869165,0.00084149075,0.00088847405,0.97545284,0.0
SRR6932036,0.0002323735,0.001264163,0.0016921443,0.9929743,0.0007330533,0.0019682439,0.0011356913,0.0
SRR5196238,0.0002333277,0.0012614984,0.0016953738,0.99295545,0.0007363624,0.0019842968,0.001133769,0.0
ERR719775,0.0002413801,0.0012295067,0.0016950743,0.99277973,0.00078107207,0.0020851493,0.0011881314,0.0
SRR769684,0.0018980558,0.98295534,0.003079863,0.0033205585,0.0017705733,0.0011426249,0.0058330595,0.0
ERR2868523,0.0018980558,0.98295534,0.003079863,0.0033205585,0.0017705733,0.0011426249,0.0058330595,0.0
ERR1690811,0.0050000935,0.0036334568,0.009096714,0.0050869165,0.00084149075,0.00088847405,0.97545284,0.0
ERR1103088,0.0018979969,0.9829554,0.0030798335,0.003320529,0.0017706323,0.0011426249,0.0058330004,0.0
ERR1905846,0.0050000935,0.0036334568,0.009096714,0.0050869165,0.00084149075,0.00088847405,0.97545284,0.0
SRR5902433,0.0018980558,0.98295534,0.003079863,0.0033205585,0.0017705733,0.0011426249,0.0058330595,0.0
SRR5467578,0.0002445609,0.001233157,0.0017610111,0.9927303,0.0007768178,0.002127659,0.0011264498,0.0
DRR060031,0.0018980558,0.98295534,0.003079863,0.0033205585,0.0017705733,0.0011426249,0.0058330595,0.0
SRR5467731,0.00023338168,0.0012597435,0.001687719,0.992964,0.00073717796,0.001972798,0.0011451051,0.0
ERR1897214,0.0018980558,0.98295534,0.003079863,0.0033205585,0.0017705733,0.0011426249,0.0058330595,0.0
SRR1622894,0.0002323735,0.001264163,0.0016921443,0.9929743,0.0007330533,0.0019682439,0.0011356913,0.0
SRR8610032,0.0050000935,0.0036334568,0.009096714,0.0050869165,0.00084149075,0.00088847405,0.97545284,0.0
ERR441258,0.00023252217,0.0012641032,0.0016920547,0.99297416,0.0007330829,0.001968303,0.0011357504,0.0
ERR1689295,0.0050000935,0.0036334568,0.009096714,0.0050869165,0.00084149075,0.00088847405,0.97545284,0.0
SRR950754,0.007879335,0.007841948,0.9407302,0.006737949,0.009433328,6.168039e-05,0.027315583,0.0
SRR5947867,0.00023367828,0.0012583111,0.0016858686,0.99296105,0.0007385138,0.0019747242,0.0011478672,0.0
ERR499170,0.00023275914,0.0012629675,0.0016902329,0.9929731,0.0007341506,0.001968235,0.0011385714,0.0
ERR2738893,0.00023341106,0.0012599796,0.001685545,0.9929703,0.0007367604,0.0019682439,0.0011456684,0.0
ERR894650,0.0050000935,0.0036334568,0.009096714,0.0050869165,0.00084149075,0.00088847405,0.97545284,0.0
SRR5880453,0.007879337,0.007842038,0.94073,0.006737833,0.0094334185,6.1680454e-05,0.027315678,0.0
ERR500971,0.00023237347,0.0012641628,0.0016921441,0.9929742,0.0007330532,0.0019682436,0.00113581,0.0
SRR3362188,0.0002324922,0.0012638938,0.0016916961,0.9929738,0.0007333499,0.0019683011,0.0011364336,0.0
SRR3664322,0.0018980558,0.98295534,0.003079863,0.0033205585,0.0017705733,0.0011426249,0.0058330595,0.0
SRR2103012,0.0018980558,0.98295534,0.003079863,0.0033205585,0.0017705733,0.0011426249,0.0058330595,0.0
SRR8605342,0.0050000935,0.0036334568,0.009096714,0.0050869165,0.00084149075,0.00088847405,0.97545284,0.0
ERR878259,0.007908993,0.003608567,0.0007628911,0.009324289,0.0013164374,0.97197956,0.005099258,0.0
SRR2074942,0.67218256,0.0065996773,0.12348832,0.0013558426,0.0019479751,0.032830197,0.16159542,0.0
SRR7901893,0.0012142956,0.3338362,0.10271329,0.0001257956,0.005829543,0.00019776821,0.24784416,0.30823898
SRR994959,0.0002323735,0.001264163,0.0016921443,0.9929743,0.0007330533,0.0019682439,0.0011356913,0.0
SRR5181291,0.0018980558,0.98295534,0.003079863,0.0033205585,0.0017705733,0.0011426249,0.0058330595,0.0
ERR1383439,0.00023652306,0.00124594,0.0016674995,0.9929436,0.00075028854,0.0019781443,0.0011780348,0.0
SRR995496,0.0002323735,0.001264163,0.0016921443,0.9929743,0.0007330533,0.0019682439,0.0011356913,0.0
ERR1256388,0.0006780029,0.0024269822,0.0036989155,0.48327005,0.0022473636,0.4227392,0.00046312812,0.08447642
SRR500315,0.0018980558,0.98295534,0.003079863,0.0033205585,0.0017705733,0.0011426249,0.0058330595,0.0
SRR3191003,0.0002386052,0.0012365115,0.0016808548,0.9928735,0.00076239445,0.0020209164,0.0011872854,0.0
SRR4786128,0.0018980558,0.98295534,0.003079863,0.0033205585,0.0017705733,0.0011426249,0.0058330595,0.0
ERR1144125,0.0018980558,0.98295534,0.003079863,0.0033205585,0.0017705733,0.0011426249,0.0058330595,0.0
ERR1384603,0.00025036646,0.0012087856,0.0017752635,0.99228144,0.00084825914,0.0024866778,0.0011491986,0.0
SRR4300291,0.0018980558,0.98295534,0.003079863,0.0033205585,0.0017705733,0.0011426249,0.0058330595,0.0
DRR043823,0.0002323735,0.001264163,0.0016920848,0.9929743,0.00073308306,0.0019682439,0.001135721,0.0
SRR5626845,0.0018980558,0.98295534,0.003079863,0.0033205585,0.0017705733,0.0011426249,0.0058330595,0.0
ERR209727,0.00024953365,0.0011808384,0.0017184214,0.99223274,0.00086438574,0.0025019392,0.0012522187,0.0
ERR106947,0.00024641387,0.0012098817,0.0016785588,0.992736,0.0007992613,0.0020881083,0.0012417653,0.0
SRR5155540,0.0018980558,0.98295534,0.003079863,0.0033205585,0.0017705733,0.0011426249,0.0058330595,0.0
ERR1314590,0.0002323735,0.001264163,0.0016921443,0.9929743,0.0007330533,0.0019682439,0.0011356913,0.0
SRR823319,0.0002323735,0.001264163,0.0016921443,0.9929743,0.0007330533,0.0019682439,0.0011356913,0.0
SRR7584450,0.0076967496,0.003654862,0.0007271297,0.009294818,0.001255504,0.9723436,0.005027259,0.0
ERR1690261,0.0050000935,0.0036334568,0.009096714,0.0050869165,0.00084149075,0.00088847405,0.97545284,0.0
SRR5468040,0.00023246273,0.0012641035,0.0016920848,0.99297434,0.0007330533,0.0019682439,0.001135721,0.0
SRR6393977,0.0002326409,0.0012638341,0.0016916959,0.99297374,0.0007333498,0.0019683307,0.0011364631,0.0
SRR5467704,0.00023249247,0.0012638358,0.0016923823,0.9929719,0.00073341024,0.0019699691,0.0011359589,0.0
ERR1522441,0.0076968945,0.0036551543,0.00072718813,0.009294494,0.0012555915,0.97234344,0.005027316,0.0
ERR2168937,0.0018980558,0.98295534,0.003079863,0.0033205585,0.0017705733,0.0011426249,0.0058330595,0.0
ERR2991824,0.0002323735,0.001264163,0.0016921443,0.9929743,0.0007330533,0.0019682439,0.0011356913,0.0
ERR486999,0.007697101,0.00365495,0.0007272176,0.009294291,0.001255504,0.97234344,0.0050274637,0.0
ERR867061,0.00023492421,0.0012521063,0.0016806392,0.99293834,0.0007457907,0.0019878433,0.0011604328,0.0
ERR719232,0.00024135885,0.0012265431,0.001649568,0.99286115,0.0007768989,0.0020211982,0.0012232715,0.0
ERR1581965,0.007879335,0.007841948,0.9407302,0.006737949,0.009433328,6.168039e-05,0.027315583,0.0
SRR8610778,0.0050000935,0.0036334568,0.009096714,0.0050869165,0.00084149075,0.00088847405,0.97545284,0.0
ERR2495687,0.0050000935,0.0036334568,0.009096714,0.0050869165,0.00084149075,0.00088847405,0.97545284,0.0
ERR501000,0.00023261107,0.0012637146,0.0016915168,0.9929737,0.0007334685,0.00196833,0.0011367304,0.0
SRR5591509,0.0018980558,0.98295534,0.003079863,0.0033205585,0.0017705733,0.0011426249,0.0058330595,0.0
SRR5870012,0.0002324627,0.0012641033,0.0016921143,0.9929742,0.00073308294,0.0019682436,0.00113581,0.0
ERR1548970,0.0025429153,0.037591342,0.078646705,0.035610422,0.8053833,0.0066043963,0.03362083,0.0
SRR7092938,0.0018980558,0.98295534,0.003079863,0.0033205585,0.0017705733,0.0011426249,0.0058330595,0.0
ERR1522528,0.0076967487,0.0036548618,0.00072712963,0.009294905,0.0012554453,0.9723436,0.0050272876,0.0
SRR5155768,0.0002346259,0.0012544217,0.0016774801,0.9929624,0.00074201036,0.0019700783,0.0011590008,0.0
ERR1382674,9.210348e-05,0.0039637685,0.004257709,0.8545035,0.00061899424,0.07435763,0.0011368096,0.06106949
SRR7081093,0.0018980558,0.98295534,0.0030798924,0.00332047,0.0017706323,0.0011426249,0.005833089,0.0
SRR3589570,0.0018980558,0.98295534,0.003079863,0.0033204993,0.0017705733,0.0011426249,0.0058330595,0.0
SRR6004931,0.0018980558,0.98295534,0.003079863,0.0033205585,0.0017705733,0.0011426249,0.0058330595,0.0
ERR1593557,0.007879335,0.007841948,0.9407302,0.006737949,0.009433328,6.168039e-05,0.027315583,0.0
ERR1759894,0.0002330004,0.0012640562,0.0016927852,0.99293566,0.00073731405,0.001991554,0.0011456076,0.0
ERR1523516,0.007696748,0.0036548614,0.00072715885,0.009295021,0.0012554452,0.97234356,0.0050272867,0.0
SRR6408812,0.00023447788,0.0012546038,0.0016796564,0.99295866,0.0007418936,0.0019732371,0.0011575468,0.0
ERR2216457,0.0076969713,0.0036551782,0.00072709925,0.009295477,0.0012556777,0.9723409,0.0050286856,0.0
SRR2086931,0.0002324627,0.0012640735,0.0016920846,0.9929738,0.0007331722,0.0019686006,0.0011358398,0.0
ERR1677192,0.0050000935,0.0036334568,0.009096714,0.0050869165,0.00084149075,0.00088847405,0.97545284,0.0
SRR6005057,0.0018980558,0.98295534,0.003079863,0.0033205585,0.0017705733,0.0011426249,0.0058330595,0.0
SRR950718,0.007879335,0.007841948,0.9407302,0.006737949,0.009433328,6.168039e-05,0.027315583,0.0
SRR1461439,0.00023578222,0.0012505053,0.0016702256,0.9929611,0.0007454787,0.0019676378,0.001169274,0.0
SRR1461482,0.00020242253,0.0011259568,0.002492948,0.9852542,0.0010767035,0.008709638,0.001138114,0.0
DRR048038,0.0002323735,0.0012641035,0.001692174,0.9929743,0.00073308306,0.0019683035,0.0011356913,0.0
ERR1690778,0.0050000935,0.0036334568,0.009096714,0.0050869165,0.00084149075,0.00088847405,0.97545284,0.0
SRR6409217,0.00023302593,0.001261267,0.0016893636,0.9929676,0.0007357242,0.0019714993,0.0011416307,0.0
SRR2058018,0.007879335,0.007841948,0.9407302,0.006737949,0.009433328,6.168039e-05,0.027315583,0.0
SRR5590584,0.0018980558,0.98295534,0.003079863,0.0033205585,0.0017705733,0.0011426249,0.0058330595,0.0
ERR719031,0.00023326384,0.0012594522,0.0016898689,0.9929561,0.00073789543,0.0019799466,0.0011434747,0.0
SRR943509,0.007879335,0.007841948,0.9407302,0.006737949,0.009433328,6.168039e-05,0.027315583,0.0
SRR505194,0.00023430027,0.0012562742,0.0016801385,0.99296486,0.00074026035,0.0019695857,0.001154517,0.0
SRR943585,0.007879335,0.007841948,0.9407302,0.006737949,0.009433328,6.168039e-05,0.027315583,0.0
SRR3419418,0.0002522895,0.0011918545,0.0016642243,0.99264145,0.000829495,0.0021321035,0.0012886304,0.0
ERR500247,0.0002324627,0.0012641033,0.0016920846,0.99297416,0.0007331722,0.0019682436,0.0011356911,0.0
ERR500497,0.00023379648,0.0012584854,0.0016832454,0.9929688,0.0007382139,0.0019682928,0.0011492019,0.0
ERR499487,0.00023687858,0.0012441479,0.0016651696,0.99293995,0.00075206865,0.001979471,0.0011823704,0.0
ERR1384773,0.00024474342,0.0012131885,0.0016593419,0.9927953,0.00079059054,0.0020525255,0.001244328,0.0
ERR1896826,0.003754139,0.35452384,0.0005028546,0.0031055808,0.0019240379,0.48765972,0.0076797307,0.14085007
DRR018385,0.0002603123,0.001184314,0.001741493,0.992431,0.00086213584,0.0022469487,0.0012738112,0.0
ERR2013526,0.0025429153,0.037591342,0.078646705,0.035610422,0.8053833,0.0066043963,0.03362083,0.0
SRR7303150,0.007711673,0.0036300253,0.0007270184,0.00938502,0.0012597982,0.97226286,0.005023553,0.0
ERR1298468,0.0050000935,0.0036334568,0.009096714,0.0050869165,0.00084149075,0.00088847405,0.97545284,0.0
SRR2097672,0.0018980558,0.98295534,0.003079863,0.0033205585,0.0017705733,0.0011426249,0.0058330595,0.0
ERR532050,0.00023762305,0.0012399587,0.0016715111,0.99290407,0.000757812,0.002003779,0.0011852004,0.0
ERR1328487,0.0002533243,0.0012057666,0.001672916,0.9924725,0.00086172496,0.0022723638,0.0012613867,0.0
SRR3094891,0.00058427453,0.0016126037,0.0028489232,0.77997804,0.0029081702,0.20835316,0.0012947321,0.0024201274
SRR6411511,0.00023349997,0.0012595018,0.0016852451,0.99296784,0.00073738396,0.0019694904,0.0011470054,0.0
ERR532240,0.0002327886,0.0012625495,0.001689874,0.9929717,0.0007345364,0.0019690655,0.0011394625,0.0
ERR3569062,0.007879335,0.007841948,0.9407302,0.006737949,0.009433328,6.168039e-05,0.027315583,0.0
ERR1593521,0.007879335,0.007841948,0.9407302,0.006737949,0.009433328,6.168039e-05,0.027315583,0.0
SRR8605667,0.0050000935,0.0036334568,0.009096714,0.0050869165,0.00084149075,0.00088847405,0.97545284,0.0
ERR986326,0.0077010584,0.0036532667,0.0007280993,0.009293598,0.0012566516,0.9723391,0.005028276,0.0
ERR2198620,0.00023326375,0.001259541,0.0016898683,0.9929574,0.00073762744,0.001978994,0.0011433553,0.0
ERR561559,0.000234004,0.0012570836,0.0016827347,0.9929621,0.0007396692,0.0019727487,0.0011516375,0.0
SRR7453853,0.00023759191,0.001243372,0.0016683784,0.99292135,0.00075477373,0.0019871406,0.0011874242,0.0
ERR1533296,0.0077003893,0.0036612954,0.00072642474,0.009284922,0.0012577557,0.9723394,0.0050298804,0.0
SRR6263998,0.00023246263,0.0012641029,0.0016920542,0.9929739,0.0007331422,0.001968362,0.0011358989,0.0
SRR1294489,0.0002331155,0.0012603467,0.0016914185,0.9929599,0.0007366176,0.0019770348,0.0011415133,0.0
SRR1618317,0.0002362575,0.0012459513,0.001674445,0.9929301,0.00075059274,0.0019884834,0.001174149,0.0
SRR1461349,0.00024107877,0.0012313013,0.0016819,0.99279964,0.00078031595,0.0020708682,0.0011948941,0.0
SRR6754361,0.0018980558,0.98295534,0.003079863,0.0033205585,0.0017705733,0.0011426249,0.0058330595,0.0
SRR1631662,0.0002323735,0.001264163,0.0016921443,0.9929743,0.0007330533,0.0019682439,0.0011356913,0.0
ERR1689393,0.0050000935,0.0036334568,0.009096714,0.0050869165,0.00084149075,0.00088847405,0.97545284,0.0
ERR418277,0.007696748,0.0036548614,0.00072715885,0.009295021,0.0012554452,0.97234356,0.0050272867,0.0
ERR539581,0.007879335,0.007841948,0.9407302,0.006737949,0.009433328,6.168039e-05,0.027315583,0.0
ERR500058,0.0002324922,0.0012638045,0.0016916068,0.9929739,0.0007333499,0.0019683011,0.0011365227,0.0
ERR2211166,0.0050000935,0.0036334568,0.009096714,0.0050869165,0.00084149075,0.00088847405,0.97545284,0.0
SRR5431406,0.0002323735,0.001264163,0.0016921443,0.9929743,0.0007330533,0.0019682439,0.0011356913,0.0
ERR2287445,0.0076967487,0.0036548618,0.0007271589,0.009294905,0.0012554453,0.9723436,0.005027229,0.0
SRR2006049,0.0018980558,0.98295534,0.003079863,0.0033205585,0.0017705733,0.0011426249,0.0058330595,0.0
ERR466712,0.004669097,0.004405021,0.00081676897,0.015258117,0.0011321913,0.96780354,0.0059151677,0.0
SRR5180218,0.0018980558,0.98295534,0.003079863,0.0033205585,0.0017705733,0.0011426249,0.0058330595,0.0
SRR1948910,0.00023246267,0.0012640437,0.0016921142,0.99297416,0.0007331126,0.0019682434,0.0011358397,0.0
SRR1783730,0.007879335,0.007841948,0.9407302,0.006737949,0.009433328,6.168039e-05,0.027315583,0.0
SRR7062458,0.0018980558,0.98295534,0.0030798924,0.00332047,0.0017706323,0.0011426249,0.0058330004,0.0
SRR6412103,0.0002324329,0.0012640435,0.0016920544,0.99297404,0.00073314225,0.0019683326,0.0011358396,0.0
SRR3501980,0.00023477485,0.001252787,0.0016793258,0.992949,0.000744004,0.0019800446,0.0011600727,0.0
ERR2538304,0.0077269417,0.0036400133,0.0007253435,0.009396488,0.0012689336,0.9721705,0.005071869,0.0
SRR6932212,0.00023246267,0.0012641627,0.0016921142,0.9929741,0.0007330829,0.0019682434,0.0011357802,0.0
ERR2198076,0.00023044345,0.0012504688,0.0017273888,0.99277836,0.0007485917,0.0021258385,0.0011389505,0.0
SRR6670467,0.007696748,0.0036548614,0.00072715885,0.009295021,0.0012554452,0.97234356,0.0050272867,0.0
ERR1311028,0.00023252206,0.0012640728,0.0016920241,0.9929738,0.0007332015,0.0019683319,0.0011360176,0.0
ERR1897351,0.0018980558,0.98295534,0.003079863,0.0033205585,0.0017705733,0.0011426249,0.0058330595,0.0
ERR2168918,0.0018980558,0.98295534,0.003079863,0.0033205585,0.0017705733,0.0011426249,0.0058330595,0.0
ERR561606,0.00023302574,0.0012614146,0.0016883509,0.99297035,0.00073557487,0.0019694453,0.0011418677,0.0
ERR1522354,0.007696748,0.0036548614,0.00072715885,0.009295021,0.0012554452,0.97234356,0.0050272867,0.0
ERR2003229,0.0002324627,0.0012640439,0.0016921143,0.9929742,0.0007331127,0.0019682436,0.00113581,0.0
DRR068169,0.000234036,0.0012553408,0.0016903062,0.9929368,0.00074199645,0.0019928159,0.0011487039,0.0
SRR5868859,0.0002323735,0.001264163,0.0016921443,0.9929743,0.0007330533,0.0019682439,0.0011356913,0.0
SRR3586845,0.0018980558,0.98295534,0.003079863,0.0033205585,0.0017705733,0.0011426249,0.0058330595,0.0
ERR1691478,0.0050000935,0.0036334568,0.009096714,0.0050869165,0.00084149075,0.00088847405,0.97545284,0.0
ERR675638,0.0075555667,0.003685461,0.0007260732,0.009539739,0.0012576014,0.97209597,0.0051395404,0.0
SRR2010327,0.00023305781,0.0012626171,0.0016976186,0.9929577,0.00073528476,0.0019778234,0.0011358706,0.0
ERR441399,0.00023246265,0.0012641328,0.0016921734,0.992974,0.000733053,0.0019683028,0.0011358396,0.0
ERR2806330,0.00023424123,0.0012560982,0.0016812423,0.9929584,0.0007410649,0.0019746462,0.0011542813,0.0
SRR3236542,0.0018980558,0.98295534,0.003079863,0.0033205585,0.0017705733,0.0011426249,0.0058330595,0.0
ERR522638,0.00022726732,0.0012244473,0.0018026106,0.9924304,0.00077383925,0.0024274173,0.0011139668,0.0
SRR6145505,0.0018980558,0.98295534,0.003079863,0.0033205585,0.0017705733,0.0011426249,0.0058330595,0.0
SRR1949118,0.00023264051,0.0012632669,0.0016910386,0.9929729,0.000733884,0.0019686844,0.001137651,0.0
SRR2086826,0.000232522,0.0012638643,0.0016918452,0.99297357,0.00073335005,0.001968599,0.0011362553,0.0
SRR5869400,0.0002323735,0.001264163,0.0016921443,0.9929743,0.0007330533,0.0019682439,0.0011356913,0.0
ERR1523561,0.003754139,0.35452384,0.0005028546,0.0031055808,0.0019240379,0.48765972,0.0076797307,0.14085007
ERR923729,0.0050000935,0.0036334568,0.009096714,0.0050869165,0.00084149075,0.00088847405,0.97545284,0.0
ERR531874,0.00023855479,0.0012387299,0.0016896937,0.99283993,0.0007668555,0.0020508275,0.0011754029,0.0
DRR041954,0.00024338822,0.0012207482,0.0016869721,0.9927824,0.0007841187,0.0020674465,0.0012149186,0.0
SRR5196423,0.00023246267,0.0012641627,0.0016921142,0.9929741,0.0007330829,0.0019682434,0.0011357802,0.0
ERR2200227,0.80078757,0.027201843,0.04467237,0.0058606556,0.00073785667,0.045500074,0.07523963,0.0
SRR6295072,0.0050000935,0.0036334568,0.009096714,0.0050869165,0.00084149075,0.00088847405,0.97545284,0.0
ERR923637,0.0050000935,0.0036334568,0.009096714,0.0050869165,0.00084149075,0.00088847405,0.97545284,0.0
SRR6264189,0.0002423181,0.001218134,0.0016993497,0.9926121,0.00079551246,0.002210636,0.0012219114,0.0
DRR048051,0.00023676256,0.0012438066,0.0016753628,0.99291813,0.0007531191,0.0019955873,0.0011772393,0.0
SRR5644028,0.00026975293,0.0012010371,0.0017318268,0.9921655,0.00095151266,0.002396065,0.0012843012,0.0
SRR3362218,0.00024909928,0.0011974669,0.0016379704,0.9927462,0.00081102987,0.0020689277,0.0012892731,0.0
SRR935231,0.00023477577,0.0012528216,0.0016820392,0.9929431,0.0007441556,0.0019847224,0.0011583223,0.0
SRR6235199,0.0018980558,0.98295534,0.003079863,0.0033205585,0.0017705733,0.0011426249,0.0058330595,0.0
SRR2061303,0.0018980558,0.98295534,0.003079863,0.0033205585,0.0017705733,0.0011426249,0.0058330595,0.0
SRR1929505,0.0018980558,0.98295534,0.003079863,0.0033205585,0.0017705733,0.0011426249,0.0058330595,0.0
SRR5190109,0.0018980558,0.98295534,0.003079863,0.0033205585,0.0017705733,0.0011426249,0.0058330595,0.0
SRR3581191,0.00023967055,0.0012316651,0.0016652612,0.9928707,0.0007683853,0.0020212573,0.0012031116,0.0
ERR1328400,0.00023750478,0.0012399623,0.0016731818,0.9929002,0.00075808197,0.002006908,0.0011841033,0.0
SRR5688135,0.0002365327,0.0012506011,0.0016787812,0.9928901,0.00075820147,0.0020184699,0.001167315,0.0
SRR1618127,0.00023240305,0.0012633885,0.0016927378,0.99296874,0.00073373684,0.001972615,0.0011363744,0.0
ERR2836013,0.003761224,0.0036964896,0.0010933531,0.023042375,0.0013945175,0.96263987,0.00437218,0.0
ERR1523110,0.007652997,0.0038880715,0.00070943864,0.009070849,0.0013108166,0.9723343,0.005033502,0.0
SRR1922842,0.00023634655,0.001245742,0.001674741,0.9929284,0.00075097877,0.001989017,0.0011748321,0.0
ERR2187957,0.0025429153,0.037591342,0.078646705,0.035610422,0.8053833,0.0066043963,0.03362083,0.0
ERR1135294,0.0036059343,0.0037466222,0.0009505884,0.030972453,0.0016028325,0.9527026,0.0064189364,0.0
SRR6264925,0.0004748404,0.003130287,0.0023257136,0.929252,0.004103005,0.047518313,0.0014445782,0.0117512345
ERR1315713,0.006046093,0.017240658,0.0004364517,0.0048793233,0.0034855437,0.96469283,0.0032191959,0.0
SRR1702931,0.0002773403,0.001220321,0.0019169291,0.99214184,0.00088181894,0.0023142728,0.0012475107,0.0
ERR522575,0.00023296633,0.0012614449,0.0016887679,0.9929692,0.0007356346,0.0019703384,0.0011417194,0.0
SRR1823072,0.00024814755,0.0012003513,0.0016265798,0.9927754,0.0008075799,0.0020543844,0.001287548,0.0
DRR060272,0.00023252223,0.0012637763,0.0016925012,0.9929718,0.00073341024,0.001970118,0.0011358995,0.0
SRR1461596,0.0034259015,0.0015989715,0.002123147,0.06307891,0.0032316002,0.92462623,0.0019151941,0.0
SRR7453490,0.00023246273,0.0012641035,0.0016920848,0.9929743,0.0007330533,0.0019682439,0.001135721,0.0
SRR3191008,0.00023732333,0.0012419395,0.0016637915,0.9929334,0.00075426523,0.001982493,0.0011868249,0.0
ERR441935,0.00023252217,0.0012640734,0.0016921439,0.9929741,0.0007330829,0.0019682434,0.0011357802,0.0
ERR309035,0.009245122,0.005095354,0.00082156016,0.00775956,0.0017338777,0.965669,0.009675626,0.0
ERR1385119,0.00023614526,0.0012475336,0.001684963,0.9928982,0.0007535887,0.0020151618,0.0011644261,0.0
SRR6353019,0.0018980558,0.98295534,0.003079863,0.0033205585,0.0017705733,0.0011426249,0.0058330595,0.0
ERR1896695,0.0018980558,0.98295534,0.003079863,0.0033205585,0.0017705733,0.0011426249,0.0058330595,0.0
SRR6145447,0.0018980558,0.98295534,0.003079863,0.0033205585,0.0017705733,0.0011426249,0.0058330595,0.0
ERR441709,0.0002325222,0.0012641033,0.0016920846,0.9929742,0.00073308294,0.0019682436,0.0011357209,0.0
ERR1689429,0.0050000935,0.0036334568,0.009096714,0.0050869165,0.00084149075,0.00088847405,0.97545284,0.0
SRR5180222,0.0018980558,0.98295534,0.003079863,0.0033205585,0.0017705733,0.0011426249,0.0058330595,0.0
ERR499234,0.00023243295,0.001264133,0.0016920548,0.9929742,0.0007330532,0.0019682436,0.0011358695,0.0
ERR1522427,0.007696748,0.0036548614,0.00072715885,0.009295021,0.0012554452,0.97234356,0.0050272867,0.0
SRR5801310,0.007879335,0.007841948,0.9407302,0.006737949,0.009433328,6.168039e-05,0.027315583,0.0
ERR1689943,0.0050000935,0.0036334568,0.009096714,0.0050869165,0.00084149075,0.00088847405,0.97545284,0.0
SRR7449416,0.00023255192,0.0012641032,0.0016921142,0.99297416,0.00073305314,0.0019682434,0.0011357504,0.0
SRR5467737,0.00023493431,0.0012531714,0.0017028127,0.9929027,0.00074647716,0.002018329,0.0011416237,0.0
SRR2922868,0.0050000935,0.0036334568,0.009096714,0.0050869165,0.00084149075,0.00088847405,0.97545284,0.0
ERR1298009,0.0050000935,0.0036334568,0.009096714,0.0050869165,0.00084149075,0.00088847405,0.97545284,0.0
SRR6028615,0.0002406712,0.0012288447,0.0016411861,0.9929194,0.00076695357,0.0019807192,0.001222242,0.0
SRR4414329,0.007879335,0.007841948,0.9407302,0.006737949,0.009433328,6.168039e-05,0.027315583,0.0
ERR675627,0.007696748,0.0036548614,0.00072715885,0.009295021,0.0012554452,0.97234356,0.0050272867,0.0
ERR1315275,0.00023258114,0.001263327,0.0016911287,0.99297255,0.0007339141,0.0019690124,0.0011374434,0.0
SRR1715625,0.00023264035,0.0012629387,0.001690859,0.99297184,0.0007341809,0.001969367,0.0011382154,0.0
SRR5983300,0.00023527838,0.0012512289,0.0016750869,0.9929523,0.00074512756,0.0019758625,0.0011650891,0.0
ERR2570184,0.800612,0.027505489,0.044666257,0.0058331783,0.0007395268,0.04540007,0.075243525,0.0
SRR2849187,0.007879335,0.007841948,0.9407302,0.006737949,0.009433328,6.168039e-05,0.027315583,0.0
SRR3361656,0.00023575225,0.001249939,0.0016702241,0.99295807,0.0007461026,0.0019698371,0.0011701057,0.0
SRR8610631,0.005002227,0.0036350652,0.009096363,0.005086441,0.0008423453,0.0008891505,0.97544837,0.0
SRR5181244,0.0018980558,0.98295534,0.003079863,0.0033205585,0.0017705733,0.0011426249,0.0058330595,0.0
SRR1747682,0.0018980558,0.98295534,0.003079863,0.0033205585,0.0017705733,0.0011426249,0.0058330595,0.0
ERR209293,0.0007008612,0.0022304356,0.0032999516,0.5384873,0.0024861693,0.3797087,0.00061002374,0.072476506
SRR5590766,0.0018980558,0.98295534,0.003079863,0.0033205585,0.0017705733,0.0011426249,0.0058330595,0.0
SRR5240843,0.0018980558,0.98295534,0.003079863,0.0033205585,0.0017705733,0.0011426249,0.0058330595,0.0
ERR525869,0.00023246263,0.0012640137,0.0016919352,0.99297404,0.0007332612,0.0019683025,0.001136018,0.0
SRR7453830,0.00023237347,0.0012641628,0.0016921441,0.9929742,0.0007330532,0.0019682436,0.00113581,0.0
ERR1582293,0.0018980558,0.98295534,0.003079863,0.0033205585,0.0017705733,0.0011426249,0.0058330595,0.0
SRR7449490,0.0002323735,0.001264163,0.0016921443,0.9929743,0.0007330533,0.0019682439,0.0011356913,0.0
SRR5155776,0.00023613738,0.0012483246,0.0016674172,0.9929564,0.00074767414,0.0019696755,0.0011743514,0.0
SRR3633283,0.0018980558,0.98295534,0.003079863,0.0033205585,0.0017705733,0.0011426249,0.0058330595,0.0
SRR7902295,0.0050000935,0.0036334568,0.009096714,0.0050869165,0.00084149075,0.00088847405,0.97545284,0.0
SRR6264848,0.00023237347,0.0012641033,0.0016921441,0.9929742,0.00073308294,0.0019682436,0.0011357804,0.0
DRR044129,0.00023269984,0.0012629982,0.0016907697,0.9929724,0.0007341214,0.001968921,0.0011381559,0.0
SRR5177337,0.0018980558,0.98295534,0.003079863,0.0033205585,0.0017705733,0.0011426249,0.0058330595,0.0
ERR2495422,0.0050000935,0.0036334568,0.009096714,0.0050869165,0.00084149075,0.00088847405,0.97545284,0.0
ERR1311564,0.00023320405,0.0012604322,0.0016881117,0.99296176,0.0007373888,0.001975393,0.0011437112,0.0
SRR1797641,0.007879335,0.007841948,0.9407302,0.006737949,0.009433328,6.168039e-05,0.027315583,0.0
DRR060023,0.0018980558,0.98295534,0.003079863,0.0033205585,0.0017705733,0.0011426249,0.0058330595,0.0
SRR1923907,0.000182099,0.006133761,0.022153905,0.96786386,0.0031120568,0.00039006383,0.00016424208,0.0
SRR5870298,0.0002323735,0.001264163,0.0016921443,0.9929743,0.0007330533,0.0019682439,0.0011356913,0.0
ERR1263433,0.0077000433,0.003654415,0.00072727463,0.009295033,0.0012566143,0.9723345,0.0050321394,0.0
SRR1632330,0.0002323735,0.001264163,0.0016921443,0.9929743,0.0007330533,0.0019682439,0.0011356913,0.0
ERR498760,0.0002323735,0.001264163,0.0016921443,0.9929743,0.0007330533,0.0019682439,0.0011356913,0.0
ERR1513357,0.007697264,0.0036551782,0.0007270699,0.009294803,0.001255707,0.97234184,0.005028217,0.0
ERR209182,0.00023907085,0.0012463989,0.0016938425,0.99280685,0.00077453366,0.0020747436,0.0011645668,0.0
ERR923579,0.016476333,0.0013165318,0.0076409364,0.045518912,0.012441666,0.001003097,0.91560245,0.0
SRR5915133,0.0018980558,0.98295534,0.003079863,0.0033205585,0.0017705733,0.0011426249,0.0058330595,0.0
SRR943300,0.007879335,0.007841948,0.9407302,0.006737949,0.009433328,6.168039e-05,0.027315583,0.0
SRR3381555,0.00023246265,0.0012641328,0.0016921436,0.99297386,0.00073314225,0.0019684217,0.0011357801,0.0
ERR1263590,0.0076693385,0.0036313431,0.00072275446,0.009608856,0.0012758607,0.97193265,0.005159143,0.0
SRR5586600,0.0050000935,0.0036334568,0.009096714,0.0050869165,0.00084149075,0.00088847405,0.97545284,0.0
ERR1691260,0.0050000935,0.0036334568,0.009096714,0.0050869165,0.00084149075,0.00088847405,0.97545284,0.0
ERR1256598,0.007696748,0.0036548614,0.00072715885,0.009295021,0.0012554452,0.97234356,0.0050272867,0.0
ERR532145,0.0002470564,0.0012059575,0.001655251,0.99276257,0.00080068037,0.002063978,0.0012644278,0.0
SRR873609,0.0076968074,0.0036549496,0.0007271589,0.009294817,0.0012554453,0.9723435,0.005027346,0.0
ERR1522249,0.007696748,0.0036548614,0.00072715885,0.009295021,0.0012554452,0.97234356,0.0050272867,0.0
ERR543458,0.007879335,0.007841948,0.9407302,0.006737949,0.009433328,6.168039e-05,0.027315583,0.0
ERR1313320,0.00024602434,0.0012094214,0.0016618243,0.9927538,0.00080008473,0.0020803215,0.0012485022,0.0
ERR1678171,0.0050000935,0.0036334568,0.009096714,0.0050869165,0.00084149075,0.00088847405,0.97545284,0.0
ERR2531856,0.00023433001,0.0012554711,0.0016814473,0.9929583,0.000741123,0.001974226,0.0011550525,0.0
ERR1313371,0.0002336185,0.0012581609,0.0016851526,0.9929617,0.00073869136,0.0019740376,0.0011486689,0.0
SRR5566258,0.007696748,0.0036548614,0.00072715885,0.009295021,0.0012554452,0.97234356,0.0050272867,0.0
SRR7902273,0.0050000935,0.0036334568,0.009096714,0.0050869165,0.00084149075,0.00088847405,0.97545284,0.0
ERR1359984,0.007724191,0.0036226248,0.0007278286,0.009408791,0.0012622413,0.97222984,0.0050245975,0.0
SRR980709,0.007879335,0.007841948,0.9407302,0.006737949,0.009433328,6.168039e-05,0.027315583,0.0
ERR1382883,0.00024046896,0.001228429,0.0016561574,0.9928719,0.0007717016,0.0020168757,0.0012145393,0.0
SRR6757692,0.0002324627,0.0012641033,0.0016921143,0.99297416,0.0007330532,0.0019682436,0.0011357804,0.0
SRR6457134,0.0018980558,0.98295534,0.003079863,0.0033205585,0.0017705733,0.0011426249,0.0058330595,0.0
SRR5869217,0.00023246265,0.001264103,0.0016920544,0.992974,0.0007331125,0.0019683326,0.0011359288,0.0
SRR6265695,0.00023252217,0.0012639842,0.0016919357,0.99297416,0.0007331721,0.0019683328,0.0011359289,0.0
SRR1123542,0.58979845,0.013669699,0.019511491,0.01679799,0.0010103881,0.17109331,0.03418213,0.15393645
ERR561242,0.00024069447,0.0012096288,0.0016595813,0.99274784,0.0007885249,0.0021138168,0.0012399349,0.0
ERR1522014,0.007696748,0.0036548614,0.00072715885,0.009295021,0.0012554452,0.97234356,0.0050272867,0.0
SRR6414200,0.0002324627,0.001264014,0.0016919953,0.9929743,0.0007331424,0.0019682436,0.0011358398,0.0
ERR2592283,0.79845744,0.030572377,0.044224408,0.0055518784,0.00074684573,0.044387806,0.07605916,0.0
SRR5181142,0.0018980558,0.98295534,0.003079863,0.0033205585,0.0017705733,0.0011426249,0.0058330595,0.0
ERR498794,0.0002325222,0.0012641033,0.0016921143,0.9929742,0.0007330532,0.0019682436,0.0011357804,0.0
SRR5916496,0.0018984935,0.9829536,0.0030800917,0.0033209634,0.0017706576,0.0011427401,0.0058335173,0.0
DRR043916,0.00023246273,0.0012641035,0.0016920848,0.9929743,0.0007330533,0.0019682439,0.0011357805,0.0
SRR996536,0.0002323735,0.001264163,0.0016921443,0.9929743,0.0007330533,0.0019682439,0.0011356913,0.0
SRR5868654,0.0002323735,0.001264163,0.0016921443,0.9929743,0.0007330533,0.0019682439,0.0011356913,0.0
SRR5180307,0.0018980558,0.98295534,0.003079863,0.0033205585,0.0017705733,0.0011426249,0.0058330595,0.0
ERR1829041,0.0076967496,0.0036548914,0.00072715903,0.009294964,0.0012554454,0.97234356,0.0050273174,0.0
DRR047713,0.00023516173,0.0012516577,0.0016843244,0.9929351,0.00074564054,0.0019873932,0.0011607578,0.0
SRR7449151,0.0002325515,0.0012634465,0.0016913972,0.9929732,0.000733617,0.0019686266,0.0011371167,0.0
SRR1119080,0.007879335,0.007841948,0.9407302,0.006737949,0.009433328,6.168039e-05,0.027315583,0.0
ERR494361,0.0002323735,0.001264163,0.0016921443,0.9929743,0.0007330533,0.0019682439,0.0011356913,0.0
ERR441052,0.0002325222,0.0012641033,0.0016920846,0.9929742,0.00073308294,0.0019682436,0.0011357804,0.0
SRR2153705,0.0018980558,0.98295534,0.003079863,0.0033205585,0.0017705733,0.0011426249,0.0058330595,0.0
SRR996064,0.0002323735,0.001264163,0.0016921443,0.9929743,0.0007330533,0.0019682439,0.0011356913,0.0
ERR1428605,0.0050000935,0.0036334568,0.009096714,0.0050869165,0.00084149075,0.00088847405,0.97545284,0.0
ERR499119,0.00023267031,0.0012632671,0.0016908308,0.99297374,0.0007337652,0.0019682385,0.0011375621,0.0
SRR6411698,0.0002324627,0.0012641033,0.0016921143,0.9929742,0.00073308294,0.0019682436,0.0011357804,0.0
SRR1703170,0.00023243295,0.0012641033,0.0016921143,0.9929741,0.0007331127,0.001968333,0.0011357209,0.0
ERR658205,0.0002323735,0.001264163,0.0016921443,0.9929743,0.0007330533,0.0019682439,0.0011356913,0.0
ERR361316,0.0018980558,0.98295534,0.003079863,0.0033205585,0.0017705733,0.0011426249,0.0058330595,0.0
ERR2538317,0.0076969247,0.0036550083,0.00072721747,0.009294612,0.0012554745,0.9723433,0.005027463,0.0
ERR368877,0.00023934279,0.0012436842,0.0017334654,0.9928234,0.0007590492,0.0020654397,0.0011356438,0.0
ERR1314632,0.00023255161,0.0012636851,0.0016916062,0.992973,0.00073349837,0.0019688953,0.0011367305,0.0
ERR1971252,0.00023943055,0.0012329335,0.0016589414,0.9928898,0.0007661778,0.0020076474,0.0012050347,0.0
SRR6265647,0.00023269987,0.0012632066,0.0016905617,0.9929734,0.00073391333,0.0019682369,0.0011380371,0.0
ERR1383673,0.00024977105,0.0012141127,0.0016995557,0.9926,0.00082965515,0.0021823214,0.0012245533,0.0
SRR2098404,0.0018980558,0.98295534,0.003079863,0.0033205585,0.0017705733,0.0011426249,0.0058330595,0.0
SRR5165957,0.0002403155,0.0012306949,0.0016423244,0.9929264,0.0007649647,0.0019768924,0.0012184115,0.0
SRR1623168,0.00023246267,0.0012641032,0.0016920547,0.99297416,0.0007331126,0.0019682434,0.0011358397,0.0
SRR1067966,0.0018980558,0.98295534,0.003079863,0.0033205585,0.0017705733,0.0011426249,0.0058330595,0.0
SRR5915093,0.0018980558,0.98295534,0.003079863,0.0033205585,0.0017705733,0.0011426249,0.0058330595,0.0
SRR5570801,0.0018980558,0.98295534,0.003079863,0.0033204993,0.0017705733,0.0011426249,0.0058330595,0.0
ERR1548632,0.0025429153,0.037591342,0.078646705,0.035610422,0.8053833,0.0066043963,0.03362083,0.0
ERR443723,0.00023255155,0.0012635658,0.0016913381,0.9929738,0.0007334982,0.0019683298,0.0011369683,0.0
SRR7454188,0.00023438898,0.001255617,0.0016793018,0.9929638,0.00074088335,0.00196973,0.0011563288,0.0
ERR2271655,0.0018980558,0.98295534,0.003079863,0.0033205585,0.0017705733,0.0011426249,0.0058330595,0.0
ERR1256458,0.0076966602,0.0036548614,0.00072715885,0.0092949625,0.0012555037,0.97234344,0.0050273747,0.0
SRR6932506,0.00023261104,0.0012631493,0.0016918437,0.99297065,0.00073394435,0.00197065,0.0011372062,0.0
SRR3884340,0.0018980558,0.98295534,0.003079863,0.0033205585,0.0017705733,0.0011426249,0.0058330595,0.0
SRR5566438,0.007696748,0.0036548614,0.00072715885,0.009295021,0.0012554452,0.97234356,0.0050272867,0.0
ERR1690343,0.0050000935,0.0036334568,0.009096714,0.0050869165,0.00084149075,0.00088847405,0.97545284,0.0
ERR209898,0.00023264038,0.0012631471,0.0016907699,0.9929727,0.0007339728,0.0019687724,0.0011380074,0.0
SRR3419379,0.00023320352,0.001260697,0.0016868586,0.9929707,0.0007361676,0.0019686066,0.0011437978,0.0
DRR050820,0.00023311497,0.0012603141,0.0016898381,0.99296236,0.0007367052,0.0019750076,0.0011426412,0.0
SRR5156227,0.00023252208,0.0012640135,0.0016919648,0.992974,0.0007331421,0.0019683617,0.0011359582,0.0
SRR5165972,0.00023394448,0.0012575296,0.0016822884,0.99296576,0.0007391634,0.0019699226,0.00115134,0.0
DRR041943,0.00023664285,0.0012444273,0.0016725914,0.9929266,0.00075222447,0.001989543,0.0011779793,0.0
SRR8610235,0.0050000935,0.0036334568,0.009096714,0.0050869165,0.00084149075,0.00088847405,0.97545284,0.0
ERR1523505,0.003754139,0.35452384,0.0005028546,0.0031055808,0.0019240379,0.48765972,0.0076797307,0.14085007
ERR1691003,0.0050000935,0.0036334568,0.009096714,0.0050869165,0.00084149075,0.00088847405,0.97545284,0.0
SRR7403151,0.0018980558,0.98295534,0.003079863,0.0033205585,0.0017705733,0.0011426249,0.0058330595,0.0
DRR029145,0.00023269984,0.0012626711,0.0016913052,0.9929697,0.00073444867,0.0019708544,0.0011383344,0.0
ERR2043605,0.007879335,0.007841948,0.9407302,0.006737949,0.009433328,6.168039e-05,0.027315583,0.0
SRR6408843,0.0002324922,0.0012638938,0.0016916961,0.9929736,0.00073340937,0.00196845,0.0011364038,0.0
SRR5595880,0.0018980558,0.98295534,0.003079863,0.0033205585,0.0017705733,0.0011426249,0.0058330595,0.0
SRR2897323,0.0076967496,0.0036554479,0.0007271004,0.009294145,0.0012555919,0.97234374,0.0050271708,0.0
SRR7584655,0.007696748,0.0036548614,0.00072715885,0.009295021,0.0012554452,0.97234356,0.0050272867,0.0
ERR1456935,0.007697684,0.0036547438,0.0007272759,0.009294786,0.0012555328,0.9723425,0.005027491,0.0
ERR1725568,0.0050000935,0.0036334568,0.009096714,0.0050869165,0.00084149075,0.00088847405,0.97545284,0.0
SRR6419776,0.0018980558,0.98295534,0.003079863,0.0033205585,0.0017705733,0.0011426249,0.0058330595,0.0
SRR5915192,0.0018980558,0.98295534,0.003079863,0.0033205585,0.0017705733,0.0011426249,0.0058330595,0.0
ERR2836161,0.007700407,0.0036577752,0.0007267751,0.009290209,0.0012567287,0.97233677,0.005031308,0.0
SRR955681,0.007879335,0.007841948,0.9407302,0.006737949,0.009433328,6.168039e-05,0.027315583,0.0
SRR6331624,0.0018980558,0.98295534,0.003079863,0.0033205585,0.0017705733,0.0011426249,0.0058330595,0.0
ERR1512118,0.007696748,0.0036548614,0.00072715885,0.009295021,0.0012554452,0.97234356,0.0050272867,0.0
ERR2442776,0.0076967487,0.0036548618,0.00072712963,0.009294905,0.0012554453,0.9723436,0.0050272876,0.0
SRR5306417,0.0018980558,0.98295534,0.003079863,0.0033205585,0.0017705733,0.0011426249,0.0058330595,0.0
ERR1844409,0.007879335,0.007841948,0.9407302,0.006737949,0.009433328,6.168039e-05,0.027315583,0.0
SRR5431367,0.0004298389,0.0012854636,0.002735585,0.9880527,0.0018749535,0.0036466718,0.0011433661,0.0008313656
ERR1135220,0.007557827,0.003682572,0.0007292558,0.009462135,0.0012496298,0.97225195,0.0050665354,0.0
ERR574411,0.8076578,0.014456543,0.04697968,0.007827153,0.000690736,0.051799353,0.07058873,0.0
SRR1618195,0.00023243295,0.0012640439,0.0016920548,0.9929743,0.0007331127,0.0019682436,0.0011358398,0.0
ERR1384391,0.00023471528,0.0012541547,0.0016781355,0.99295944,0.0007422488,0.0019723997,0.0011588528,0.0
ERR719002,0.0002579724,0.0011855012,0.0016621286,0.9925048,0.0008684932,0.0022060892,0.0013150228,0.0
SRR1184145,0.0018980558,0.98295534,0.003079863,0.0033205585,0.0017705733,0.0011426249,0.0058330595,0.0
SRR7406700,0.0018980558,0.98295534,0.003079863,0.0033205585,0.0017705733,0.0011426249,0.0058330595,0.0
SRR1503466,0.0018980558,0.98295534,0.003079863,0.0033205585,0.0017705733,0.0011426249,0.0058330595,0.0
ERR1311344,0.00023865672,0.0012366488,0.0016550118,0.99292606,0.0007595435,0.0019832838,0.0012006896,0.0
DRR048035,0.00023622754,0.0012468423,0.0016732536,0.9929366,0.0007496402,0.001983633,0.0011738504,0.0
ERR756486,0.0076976707,0.0036538,0.00072718674,0.009298694,0.0012557942,0.9723393,0.0050275996,0.0
ERR309248,0.007698467,0.0036557063,0.00072721654,0.009293546,0.0012557366,0.9723389,0.0050303857,0.0
SRR2145406,0.00023581219,0.0012489896,0.0016726068,0.9929448,0.0007477697,0.0019797457,0.0011702268,0.0
ERR1582897,0.0018980558,0.98295534,0.003079863,0.0033205585,0.0017705733,0.0011426249,0.0058330595,0.0
SRR6028445,0.00024357642,0.0012160976,0.0016308319,0.9928715,0.0007822402,0.0020038695,0.001251846,0.0
ERR1529632,0.00023258141,0.0012637746,0.0016915174,0.9929733,0.00073349854,0.0019686876,0.0011366119,0.0
ERR441046,0.0002324627,0.0012640735,0.0016920846,0.9929742,0.0007331424,0.0019682436,0.0011357209,0.0
SRR4826823,0.0018981143,0.98295516,0.0030798917,0.0033205575,0.0017705729,0.0011426246,0.005833058,0.0
SRR6412039,0.0002324627,0.0012641033,0.0016919953,0.9929742,0.0007330532,0.0019683032,0.0011357804,0.0
SRR907928,0.0018980558,0.98295534,0.003079863,0.0033204993,0.0017705733,0.0011426249,0.0058330595,0.0
ERR2013527,0.0025429153,0.037591342,0.078646705,0.035610422,0.8053833,0.0066043963,0.03362083,0.0
SRR3037327,0.00023246265,0.0012640138,0.0016919652,0.9929741,0.000733172,0.0019682432,0.0011359883,0.0
ERR561288,0.00025032854,0.0011989123,0.0016462441,0.9926781,0.00082587305,0.0021164466,0.00128409,0.0
ERR308559,0.007713269,0.0036576309,0.0007279764,0.009282863,0.0012577253,0.9723132,0.005047332,0.0
ERR924254,0.0050000935,0.0036334568,0.009096714,0.0050869165,0.00084149075,0.00088847405,0.97545284,0.0
ERR908131,0.007696748,0.0036548614,0.00072715885,0.009295021,0.0012554452,0.97234356,0.0050272867,0.0
SRR027088,0.00060495734,0.88868934,0.0032500923,0.009824336,0.0011290312,0.001730442,0.0036175847,0.09115422
SRR3191010,0.00023569376,0.0012486356,0.0016743657,0.99294025,0.0007480392,0.0019835278,0.0011695158,0.0
SRR6843876,0.0012142956,0.3338362,0.10271329,0.0001257956,0.005829543,0.00019776821,0.24784416,0.30823898
SRR1783743,0.007879335,0.007841948,0.9407302,0.006737949,0.009433328,6.168039e-05,0.027315583,0.0
ERR1582492,0.0018980558,0.98295534,0.003079863,0.0033204993,0.0017705733,0.0011426249,0.0058330595,0.0
SRR6931241,0.00023246265,0.001263984,0.001691995,0.99297386,0.00073320174,0.0019684515,0.0011359883,0.0
SRR062174,0.0018980558,0.98295534,0.003079863,0.0033205585,0.0017705733,0.0011426249,0.0058330595,0.0
SRR3095038,0.0002337371,0.0012578614,0.001684317,0.9929623,0.0007389281,0.0019733503,0.0011495296,0.0
ERR1690148,0.0050000935,0.0036334568,0.009096714,0.0050869165,0.00084149075,0.00088847405,0.97545284,0.0
ERR1522686,0.0016576349,0.09215129,0.00034211806,0.0066019413,0.0043795407,0.8896479,0.005219463,0.0
SRR997114,0.00023252217,0.0012641032,0.0016921439,0.9929741,0.00073314237,0.0019682434,0.0011357208,0.0
SRR3296456,0.0040917993,0.015098572,0.00027900934,0.050978392,0.011885643,0.9051714,0.0026884973,0.009806633
SRR1503405,0.007879335,0.007841948,0.9407302,0.006737949,0.009433328,6.168039e-05,0.027315583,0.0
ERR441388,0.0002324627,0.0012641033,0.0016920548,0.9929743,0.0007331127,0.0019682436,0.0011357804,0.0
SRR2048142,0.0018980558,0.98295534,0.003079863,0.0033205585,0.0017705733,0.0011426249,0.0058330595,0.0
SRR1426200,0.007696748,0.0036548614,0.00072715885,0.009295021,0.0012554452,0.97234356,0.0050272867,0.0
ERR2260441,0.8067807,0.016870787,0.046421,0.0072996737,0.0007020672,0.05021287,0.071712874,0.0
SRR6079904,0.0023577204,0.93590033,0.00022476261,0.017529096,0.00040556805,0.005593577,0.03798888,0.0
SRR2168049,0.0018980558,0.98295534,0.003079863,0.0033205585,0.0017705733,0.0011426249,0.0058330595,0.0
SRR6414013,0.00023255186,0.0012641029,0.0016921137,0.9929739,0.0007331422,0.001968243,0.0011358692,0.0
SRR5586868,0.0050001238,0.0036334274,0.0090967445,0.005086917,0.0008414019,0.0008884149,0.97545296,0.0
ERR1689703,0.0050000935,0.0036334568,0.009096714,0.0050869165,0.00084149075,0.00088847405,0.97545284,0.0
SRR976654,0.0050000935,0.0036334568,0.009096714,0.0050869165,0.00084149075,0.00088847405,0.97545284,0.0
SRR6670646,0.007696748,0.0036548614,0.00072715885,0.009295021,0.0012554452,0.97234356,0.0050272867,0.0
ERR1328441,0.00023908266,0.0012342293,0.001680152,0.9928525,0.00076736667,0.0020374376,0.0011891967,0.0
ERR1466995,0.00023243285,0.001263954,0.0016919648,0.99297374,0.0007332611,0.00196857,0.0011360772,0.0
ERR1522266,0.0076965378,0.0036604085,0.0007266632,0.009287172,0.0012568843,0.97234696,0.0050252527,0.0
ERR2730242,0.00023596,0.0012487172,0.0016704291,0.9929504,0.00074755866,0.0019749494,0.0011719476,0.0
SRR6414066,0.0002323735,0.0012641035,0.0016920848,0.9929743,0.0007330533,0.0019682439,0.0011358103,0.0
ERR756453,0.007696836,0.0036547733,0.0007271295,0.009295578,0.0012554744,0.97234315,0.005027228,0.0
SRR1660157,0.00023501384,0.0012514539,0.0016845088,0.9929339,0.0007454945,0.0019904044,0.0011591557,0.0
SRR7901933,0.0012142956,0.3338362,0.10271329,0.0001257956,0.005829543,0.00019776821,0.24784416,0.30823898
DRR070619,0.0018980558,0.98295534,0.003079863,0.0033205585,0.0017705733,0.0011426249,0.0058330595,0.0
DRR048144,0.00023252214,0.001264103,0.0016921139,0.992974,0.0007331125,0.0019683028,0.0011357801,0.0
ERR1691300,0.0050000935,0.0036334568,0.009096714,0.0050869165,0.00084149075,0.00088847405,0.97545284,0.0
ERR2495564,0.0050000935,0.0036334568,0.009096714,0.0050869165,0.00084149075,0.00088847405,0.97545284,0.0
SRR6764870,0.0050000935,0.0036334568,0.009096714,0.0050869165,0.00084149075,0.00088847405,0.97545284,0.0
SRR2549676,0.0018980558,0.98295534,0.003079863,0.0033205585,0.0017705733,0.0011426249,0.0058330595,0.0
ERR1971154,0.00023394509,0.0012568786,0.0016845831,0.9929566,0.00074005773,0.0019771557,0.0011508373,0.0
SRR1151494,0.007879335,0.007841948,0.9407302,0.006737949,0.009433328,6.168039e-05,0.027315583,0.0
ERR1382822,0.0002404697,0.0012283734,0.0016585122,0.9928682,0.00077167427,0.002019767,0.0012130261,0.0
ERR2013541,0.0025416086,0.037581023,0.07862632,0.035634853,0.80540377,0.006606141,0.033606216,0.0
SRR1632321,0.0002323735,0.001264163,0.0016921443,0.9929743,0.0007330533,0.0019682439,0.0011356913,0.0
DRR048255,0.0002461983,0.0012094588,0.001661556,0.9927699,0.0007964714,0.0020633012,0.0012532081,0.0
SRR4266025,0.004003167,0.0019347966,0.018050998,0.014053971,0.0018879473,0.00071305037,0.9393133,0.020042777
ERR1383011,0.0002515062,0.0011920745,0.0016467901,0.9926928,0.0008218486,0.0020945168,0.001300326,0.0
SRR4436285,0.0018980558,0.98295534,0.003079863,0.0033205585,0.0017705733,0.0011426249,0.0058330595,0.0
SRR5947875,0.0002391619,0.0012341182,0.001656466,0.9929086,0.00076284347,0.0019946715,0.001204197,0.0
SRR2167970,0.0018980558,0.98295534,0.003079863,0.0033205585,0.0017705733,0.0011426249,0.0058330595,0.0
ERR1135272,0.00019052625,0.0018648505,0.0026673675,0.97150624,0.00085785985,0.014315546,0.0011046231,0.007493019
SRR2984203,0.0018980558,0.98295534,0.003079863,0.0033205585,0.0017705733,0.0011426249,0.0058330595,0.0
SRR5180349,0.0018980558,0.98295534,0.003079863,0.0033205585,0.0017705733,0.0011426249,0.0058330595,0.0
SRR907927,0.0018982304,0.9829544,0.0030799182,0.0033207608,0.0017706892,0.0011427415,0.0058332295,0.0
ERR1190106,0.0009417534,0.14653698,0.0002117753,0.024463296,0.0020247102,0.6366637,0.0017801225,0.18737769
SRR7453851,0.00023246273,0.0012641333,0.0016919955,0.99297434,0.0007330533,0.0019682439,0.0011357805,0.0
SRR3589586,0.0018980558,0.98295534,0.003079863,0.0033205585,0.0017705733,0.0011426249,0.0058330595,0.0
ERR451103,0.0002323735,0.001264163,0.0016921443,0.9929743,0.0007330533,0.0019682439,0.0011356913,0.0
SRR1949374,0.00023584126,0.0012495512,0.0016704604,0.99295545,0.0007465778,0.001971263,0.0011708481,0.0
ERR675631,0.0076967487,0.003654979,0.00072712963,0.009294817,0.0012554453,0.9723435,0.005027375,0.0
SRR6078451,0.0018980558,0.98295534,0.003079863,0.0033205585,0.0017705733,0.0011426249,0.0058330595,0.0
ERR833530,0.0018980558,0.98295534,0.003079863,0.0033205585,0.0017705733,0.0011426249,0.0058330595,0.0
ERR1897490,0.0018980558,0.98295534,0.003079863,0.0033205585,0.0017705733,0.0011426249,0.0058330595,0.0
SRR5915796,0.0018980558,0.98295534,0.003079863,0.0033205585,0.0017705733,0.0011426249,0.0058330595,0.0
ERR1135728,0.0077394093,0.0036453707,0.0007301871,0.009315824,0.0012719039,0.97221243,0.0050849207,0.0
ERR2263522,0.0076982044,0.0036550038,0.00072715804,0.009294514,0.0012557367,0.9723409,0.005028424,0.0
SRR5467893,0.00023308536,0.0012614451,0.0016891848,0.9929683,0.000735605,0.0019707254,0.0011416603,0.0
ERR1135202,0.007696747,0.0036548902,0.00072715874,0.00929502,0.0012555035,0.9723433,0.0050272862,0.0
SRR5902434,0.00013378264,0.29740694,0.009685607,0.44307587,0.008751155,0.0013201536,9.612871e-05,0.2395304
ERR924437,0.0050000935,0.0036334568,0.009096714,0.0050869165,0.00084149075,0.00088847405,0.97545284,0.0
SRR2061300,0.0018980558,0.98295534,0.003079863,0.0033205585,0.0017705733,0.0011426249,0.0058330595,0.0
SRR996438,0.0002323735,0.001264163,0.0016921443,0.9929743,0.0007330533,0.0019682439,0.0011356913,0.0
SRR2000212,0.0047446205,0.0034719463,0.010060186,0.0043517263,0.0009036187,0.0012130776,0.9752548,0.0
SRR996117,0.0002323735,0.001264163,0.0016921443,0.9929743,0.0007330533,0.0019682439,0.0011356913,0.0
SRR2145509,0.0002323735,0.001264163,0.0016921443,0.9929743,0.0007330533,0.0019682439,0.0011356913,0.0
SRR7448746,0.0002324626,0.001264073,0.0016920243,0.9929739,0.00073320157,0.0019682427,0.0011360475,0.0
ERR1523174,0.007696748,0.0036548614,0.00072715885,0.009295021,0.0012554452,0.97234356,0.0050272867,0.0
ERR2059967,0.007981101,0.0035963624,0.0007349627,0.009426311,0.0012958337,0.97172165,0.0052437764,0.0
SRR6414291,0.0002323735,0.001264163,0.0016921443,0.9929743,0.0007330533,0.0019682439,0.0011356913,0.0
ERR2442749,0.002643516,0.00040316943,0.0027363836,0.26401988,0.0075775464,0.7216233,0.0009962944,0.0
SRR1747469,0.0018980558,0.98295534,0.003079863,0.0033205585,0.0017705733,0.0011426249,0.0058330595,0.0
SRR7535348,0.0018980558,0.98295534,0.003079863,0.0033205585,0.0017705733,0.0011426249,0.0058330595,0.0
ERR1593561,0.007879335,0.007841948,0.9407302,0.006737949,0.009433328,6.168039e-05,0.027315583,0.0
ERR466710,0.0075501646,0.003664078,0.000727239,0.009715861,0.0012650972,0.9718942,0.005183372,0.0
ERR441150,0.00023246267,0.0012641627,0.0016920547,0.99297416,0.00073314237,0.0019682434,0.0011357504,0.0
ERR499016,0.00023252208,0.0012641028,0.0016921135,0.9929738,0.0007331718,0.0019683617,0.0011358988,0.0
SRR6414264,0.0002328181,0.0012622507,0.0016893664,0.9929717,0.0007348628,0.0019687957,0.0011401454,0.0
ERR2261976,0.007879335,0.007841948,0.9407302,0.006737949,0.009433328,6.168039e-05,0.027315583,0.0
SRR6409192,0.0002324627,0.0012640735,0.0016921143,0.99297416,0.00073308294,0.0019683032,0.0011357804,0.0
ERR1310675,0.00025700234,0.0011865947,0.0017043767,0.992508,0.000852798,0.0022088934,0.0012823646,0.0
ERR1689301,0.0050000935,0.0036334568,0.009096714,0.0050869165,0.00084149075,0.00088847405,0.97545284,0.0
SRR1299242,0.00023459825,0.0012530051,0.0016841281,0.9929384,0.00074442633,0.001988746,0.001156691,0.0
ERR924285,0.0050000935,0.0036334568,0.009096714,0.0050869165,0.00084149075,0.00088847405,0.97545284,0.0
SRR1647968,0.0018980558,0.98295534,0.003079863,0.0033205585,0.0017705733,0.0011426249,0.0058330595,0.0
ERR499115,0.0002325515,0.001263625,0.0016913972,0.9929735,0.000733498,0.0019684185,0.001136968,0.0
ERR1428911,0.0050000944,0.0036334572,0.0090967445,0.005086917,0.0008414019,0.0008883852,0.97545296,0.0
ERR1523385,0.008872798,0.6866413,0.000361612,0.00079385017,0.0022885236,0.29166985,0.009371992,0.0
SRR7081335,0.0018980558,0.98295534,0.003079863,0.0033205585,0.0017705733,0.0011426249,0.0058330595,0.0
SRR4415456,0.007879335,0.007841948,0.9407302,0.006737949,0.009433328,6.168039e-05,0.027315583,0.0
SRR995691,0.00023252217,0.0012640734,0.0016921439,0.9929741,0.0007330829,0.0019682434,0.0011357802,0.0
SRR994504,0.00023246267,0.0012641627,0.0016920844,0.9929741,0.0007331126,0.0019682434,0.0011357802,0.0
SRR5196368,0.0002323735,0.001264163,0.0016921443,0.9929743,0.0007330533,0.0019682439,0.0011356913,0.0
SRR6511745,0.0018980558,0.98295534,0.003079863,0.0033205585,0.0017705733,0.0011426249,0.0058330595,0.0
SRR3381576,0.0002323735,0.001264163,0.0016921443,0.9929743,0.0007330533,0.0019682439,0.0011356913,0.0
ERR1310566,0.00023536875,0.0012510563,0.0016765227,0.99293774,0.0007475999,0.0019866393,0.0011650351,0.0
SRR995346,0.0002323735,0.001264163,0.0016921443,0.9929743,0.0007330533,0.0019682439,0.0011356913,0.0
SRR5180604,0.0018980558,0.98295534,0.003079863,0.0033205585,0.0017705733,0.0011426249,0.0058330595,0.0
ERR338525,0.00021257612,0.0013515959,0.001956004,0.99029756,0.000826096,0.00409049,0.0012657198,0.0
SRR6931639,0.0002323735,0.001264163,0.0016921443,0.9929743,0.0007330533,0.0019682439,0.0011356913,0.0
SRR7651509,0.0018980558,0.98295534,0.003079863,0.0033205585,0.0017705733,0.0011426249,0.0058330595,0.0
ERR1315409,0.000235286,0.0012582893,0.0016781454,0.9929121,0.00075333164,0.0020043035,0.0011585827,0.0
ERR1677367,0.00024685267,0.005646885,0.003926069,0.73061,0.000900358,0.09244499,0.0012753905,0.16494943
SRR3884376,0.0018980558,0.98295534,0.003079863,0.0033205585,0.0017705733,0.0011426249,0.0058330595,0.0
SRR2163495,0.00023750777,0.0012427145,0.0016863499,0.99289066,0.00075609866,0.0020101755,0.0011765335,0.0
SRR2010500,0.00023252217,0.0012641032,0.0016920844,0.9929741,0.0007331126,0.001968303,0.0011357802,0.0
ERR1582723,0.0018980558,0.98295534,0.003079863,0.0033205585,0.0017705733,0.0011426249,0.0058330595,0.0
ERR1383848,0.00024290687,0.0012198582,0.0016609393,0.99280864,0.00078588567,0.002053986,0.001227859,0.0
SRR2712919,0.0018980558,0.98295534,0.003079863,0.0033205585,0.0017705733,0.0011426249,0.0058330595,0.0
SRR6412029,0.00023246267,0.0012641032,0.0016921142,0.99297404,0.00073314237,0.0019683328,0.0011357802,0.0
ERR330044,0.0018980558,0.98295534,0.003079863,0.0033205585,0.0017705733,0.0011426249,0.0058330595,0.0
ERR521449,0.00023272936,0.0012629078,0.0016901137,0.99297297,0.00073420996,0.001968324,0.0011386903,0.0
ERR1896878,0.0018980558,0.98295534,0.003079863,0.0033205585,0.0017705733,0.0011426249,0.0058330595,0.0
SRR6028276,0.00023382605,0.0012577409,0.0016836309,0.9929629,0.0007391057,0.0019725745,0.0011501827,0.0
ERR1428824,0.005000329,0.0036335741,0.0090966225,0.0050868257,0.0008415201,0.00088847376,0.9754526,0.0
ERR2696428,0.0025429153,0.037591342,0.078646705,0.035610422,0.8053833,0.0066043963,0.03362083,0.0
ERR1383794,0.00023249234,0.001263954,0.0016918755,0.99297404,0.0007332611,0.0019682725,0.001136107,0.0
SRR1503397,0.007879335,0.007841948,0.9407302,0.006737949,0.009433328,6.168039e-05,0.027315583,0.0
SRR7454173,0.00023252214,0.0012640733,0.0016921436,0.992974,0.00073314225,0.0019682432,0.0011357801,0.0
SRR5155857,0.00023587316,0.0012478671,0.0016764246,0.9929258,0.00075042166,0.0019939165,0.0011696691,0.0
SRR7454102,0.00023246265,0.0012640733,0.0016919652,0.99297416,0.0007331125,0.0019682432,0.0011359883,0.0
ERR1226657,0.0050000935,0.0036334568,0.009096714,0.0050869165,0.00084149075,0.00088847405,0.97545284,0.0
ERR1716697,0.0018980558,0.98295534,0.003079863,0.0033205585,0.0017705733,0.0011426249,0.0058330595,0.0
SRR2761247,0.00025029632,0.001192506,0.0016814106,0.99252164,0.0008304746,0.0022479082,0.0012757796,0.0
ERR1385316,0.00027486568,0.001168878,0.0016872328,0.9921464,0.00096595567,0.0023754972,0.0013811094,0.0
ERR1201832,0.0076967487,0.003654891,0.0007271589,0.009294905,0.0012554453,0.9723435,0.005027229,0.0
ERR500168,0.00023252214,0.001264103,0.0016920544,0.99297404,0.00073308276,0.0019682432,0.0011358991,0.0
SRR3926154,0.00023246267,0.0012641032,0.0016920547,0.992974,0.00073314237,0.0019683624,0.0011358397,0.0
ERR209335,0.0009171665,0.0031827688,0.0021327436,0.46766824,0.0048882663,0.4046319,0.0007891357,0.11578977
SRR6670876,0.0077071018,0.0036554725,0.0007264142,0.00930072,0.0012587626,0.9723135,0.005037979,0.0
DRR050906,0.00023243295,0.0012641033,0.0016921143,0.99297416,0.0007331127,0.001968333,0.0011357804,0.0
ERR1690299,0.0050000935,0.0036334568,0.009096714,0.0050869165,0.00084149075,0.00088847405,0.97545284,0.0
SRR6663515,0.0018980558,0.98295534,0.003079863,0.0033205585,0.0017705733,0.0011426249,0.0058330595,0.0
DRR043838,0.00023344049,0.0012594721,0.0016854237,0.9929677,0.0007373542,0.0019697582,0.0011467377,0.0
SRR7637192,0.0018980558,0.98295534,0.0030798924,0.00332047,0.0017706323,0.0011426249,0.0058330595,0.0
DRR047401,0.00023424276,0.0012563444,0.0016883326,0.9929473,0.00074101024,0.0019816195,0.0011511656,0.0
SRR6419768,0.0018980558,0.98295534,0.003079863,0.0033205585,0.0017705733,0.0011426249,0.0058330595,0.0
ERR1896815,0.003754139,0.35452384,0.0005028546,0.0031055808,0.0019240379,0.48765972,0.0076797307,0.14085007
ERR368917,0.00023246265,0.0012641625,0.0016921139,0.99297404,0.00073314225,0.0019682432,0.0011357801,0.0
ERR1844998,0.007879335,0.007841948,0.9407302,0.006737949,0.009433328,6.168039e-05,0.027315583,0.0
ERR719188,0.0002334713,0.0012586451,0.0016887926,0.9929555,0.0007385475,0.0019796726,0.0011453152,0.0
SRR3099508,0.0018980558,0.98295534,0.003079863,0.0033205585,0.0017705733,0.0011426249,0.0058330595,0.0
SRR5178558,0.0018980558,0.98295534,0.003079863,0.0033205585,0.0017705733,0.0011426249,0.0058330595,0.0
SRR6038336,0.00025219278,0.0011982949,0.0017109194,0.9925907,0.00082778366,0.0021719395,0.0012480852,0.0
ERR1624729,0.00023406312,0.0012561893,0.0016828511,0.99295855,0.0007404414,0.0019749466,0.001153004,0.0
ERR579622,0.00023444925,0.0012539257,0.0016833527,0.9929465,0.0007429382,0.0019828244,0.0011559757,0.0
SRR996082,0.00023645983,0.0012254027,0.0017184909,0.9928095,0.00078392576,0.0020022485,0.0012240045,0.0
ERR1521878,0.007696748,0.0036548614,0.00072715885,0.009295021,0.0012554452,0.97234356,0.0050272867,0.0
SRR3933904,0.00023311467,0.001261175,0.0016874861,0.99297154,0.0007357226,0.0019682231,0.0011426992,0.0
ERR1249590,0.0050000935,0.0036334568,0.009096714,0.0050869165,0.00084149075,0.00088847405,0.97545284,0.0
SRR1980873,0.0018980558,0.98295534,0.003079863,0.0033205585,0.0017705733,0.0011426249,0.0058330595,0.0
ERR500975,0.0002323735,0.001264163,0.0016921443,0.9929743,0.0007330533,0.0019682439,0.0011356913,0.0
SRR1503982,0.0018980558,0.98295534,0.003079863,0.0033205585,0.0017705733,0.0011426249,0.0058330595,0.0
ERR1897361,0.0018980558,0.98295534,0.003079863,0.0033205585,0.0017705733,0.0011426249,0.0058330595,0.0
ERR1844695,0.007879335,0.007841948,0.9407302,0.006737949,0.009433328,6.168039e-05,0.027315583,0.0
ERR2002380,0.00023435966,0.0012551136,0.001680911,0.9929578,0.00074139034,0.0019747901,0.0011557064,0.0
ERR1897141,0.0018980558,0.98295534,0.003079863,0.0033205585,0.0017705733,0.0011426249,0.0058330595,0.0
DRR050934,0.00023278872,0.0012623122,0.0016903804,0.99297005,0.0007347152,0.001970405,0.0011392845,0.0
ERR924442,0.009113918,0.0007507115,0.0081845205,0.047163453,0.002660034,0.00035674506,0.93177056,0.0
SRR7449148,0.00023249228,0.0012638348,0.0016917859,0.992974,0.0007332907,0.001968391,0.001136196,0.0
ERR2210990,0.0050000935,0.0036334568,0.009096714,0.0050869165,0.00084149075,0.00088847405,0.97545284,0.0
ERR695299,0.007697215,0.0036548898,0.00072712934,0.009294785,0.0012554448,0.9723427,0.0050276956,0.0
ERR1366654,0.0076972186,0.00365495,0.00072715903,0.009294291,0.0012555625,0.9723433,0.0050276397,0.0
ERR1582242,0.0018980558,0.98295534,0.003079863,0.0033205585,0.0017705733,0.0011426249,0.0058330595,0.0
ERR866649,0.0002326404,0.0012629688,0.0016908891,0.9929716,0.00073415134,0.0019696946,0.0011381562,0.0
SRR5180074,0.0018980558,0.98295534,0.003079863,0.0033205585,0.0017705733,0.0011426249,0.0058330595,0.0
ERR1315280,0.00010056405,0.0050259233,0.0037949085,0.8477212,0.0005618036,0.059887677,0.0012052059,0.08170271
SRR6239874,0.00023252206,0.0012639241,0.0016920539,0.9929732,0.000733261,0.0019688078,0.0011361366,0.0
ERR1523100,0.0076967487,0.0036548618,0.00072712963,0.009294905,0.0012554453,0.9723436,0.0050272876,0.0
ERR499577,0.0002324627,0.0012641628,0.0016920846,0.9929742,0.00073308294,0.0019682436,0.0011357804,0.0
SRR5180825,0.0018980558,0.98295534,0.003079863,0.0033205585,0.0017705733,0.0011426249,0.0058330595,0.0
SRR995394,0.0002323735,0.001264163,0.0016921443,0.9929743,0.0007330533,0.0019682439,0.0011356913,0.0
SRR5525170,0.0002323735,0.001264163,0.0016921443,0.9929743,0.0007330533,0.0019682439,0.0011356913,0.0
SRR1503390,0.007879335,0.007841948,0.9407302,0.006737949,0.009433328,6.168039e-05,0.027315583,0.0
SRR5156170,0.0002580583,0.0020641983,0.0028960407,0.93875694,0.0015203357,0.041840732,0.0012964904,0.011367202
SRR3624637,0.0018980558,0.98295534,0.003079863,0.0033205585,0.0017705733,0.0011426249,0.0058330595,0.0
SRR2046673,0.00023252208,0.001263954,0.001691935,0.9929739,0.0007331718,0.001968332,0.0011360772,0.0
SRR7448535,0.00023252211,0.0012640434,0.0016920245,0.99297404,0.00073317194,0.001968243,0.0011359287,0.0
ERR2001862,0.00021693317,0.0011908569,0.0019314281,0.9917976,0.0008044642,0.002957079,0.001101591,0.0
ERR1905558,0.0050000935,0.0036334568,0.009096714,0.0050869165,0.00084149075,0.00088847405,0.97545284,0.0
ERR1548864,0.0025429153,0.037591342,0.078646705,0.035610422,0.8053833,0.0066043963,0.03362083,0.0
SRR1704741,0.00023237347,0.0012641033,0.0016921441,0.9929742,0.0007330532,0.0019682436,0.00113581,0.0
ERR1855250,0.0018980558,0.98295534,0.003079863,0.0033205585,0.0017705733,0.0011426249,0.0058330595,0.0
SRR6309306,0.00028053284,0.0011679849,0.0016054366,0.9920828,0.001015586,0.0023731699,0.0014745966,0.0
ERR1811275,0.00023715073,0.0012424759,0.0016761468,0.99289757,0.0007573178,0.0020110966,0.0011782284,0.0
SRR6264201,0.00023278866,0.0012626391,0.0016898743,0.9929724,0.0007344771,0.00196859,0.0011392545,0.0
ERR1897279,0.0018980558,0.98295534,0.003079863,0.0033205585,0.0017705733,0.0011426249,0.0058330595,0.0
ERR1533580,0.0077059786,0.0036757342,0.0007242807,0.009267185,0.0012634274,0.9723278,0.005035463,0.0
SRR6413841,0.00023350069,0.0012587621,0.001689266,0.9929569,0.00073830836,0.0019775874,0.0011457299,0.0
ERR833552,0.0018980558,0.98295534,0.003079863,0.0033205585,0.0017705733,0.0011426249,0.0058330595,0.0
ERR1263640,0.007696748,0.0036548614,0.00072715885,0.009295021,0.0012554452,0.97234356,0.0050272867,0.0
ERR2002212,0.00017660858,0.001936406,0.0031299593,0.93968815,0.0010857285,0.04160804,0.0013662876,0.01100886
ERR1314404,0.0018980558,0.98295534,0.003079863,0.0033205585,0.0017705733,0.0011426249,0.0058330595,0.0
SRR6411628,0.00023261127,0.0012630018,0.0016924106,0.99296826,0.0007342425,0.001972615,0.0011368503,0.0
ERR695432,0.007696748,0.0036548614,0.00072715885,0.009295021,0.0012554452,0.97234356,0.0050272867,0.0
SRR2006422,0.0002323735,0.001264163,0.0016921443,0.9929743,0.0007330533,0.0019682439,0.0011356913,0.0
SRR575317,0.007879335,0.007841948,0.9407302,0.006737949,0.009433328,6.168039e-05,0.027315583,0.0
ERR1256372,0.007696748,0.0036548614,0.00072715885,0.009295021,0.0012554452,0.97234356,0.0050272867,0.0
ERR2596267,0.007734883,0.0036132224,0.00073023594,0.009404764,0.0012653264,0.97222066,0.005030934,0.0
SRR2549694,0.0018980558,0.98295534,0.003079863,0.0033205585,0.0017705733,0.0011426249,0.0058330595,0.0
ERR833348,0.0018980558,0.98295534,0.003079863,0.0033205585,0.0017705733,0.0011426249,0.0058330595,0.0
ERR308671,0.00772157,0.003665831,0.00072932366,0.009416129,0.0012677204,0.97204554,0.0051537952,0.0
SRR1824371,0.0018980558,0.98295534,0.003079863,0.0033205585,0.0017705733,0.0011426249,0.0058330595,0.0
SRR1747459,0.0018980558,0.98295534,0.003079863,0.0033205585,0.0017705733,0.0011426249,0.0058330595,0.0
ERR3006056,0.00023255161,0.0012637743,0.0016915764,0.99297374,0.00073340914,0.0019683896,0.0011366116,0.0
ERR1384470,0.00024218542,0.0012230319,0.0016389674,0.99287647,0.00077756296,0.0020064241,0.0012353151,0.0
ERR1533646,0.0076995743,0.0036612102,0.00072642526,0.009285427,0.0012576395,0.97234064,0.0050290935,0.0
ERR1428891,0.0050000944,0.0036334572,0.0090967445,0.005086917,0.0008414019,0.0008883852,0.97545296,0.0
SRR8608225,0.0050000935,0.0036334568,0.009096714,0.0050869165,0.00084149075,0.00088847405,0.97545284,0.0
SRR062215,0.0018980558,0.98295534,0.003079863,0.0033205585,0.0017705733,0.0011426249,0.0058330595,0.0
SRR3944292,0.0018980558,0.98295534,0.003079863,0.0033205585,0.0017705733,0.0011426249,0.0058330595,0.0
SRR7760820,0.0018980558,0.98295534,0.003079863,0.0033205585,0.0017705733,0.0011426249,0.0058330595,0.0
SRR3660087,0.00023255164,0.0012637745,0.0016915767,0.99297386,0.0007334092,0.0019683007,0.0011366118,0.0
ERR2003187,0.00014519409,0.00084338145,0.0039868965,0.96502656,0.0013306574,0.027752286,0.00091493694,0.0
ERR1428500,0.0050000935,0.0036334568,0.009096714,0.0050869165,0.00084149075,0.00088847405,0.97545284,0.0
ERR1582254,0.0018980558,0.98295534,0.003079863,0.0033205585,0.0017705733,0.0011426249,0.0058330595,0.0
ERR107139,0.00024065548,0.0012285,0.0016822683,0.99282944,0.00077312544,0.0020462407,0.0011997379,0.0
ERR543655,0.007879335,0.007841948,0.9407302,0.006737949,0.009433328,6.168039e-05,0.027315583,0.0
SRR8609371,0.0050000935,0.0036334568,0.009096714,0.0050869165,0.00084149075,0.00088847405,0.97545284,0.0
SRR1747583,0.0018980558,0.98295534,0.003079863,0.0033205585,0.0017705733,0.0011426249,0.0058330595,0.0
ERR520880,0.00026074052,0.0019207597,0.0024375618,0.9027227,0.001917839,0.08274555,0.002968818,0.005025983
SRR7081053,0.0018984969,0.9829545,0.0030797431,0.0033204975,0.0017707492,0.0011428896,0.005833115,0.0
SRR5179992,0.0018980558,0.98295534,0.003079863,0.0033205585,0.0017705733,0.0011426249,0.0058330595,0.0
ERR1760006,0.00023249228,0.0012638943,0.0016918157,0.992974,0.0007332312,0.0019683316,0.0011361663,0.0
ERR1511873,0.007870057,0.003635829,0.00070935936,0.009595777,0.001332702,0.9715877,0.005268477,0.0
ERR522517,0.00021338658,0.0014894069,0.002927965,0.9288389,0.0016000287,0.06309002,0.0018403073,0.0
ERR327990,0.0006787777,0.0024086535,0.0037819445,0.47494435,0.0022684932,0.43908042,0.0004620552,0.076375306
SRR3732528,0.00023530891,0.0012509356,0.0016772639,0.99294424,0.0007458141,0.0019821452,0.0011642303,0.0
SRR1582775,0.0018980558,0.98295534,0.003079863,0.0033205585,0.0017705733,0.0011426249,0.0058330595,0.0
SRR5720258,0.0018980558,0.98295534,0.003079863,0.0033205585,0.0017705733,0.0011426249,0.0058330595,0.0
ERR589287,0.0018980558,0.98295534,0.003079863,0.0033205585,0.0017705733,0.0011426249,0.0058330595,0.0
SRR6038515,0.00023788621,0.0012395484,0.0016595225,0.9929297,0.0007567863,0.0019834558,0.0011931787,0.0
ERR2757331,0.0050000935,0.0036334568,0.009096714,0.0050869165,0.00084149075,0.00088847405,0.97545284,0.0
SRR8611079,0.0050000935,0.0036334568,0.009096714,0.0050869165,0.00084149075,0.00088847405,0.97545284,0.0
DRR043889,0.00023370805,0.0012578948,0.0016870883,0.9929581,0.0007388411,0.001976301,0.0011480756,0.0
SRR575334,0.007879335,0.007841948,0.9407302,0.006737949,0.009433328,6.168039e-05,0.027315583,0.0
SRR5002064,0.0018980558,0.98295534,0.003079863,0.0033205585,0.0017705733,0.0011426249,0.0058330595,0.0
ERR500546,0.0002328779,0.0012618954,0.0016902313,0.99296695,0.00073536945,0.001972695,0.0011399981,0.0
SRR2897389,0.007697073,0.0036551848,0.0007271298,0.009294146,0.0012554749,0.9723436,0.0050274353,0.0
SRR5486579,0.0018980558,0.98295534,0.003079863,0.0033205585,0.0017705733,0.0011426249,0.0058330595,0.0
SRR8609543,0.0050000935,0.0036334568,0.009096714,0.0050869165,0.00084149075,0.00088847405,0.97545284,0.0
SRR1704366,0.0002323735,0.001264163,0.0016921443,0.9929743,0.0007330533,0.0019682439,0.0011356913,0.0
ERR1582744,0.0018980558,0.98295534,0.003079863,0.0033205585,0.0017705733,0.0011426249,0.0058330595,0.0
ERR451379,0.00023249228,0.0012638943,0.0016918454,0.992974,0.0007332907,0.0019682422,0.001136196,0.0
ERR532124,0.00023536757,0.0012505742,0.001675384,0.99294746,0.00074598996,0.0019793422,0.0011658919,0.0
SRR5915117,0.0018980558,0.98295534,0.003079863,0.0033205585,0.0017705733,0.0011426249,0.0058330595,0.0
SRR5160336,0.0019195455,0.98288965,0.0030894973,0.0033337115,0.0017777456,0.001145896,0.005843952,0.0
SRR2130163,0.0018980558,0.98295534,0.003079863,0.0033205585,0.0017705733,0.0011426249,0.0058330595,0.0
ERR1328352,0.00023876823,0.0012411962,0.0016942222,0.99282277,0.00076978735,0.0020642283,0.0011690927,0.0
ERR1314985,0.0002332629,0.0012604585,0.0016869173,0.99296916,0.0007364052,0.0019695277,0.0011442137,0.0
ERR501138,0.00017331376,0.0009813996,0.0029382673,0.9830629,0.0010790591,0.01076903,0.0009959313,0.0
ERR561179,0.00024096022,0.001250762,0.0017093598,0.9927451,0.00078692846,0.0021175048,0.0011494099,0.0
ERR1522791,0.0037539,0.3545124,0.0005027651,0.0031059678,0.0019240377,0.48766348,0.0076791337,0.14085828
SRR5002188,0.0018981143,0.98295516,0.0030798917,0.0033205575,0.0017705729,0.0011426246,0.005833058,0.0
ERR522370,0.0002326111,0.0012637149,0.0016914575,0.99297386,0.0007334686,0.0019682706,0.0011367009,0.0
SRR2923060,0.0050000935,0.0036334568,0.009096714,0.0050869165,0.00084149075,0.00088847405,0.97545284,0.0
ERR719727,0.00023483604,0.0012519037,0.0016849895,0.99293333,0.00074531813,0.0019918678,0.0011578206,0.0
SRR1915888,0.007879335,0.007841948,0.9407302,0.006737949,0.009433328,6.168039e-05,0.027315583,0.0
SRR8608387,0.0050000935,0.0036334568,0.009096714,0.0050869165,0.00084149075,0.00088847405,0.97545284,0.0
ERR1462875,0.0002323735,0.001264163,0.0016921443,0.9929743,0.0007330533,0.0019682439,0.0011356913,0.0
ERR923862,0.0050000935,0.0036334568,0.009096714,0.0050869165,0.00084149075,0.00088847405,0.97545284,0.0
ERR2287434,0.0076984717,0.0036555328,0.00072718767,0.009292731,0.001255708,0.9723416,0.0050287484,0.0
ERR1310108,0.00025730676,0.001171782,0.0016000419,0.9926428,0.0008517618,0.0021036828,0.0013725604,0.0
SRR8605147,0.0050000935,0.0036334568,0.009096714,0.0050869165,0.00084149075,0.00088847405,0.97545284,0.0
ERR1383784,0.00024426472,0.0012138289,0.001643887,0.99282056,0.00078945124,0.002038672,0.0012493399,0.0
SRR8609807,0.0050000935,0.0036334568,0.009096714,0.0050869165,0.00084149075,0.00088847405,0.97545284,0.0
SRR1617758,0.0001040475,0.0027785895,0.0041507776,0.90411216,0.00075677026,0.06120219,0.0011349319,0.025760468
ERR444328,0.00054360036,0.0032332067,0.0011248774,0.9437932,0.021621963,0.0269981,0.0026851397,0.0
SRR6412091,0.0002323735,0.001264163,0.0016921443,0.9929743,0.0007330533,0.0019682439,0.0011356913,0.0
SRR1923871,0.0002323735,0.001264163,0.0016921443,0.9929743,0.0007330533,0.0019682439,0.0011356913,0.0
SRR5883625,0.00026272688,0.0011812747,0.0017498272,0.99237716,0.0008751218,0.002278999,0.0012749378,0.0
DRR048231,0.00023706054,0.0012433038,0.001679382,0.99290854,0.00075416185,0.0020006483,0.0011769744,0.0
ERR1383478,0.00023341112,0.0012599203,0.001686051,0.99296844,0.00073687953,0.0019696723,0.00114552,0.0
ERR1594167,0.007879335,0.007841948,0.9407302,0.006737949,0.009433328,6.168039e-05,0.027315583,0.0
SRR1161477,0.0018980558,0.98295534,0.003079863,0.0033205585,0.0017705733,0.0011426249,0.0058330595,0.0
SRR6207139,0.001897997,0.98295546,0.0030798633,0.0033204998,0.0017705736,0.001142625,0.0058330013,0.0
ERR1310438,0.0002473381,0.0012029071,0.001605125,0.99284714,0.0007985181,0.0020052316,0.0012936402,0.0
SRR5869464,0.0002323735,0.001264163,0.0016921443,0.9929743,0.0007330533,0.0019682439,0.0011356913,0.0
SRR8356241,0.00027240367,0.0011526234,0.0016189895,0.9922926,0.0009423068,0.0022757794,0.0014452768,0.0
SRR7651502,0.0018980558,0.98295534,0.003079863,0.0033205585,0.0017705733,0.0011426249,0.0058330595,0.0
ERR1382786,0.00024281017,0.0012306486,0.0016877434,0.9926791,0.0008019309,0.0021643806,0.0011934374,0.0
ERR1385292,0.00024429985,0.0012152535,0.0016526079,0.99279535,0.00079238333,0.002058079,0.0012421104,0.0
ERR499612,0.00023243288,0.0012640137,0.0016919055,0.9929741,0.00073317194,0.0019683025,0.0011359882,0.0
SRR5150225,0.0018980558,0.98295534,0.003079863,0.0033205585,0.0017705733,0.0011426249,0.0058330595,0.0
SRR4054236,0.0018980558,0.98295534,0.003079863,0.0033205585,0.0017705733,0.0011426249,0.0058330595,0.0
SRR2167979,0.0018980558,0.98295534,0.003079863,0.0033205585,0.0017705733,0.0011426249,0.0058330595,0.0
SRR803319,0.0018980558,0.98295534,0.003079863,0.0033205585,0.0017705733,0.0011426249,0.0058330595,0.0
SRR8609644,0.0050000935,0.0036334568,0.009096714,0.0050869165,0.00084149075,0.00088847405,0.97545284,0.0
SRR8605274,0.0050000935,0.0036334568,0.009096714,0.0050869165,0.00084149075,0.00088847405,0.97545284,0.0
ERR308995,0.007696835,0.003654861,0.000727188,0.009294844,0.0012555328,0.9723433,0.0050274036,0.0
ERR499700,0.000271877,0.0011311462,0.0015129215,0.9925645,0.0009014509,0.0020631857,0.0015549248,0.0
ERR1547119,0.0018980558,0.98295534,0.003079863,0.0033205585,0.0017705733,0.0011426249,0.0058330595,0.0
ERR1594135,0.007879335,0.007841948,0.9407302,0.006737949,0.009433328,6.168039e-05,0.027315583,0.0
ERR579842,0.0002324627,0.0012641033,0.0016920548,0.9929743,0.0007331127,0.0019682436,0.0011357506,0.0
SRR8605118,0.0050000935,0.0036334568,0.009096714,0.0050869165,0.00084149075,0.00088847405,0.97545284,0.0
SRR6394166,0.00023269981,0.0012631171,0.0016906803,0.9929725,0.0007340916,0.001968772,0.0011381855,0.0
SRR7535354,0.0018980558,0.98295534,0.003079863,0.0033205585,0.0017705733,0.0011426249,0.0058330595,0.0
DRR047835,0.00023341148,0.0012596843,0.0016882251,0.99296224,0.0007374161,0.001974018,0.0011449864,0.0
ERR1111302,0.00023765734,0.0012384952,0.001681805,0.99284273,0.0007652031,0.002054918,0.0011792445,0.0
SRR6264655,0.00023299619,0.0012616834,0.0016887092,0.9929709,0.00073524826,0.0019691198,0.0011412441,0.0
ERR1383488,0.00023287753,0.0012621017,0.0016893066,0.99297136,0.0007349221,0.0019690928,0.0011403831,0.0
SRR2010521,0.00023249234,0.001263835,0.0016921433,0.99297273,0.0007333801,0.001969284,0.0011361665,0.0
ERR561345,0.0002525868,0.0012006273,0.0016293974,0.99263567,0.0008443352,0.0021346305,0.0013026673,0.0
SRR1302143,0.0018980558,0.98295534,0.003079863,0.0033205585,0.0017705733,0.0011426249,0.0058330595,0.0
ERR833471,0.0018980558,0.98295534,0.0030798335,0.0033204993,0.0017705733,0.0011426249,0.0058330595,0.0
ERR2133867,0.007696748,0.0036548614,0.00072715885,0.009295021,0.0012554452,0.97234356,0.0050272867,0.0
SRR5786129,0.0018980558,0.98295534,0.003079863,0.0033205585,0.0017705733,0.0011426249,0.0058330595,0.0
ERR2262450,0.007801495,0.0036761411,0.00072309223,0.009307452,0.0012840884,0.9720739,0.005133806,0.0
ERR924394,0.0050000935,0.0036334568,0.009096714,0.0050869165,0.00084149075,0.00088847405,0.97545284,0.0
ERR1333511,0.0018980558,0.98295534,0.003079863,0.0033205585,0.0017705733,0.0011426249,0.0058330595,0.0
ERR2043402,0.007879335,0.007841948,0.9407302,0.006737949,0.009433328,6.168039e-05,0.027315583,0.0
SRR1767161,0.007879335,0.007841948,0.9407302,0.006737949,0.009433328,6.168039e-05,0.027315583,0.0
SRR952122,0.007879335,0.007841948,0.9407302,0.006737949,0.009433328,6.168039e-05,0.027315583,0.0
SRR5178559,0.0018980558,0.98295534,0.003079863,0.0033205585,0.0017705733,0.0011426249,0.0058330595,0.0
SRR1617801,0.0002340912,0.0012514212,0.0016859028,0.9929225,0.00074492756,0.002002863,0.0011583201,0.0
ERR1837484,0.005369523,0.0035727224,0.009051558,0.005552757,0.0009994501,0.0009366346,0.97451735,0.0
SRR5165726,0.00024612132,0.0012071425,0.0016070748,0.992885,0.00078927743,0.0019831264,0.0012822933,0.0
ERR1581959,0.007879335,0.007841948,0.9407302,0.006737949,0.009433328,6.168039e-05,0.027315583,0.0
SRR6931496,0.0002323735,0.001264163,0.0016921443,0.9929743,0.0007330533,0.0019682439,0.0011356913,0.0
SRR1617975,0.00025147048,0.001117881,0.0017889844,0.99062383,0.0010156933,0.003732187,0.0014699933,0.0
ERR1385248,0.00023439154,0.0012541435,0.0016861319,0.99293697,0.0007438362,0.0019910492,0.0011535455,0.0
ERR2730256,0.00023412264,0.0012561894,0.0016823753,0.9929579,0.0007407687,0.0019754823,0.0011531827,0.0
SRR6038212,0.0002323735,0.001264163,0.0016921443,0.9929743,0.0007330533,0.0019682439,0.0011356913,0.0
SRR8611013,0.0050000935,0.0036334568,0.009096714,0.0050869165,0.00084149075,0.00088847405,0.97545284,0.0
ERR1309914,0.00023670046,0.0012454584,0.0016644879,0.9929494,0.0007504041,0.001973049,0.001180528,0.0
ERR1109657,0.00023341163,0.0012592389,0.0016888507,0.99296,0.0007377735,0.001975685,0.0011450466,0.0
SRR995585,0.0002323735,0.001264163,0.0016921443,0.9929743,0.0007330533,0.0019682439,0.0011356913,0.0
ERR543859,0.007879335,0.007841948,0.9407302,0.006737949,0.009433328,6.168039e-05,0.027315583,0.0
SRR6318696,0.0018980558,0.98295534,0.003079863,0.0033205585,0.0017705733,0.0011426249,0.0058330595,0.0
SRR1823082,0.00023382594,0.0012576808,0.0016835111,0.99296373,0.00073904585,0.00197183,0.0011503904,0.0
SRR944474,0.007879335,0.007841948,0.9407302,0.006737949,0.009433328,6.168039e-05,0.027315583,0.0
SRR851899,0.0018980558,0.98295534,0.003079863,0.0033205585,0.0017705733,0.0011426249,0.0058330595,0.0
SRR2761300,0.00027627792,0.0012587348,0.0017979037,0.9899926,0.0010592388,0.0040595033,0.0015556882,0.0
SRR5868610,0.0002323735,0.001264163,0.0016921443,0.9929743,0.0007330533,0.0019682439,0.0011356913,0.0
ERR2716319,0.8075383,0.014847688,0.04688301,0.007733329,0.0006927037,0.051522188,0.07078285,0.0
DRR043060,0.00023703452,0.0012445725,0.0016915145,0.99289083,0.0007542035,0.0020124584,0.0011693485,0.0
ERR2231391,0.007697687,0.0036549207,0.00072736404,0.009293881,0.0012555919,0.97234285,0.005027698,0.0
ERR2011876,0.00023243295,0.0012640439,0.0016921143,0.9929743,0.0007331424,0.0019682436,0.0011357804,0.0
SRR1715671,0.00023753235,0.0012410515,0.0016687346,0.99291927,0.000755636,0.0019916608,0.0011861448,0.0
